,t,C_ds,W_dot_gen,m_ch,m_dh,w_dot,v_dot,m_dot_cs,m_dot_hpt,m_dot_e,m_dot_ds,M_cm_max,M_dm_max,V_dot_max,C_desal
0,1.0,30.0,494.0,611271.486756381,36624.45791338198,456.17099427461636,912.4321730649906,2525.237825782802,418.6953591667158,221.90854035835937,1303.4745329499867,1272304.0755097177,6573.538026862609,1077.3533173171984,122454167.64273037
1,2.0,30.0,494.0,1266058.6767597217,50611.714818742745,456.17099427461636,912.4321730649906,2513.1501304364238,416.69116697029136,220.84631849425443,1303.4745329499867,1272304.0755097177,6573.538026862609,1077.3533173171984,122454167.64273037
2,3.0,30.0,494.0,1937047.5165784564,56170.74981415948,456.17099427461636,912.4321730649906,2508.6496721543704,415.94497151195463,220.45083490133598,1303.4745329499867,1272304.0755097177,6573.538026862609,1077.3533173171984,122454167.64273037
3,4.0,30.0,494.0,2618802.3795429636,56129.21738625225,456.17099427461636,912.4321730649906,2505.6591101694335,415.44912339356785,220.18803539859096,1303.4745329499867,1272304.0755097177,6573.538026862609,1077.3533173171984,122454167.64273037
4,5.0,30.0,494.0,3308613.4222523505,51896.79875787161,456.17099427461636,912.4321730649906,2503.421282462522,415.0780818758415,219.99138339419602,1303.4745329499867,1272304.0755097177,6573.538026862609,1077.3533173171984,122454167.64273037
5,6.0,30.0,494.0,4006464.977696399,43481.64402732719,456.17099427461636,912.4321730649906,2501.1878067028942,414.7077619298072,219.79511382279782,1303.4745329499867,1272304.0755097177,6573.538026862609,1077.3533173171984,122454167.64273037
6,7.0,30.0,494.0,4709668.193623224,32282.514661516063,456.1709942746159,912.4321730649906,2499.7012343465667,414.4612818001716,219.66447935409096,1303.4745329499867,1272304.0755097177,6573.538026862609,1077.3533173171984,122454167.64273037
7,8.0,30.0,494.0,5420885.9119746005,56170.74981415948,456.1709942746159,904.798951148012,2497.4749836730807,414.09215980468525,219.4688446964832,1292.5699302114458,1272304.0755097177,6573.538026862609,1077.3533173171984,122454167.64273037
8,9.0,30.0,494.0,6465372.573762001,54598.666239648126,438.02148668219854,876.0389203786955,2404.900277163077,398.7428728598235,211.33372261570645,1251.484171969565,1272304.0755097177,6573.538026862609,1077.3533173171984,122454167.64273037
9,10.0,30.0,494.0,7514974.740170096,50365.45811202563,438.02148668219854,876.0389203786955,2403.4793036573255,398.5072693034841,211.2088527308466,1251.484171969565,1272304.0755097177,6573.538026862609,1077.3533173171984,122454167.64273037
10,11.0,30.0,494.0,8567132.179868096,44802.97731321491,438.02148668219854,876.0389203786955,2402.769505521243,398.3895817009587,211.1464783015081,1251.484171969565,1272304.0755097177,6573.538026862609,1077.3533173171984,122454167.64273037
11,12.0,30.0,494.0,9624395.216108834,36584.52621907927,438.02148668219854,876.0389203786955,2401.351284259369,398.15443447856427,211.02185027363907,1251.484171969565,1272304.0755097177,6573.538026862609,1077.3533173171984,122454167.64273037
12,13.0,30.0,494.0,10684208.578797774,27039.37583856657,438.02148668219854,876.0389203786955,2400.64286024598,398.0369747115277,210.95959659710968,1251.484171969565,1272304.0755097177,6573.538026862609,1077.3533173171984,122454167.64273037
13,14.0,30.0,494.0,11749117.658709671,14843.394460298121,438.02148668219854,876.0389203786955,2399.227383239603,397.80228249857015,210.8352097242422,1251.484171969565,1272304.0755097177,6573.538026862609,1077.3533173171984,122454167.64273037
14,15.0,30.0,494.0,12819115.885553157,0.0,438.02148668219854,876.0389203786955,2397.8137313141615,397.56789289192943,210.7109832327226,1251.484171969565,1272304.0755097177,6573.538026862609,1077.3533173171984,122454167.64273037
15,16.0,30.0,494.0,12993743.74988648,0.0,487.4214866821985,963.7207459551938,2646.527720900318,438.8057486441025,232.56704678137433,1376.743922793134,1272304.0755097177,6573.538026862609,1077.3533173171984,122454167.64273037
16,17.0,30.0,494.0,12215274.4005659,0.0,536.8214866821985,1060.1279437983408,2911.2769469152904,482.7023159866603,255.83222747293,1514.468491140487,1272304.0755097177,6573.538026862609,1077.3533173171984,122454167.64273037
17,18.0,30.0,494.0,11385961.868728593,0.0,536.8214866821985,1065.2708071764366,2925.400053169937,485.04398811966274,257.07331370342126,1521.815438823481,1272304.0755097177,6573.538026862609,1077.3533173171984,122454167.64273037
18,19.0,30.0,494.0,10485866.748002665,0.0,536.8214866821985,1072.430571105107,2945.0618834167767,488.30400465870827,258.8011224691154,1532.0436730072959,1272304.0755097177,6573.538026862609,1077.3533173171984,122454167.64273037
19,20.0,30.0,494.0,9540192.687373055,12337.875645540655,536.8214866821985,1074.6419171536565,2957.7227000566886,490.4032228457115,259.9137081082271,1535.202738790938,1272304.0755097177,6573.538026862609,1077.3533173171984,122454167.64273037
20,21.0,30.0,494.0,8581418.56440105,31490.503721472807,536.8214866821985,1074.6419171536565,2961.3616062629094,491.006569241616,260.2334816980565,1535.202738790938,1272304.0755097177,6573.538026862609,1077.3533173171984,122454167.64273037
21,22.0,30.0,494.0,7629198.801370865,47233.50372268632,536.8214866821985,1074.6419171536565,2959.5409507235145,490.7046966745244,260.07348923749794,1535.202738790938,1272304.0755097177,6573.538026862609,1077.3533173171984,122454167.64273037
22,23.0,30.0,494.0,6690061.802742656,56170.74981415948,536.8214866821985,1074.6419171536565,2955.9068495007436,490.1021469656689,259.75413789180453,1535.202738790938,1272304.0755097177,6573.538026862609,1077.3533173171984,122454167.64273037
23,24.0,30.0,494.0,5773736.724405291,53241.060834581964,536.8214866821985,1074.6419171536565,2949.570204975509,489.05150388234574,259.19729705764325,1535.202738790938,1272304.0755097177,6573.538026862609,1077.3533173171984,122454167.64273037
24,25.0,30.0,494.0,4902721.486836415,26740.846812658012,536.8214866821985,1074.6419171536565,2936.984138095373,486.96467952898354,258.0912801503613,1535.202738790938,1272304.0755097177,6573.538026862609,1077.3533173171984,122454167.64273037
25,26.0,30.0,494.0,4057411.396033205,23373.81999089693,536.8214866821985,1067.5436836707984,2929.843819549353,485.78078381521493,257.46381542206393,1525.0624052439978,1272304.0755097177,6573.538026862609,1077.3533173171984,122454167.64273037
26,27.0,30.0,494.0,3221706.1094956957,15010.300671444274,536.8214866821985,1067.5436836707984,2927.175818364438,485.3384176733135,257.22936136685615,1525.0624052439978,1272304.0755097177,6573.538026862609,1077.3533173171984,122454167.64273037
27,28.0,30.0,494.0,2398777.9929253645,0.0,536.8214866821985,1067.5436836707984,2923.6266044846666,484.74994265326666,256.91746960623135,1525.0624052439978,1272304.0755097177,6573.538026862609,1077.3533173171984,122454167.64273037
28,29.0,30.0,494.0,1591774.5364169106,0.0,536.8214866821985,1063.014211093566,2919.2030878008118,484.0165044448665,256.5287473557793,1518.5917301336658,1272304.0755097177,6573.538026862609,1077.3533173171984,122454167.64273037
29,30.0,30.0,494.0,797473.5243170232,0.0,536.8214866821986,1061.729339987403,2915.6746310206545,483.43147104175944,256.2186796521325,1516.756199982004,1272304.0755097177,6573.538026862609,1077.3533173171984,122454167.64273037
30,31.0,30.0,494.0,0.0,1650.3650728594512,536.8214866821986,1061.729339987403,2916.555884414303,483.5775866679407,256.29612093400857,1516.7561999820043,1272304.0755097177,6573.538026862609,1077.3533173171984,122454167.64273037
31,32.0,30.0,494.0,108973.12724551439,0.0,487.42148668219926,970.6827243826655,2664.7651478691537,441.82959295572755,234.16968426653563,1386.6896062609508,1272304.0755097177,6573.538026862609,1077.3533173171984,122454167.64273037
32,33.0,30.0,494.0,1127782.6868844535,56170.74981415948,438.0214866821992,867.408424214622,2412.0328055376467,399.9254769294546,211.96050277261094,1239.1548917351743,1272304.0755097177,6573.538026862609,1077.3533173171984,122454167.64273037
33,34.0,30.0,494.0,2950599.1332948944,47209.89737022109,393.5399831301688,798.7464124472327,2188.6975592122294,362.8955266332601,192.33462911562785,1141.0663034960469,1272304.0755097177,6573.538026862609,1077.3533173171984,122454167.64273037
34,35.0,30.0,494.0,4773415.579705335,38249.04492628155,393.5399831301688,798.7464124472327,2188.6975592122294,362.8955266332601,192.33462911562785,1141.0663034960469,1272304.0755097177,6573.538026862609,1077.3533173171984,122454167.64273037
35,36.0,30.0,494.0,6600860.909313906,26880.21210790053,393.5399831301688,798.7464124472327,2187.4117583238603,362.6823352818254,192.22163769936745,1141.0663034960469,1272304.0755097177,6573.538026862609,1077.3533173171984,122454167.64273037
36,37.0,30.0,494.0,8428306.238922477,15511.37928951811,393.5399831301688,798.7464124472327,2187.4117583238603,362.6823352818254,192.22163769936745,1141.0663034960469,1272304.0755097177,6573.538026862609,1077.3533173171984,122454167.64273037
37,38.0,30.0,494.0,10248805.989610914,7755.689644759055,393.5399831301688,798.7464124472327,2189.3410858016746,363.0022261265712,192.39117984708275,1141.0663034960469,1272304.0755097177,6573.538026862609,1077.3533173171984,122454167.64273037
38,39.0,30.0,494.0,12069305.740299353,0.0,393.5399831301688,798.7464124472327,2189.3410858016746,363.0022261265712,192.39117984708275,1141.0663034960469,1272304.0755097177,6573.538026862609,1077.3533173171984,122454167.64273037
39,40.0,30.0,494.0,12993743.74988648,0.0,442.9399831301688,887.8763368196829,2438.2471249964838,404.2719245349296,214.26412000351272,1268.3947668852613,1272304.0755097177,6573.538026862609,1077.3533173171984,122454167.64273037
40,41.0,30.0,494.0,12987192.907432208,0.0,492.33998313016883,982.0472410702874,2696.855139452428,447.15025242567305,236.9896337856067,1402.9246301004107,1272304.0755097177,6573.538026862609,1077.3533173171984,122454167.64273037
41,42.0,30.0,494.0,12095886.74126857,0.0,538.4584859970231,1071.541555305687,2942.6205071494733,487.8992139088379,258.5865833716841,1530.773650436696,1272304.0755097177,6573.538026862609,1077.3533173171984,122454167.64273037
42,43.0,30.0,494.0,11155966.119550927,867.7687622476369,538.4584859970231,1076.2902468285226,2956.124522581142,490.1382381043521,259.77326619530663,1537.5574954693182,1272304.0755097177,6573.538026862609,1077.3533173171984,122454167.64273037
43,44.0,30.0,494.0,10199733.867614424,10220.972079867497,538.4584859970231,1076.2902468285226,2960.655530975272,490.8894989034729,260.17143441884065,1537.5574954693182,1272304.0755097177,6573.538026862609,1077.3533173171984,122454167.64273037
44,45.0,30.0,494.0,9230413.554746438,26382.68460230343,538.4584859970231,1076.2902468285226,2964.291103456237,491.4922925533037,260.49091505325094,1537.5574954693182,1272304.0755097177,6573.538026862609,1077.3533173171984,122454167.64273037
45,46.0,30.0,494.0,8257815.825993231,44249.33388652373,538.4584859970231,1076.2902468285226,2965.2014967576874,491.64323970229765,260.5709170422178,1537.5574954693182,1272304.0755097177,6573.538026862609,1077.3533173171984,122454167.64273037
46,47.0,30.0,494.0,7298314.794942141,55302.9810519116,538.4584859970231,1076.2902468285226,2961.563525173766,491.0400482708149,260.2512255835319,1537.5574954693182,1272304.0755097177,6573.538026862609,1077.3533173171984,122454167.64273037
47,48.0,30.0,494.0,6358394.173224496,56170.74981415948,538.4584859970231,1076.2902468285226,2956.124522581142,490.1382381043521,259.77326619530663,1537.5574954693182,1272304.0755097177,6573.538026862609,1077.3533173171984,122454167.64273037
48,49.0,30.0,494.0,5454170.902874878,38468.483897523955,538.4584859970231,1076.2902468285226,2946.2085916455785,488.49413384528054,258.9018909379987,1537.5574954693182,1272304.0755097177,6573.538026862609,1077.3533173171984,122454167.64273037
49,50.0,30.0,494.0,4572530.3834194355,29547.31017751433,538.4584859970231,1072.298533462215,2939.935605286086,487.4540455613101,258.3506441474944,1531.8550478031643,1272304.0755097177,6573.538026862609,1077.3533173171984,122454167.64273037
50,51.0,30.0,494.0,3697323.096923556,17279.51956358552,538.4584859970231,1072.298533462215,2938.148596130652,487.1577517102798,258.1936084064483,1531.8550478031643,1272304.0755097177,6573.538026862609,1077.3533173171984,122454167.64273037
51,52.0,30.0,494.0,2828540.6374425013,1669.4848923571408,538.4584859970231,1072.298533462215,2936.363921959867,486.8618450098087,258.03677785519864,1531.8550478031643,1272304.0755097177,6573.538026862609,1077.3533173171984,122454167.64273037
52,53.0,30.0,494.0,1962967.4443864487,0.0,538.4584859970231,1069.2632489428095,2935.472459064033,486.7140366039848,257.95843940011196,1527.5189270611565,1272304.0755097177,6573.538026862609,1077.3533173171984,122454167.64273037
53,54.0,30.0,494.0,1094184.9849053891,0.0,538.4584859970231,1069.2632489428095,2936.363921959867,486.8618450098087,258.03677785519864,1527.5189270611565,1272304.0755097177,6573.538026862609,1077.3533173171984,122454167.64273037
54,55.0,30.0,494.0,225402.52542433422,0.0,538.4584859970231,1069.2632489428095,2936.363921959867,486.8618450098087,258.03677785519864,1527.5189270611565,1272304.0755097177,6573.538026862609,1077.3533173171984,122454167.64273037
55,56.0,30.0,494.0,261158.10425856803,0.0,489.0584859970208,977.76788376154,2685.1033557611763,445.20175583528436,235.95693059270073,1396.8112625164858,1272304.0755097177,6573.538026862609,1077.3533173171984,122454167.64273037
56,57.0,30.0,494.0,1200861.1526748603,56170.74981415948,439.65848599702076,875.410165242576,2434.0068364328267,403.56886634175515,213.89149916113024,1250.5859503465372,1272304.0755097177,6573.538026862609,1077.3533173171984,122454167.64273037
57,58.0,30.0,494.0,3011113.090629245,48021.623373730574,392.0578325768,799.8594955152672,2192.187700450023,363.4742071536374,192.64132979142784,1142.6564221646674,1272304.0755097177,6573.538026862609,1077.3533173171984,122454167.64273037
58,59.0,30.0,494.0,4821365.02858363,39872.49693330191,392.0578325768,799.8594955152672,2192.187700450023,363.4742071536374,192.64132979142784,1142.6564221646674,1272304.0755097177,6573.538026862609,1077.3533173171984,122454167.64273037
59,60.0,30.0,494.0,6631616.966538015,31723.370492873248,392.0578325768,799.8594955152672,2192.187700450023,363.4742071536374,192.64132979142784,1142.6564221646674,1272304.0755097177,6573.538026862609,1077.3533173171984,122454167.64273037
60,61.0,30.0,494.0,8444201.035991427,22361.05144422874,392.0578325768,799.8594955152672,2191.539886144738,363.36679673848545,192.5844022713973,1142.6564221646674,1272304.0755097177,6573.538026862609,1077.3533173171984,122454167.64273037
61,62.0,30.0,494.0,10259115.71579564,11786.331100282725,392.0578325768,799.8594955152672,2190.892494380626,363.25945638248857,192.52751188271895,1142.6564221646674,1272304.0755097177,6573.538026862609,1077.3533173171984,122454167.64273037
62,63.0,30.0,494.0,12076359.48629021,0.0,392.0578325768,799.8594955152672,2190.2455247444154,363.1521860171244,192.47065858907592,1142.6564221646674,1272304.0755097177,6573.538026862609,1077.3533173171984,122454167.64273037
63,64.0,30.0,494.0,12993743.74988648,0.0,441.4578325768,888.5898336965323,2440.206498882833,404.5967972042326,214.43630251824328,1269.4140481379034,1272304.0755097177,6573.538026862609,1077.3533173171984,122454167.64273037
64,65.0,30.0,494.0,12993743.74988648,0.0,490.8578325767999,981.3846136326231,2695.0354609929072,446.8485418626528,236.82972718720598,1401.9780194751759,1272304.0755097177,6573.538026862609,1077.3533173171984,122454167.64273037
65,66.0,30.0,494.0,12537917.204093095,0.0,514.6530851108654,1027.4921453228994,2821.6539459355145,467.8424345918481,247.95649033367948,1467.8459218898563,1272304.0755097177,6573.538026862609,1077.3533173171984,122454167.64273037
66,67.0,30.0,494.0,12057366.164922927,0.0,514.6530851108653,1029.9930645265235,2828.5218607624,468.98116459019104,248.56001723280127,1471.4186636093193,1272304.0755097177,6573.538026862609,1077.3533173171984,122454167.64273037
67,68.0,30.0,494.0,11555074.42230839,189.16052356548607,514.653085110867,1032.1553877367282,2834.560945052501,469.9824708988743,249.09070957640338,1474.5076967667546,1272304.0755097177,6573.538026862609,1077.3533173171984,122454167.64273037
68,69.0,30.0,494.0,11027813.210755734,13367.629394243471,514.653085110867,1032.1553877367282,2841.4969086464293,471.13248367726544,249.7002163489507,1474.5076967667546,1272304.0755097177,6573.538026862609,1077.3533173171984,122454167.64273037
69,70.0,30.0,494.0,10491154.435930027,31434.782416247206,514.653085110867,1032.1553877367282,2844.107342888937,471.5653049710021,249.92961163463113,1474.5076967667546,1272304.0755097177,6573.538026862609,1077.3533173171984,122454167.64273037
70,71.0,30.0,494.0,9957630.25035898,47871.298179958016,514.653085110867,1032.1553877367282,2843.2366236515318,471.4209359535113,249.853096055361,1474.5076967667546,1272304.0755097177,6573.538026862609,1077.3533173171984,122454167.64273037
71,72.0,30.0,494.0,9439748.019278497,56170.74981415948,514.653085110867,1032.1553877367282,2838.891636293042,470.70051824708247,249.47127467095373,1474.5076967667546,1272304.0755097177,6573.538026862609,1077.3533173171984,122454167.64273037
72,73.0,30.0,494.0,8962294.64120922,43438.80349657964,514.653085110867,1032.1553877367282,2827.6613993454844,468.8384963637269,248.48440307277528,1474.5076967667546,1272304.0755097177,6573.538026862609,1077.3533173171984,122454167.64273037
73,74.0,30.0,494.0,8515706.42116854,28939.43749860581,514.653085110867,1029.3769961268406,2819.087744337541,467.41694726198654,247.73098204885287,1470.5385658954865,1272304.0755097177,6573.538026862609,1077.3533173171984,122454167.64273037
74,75.0,30.0,494.0,8084475.186514794,43554.66424142942,514.653085110867,1022.1624434498699,2814.821915063392,466.7096543084881,247.3561167834987,1460.2320620712428,1272304.0755097177,6573.538026862609,1077.3533173171984,122454167.64273037
75,76.0,30.0,494.0,7668550.870098871,50207.115270933136,514.653085110867,1022.1624434498699,2810.5699933306637,466.0046672855404,246.98247366133643,1460.2320620712428,1272304.0755097177,6573.538026862609,1077.3533173171984,122454167.64273037
76,77.0,30.0,494.0,7258735.356985842,53681.72019046545,514.653085110867,1022.1624434498699,2808.8731035243045,465.72331561256703,246.83335727466053,1460.2320620712428,1272304.0755097177,6573.538026862609,1077.3533173171984,122454167.64273037
77,78.0,30.0,494.0,6851971.261036982,55568.95460807439,514.653085110867,1022.1624434498699,2808.0254876453682,465.5827772318873,246.75887193290026,1460.2320620712428,1272304.0755097177,6573.538026862609,1077.3533173171984,122454167.64273037
78,79.0,30.0,494.0,6448256.59518549,55869.85221111681,514.653085110867,1022.1624434498699,2807.1784237294523,465.4423303690649,246.6844350956044,1460.2320620712428,1272304.0755097177,6573.538026862609,1077.3533173171984,122454167.64273037
79,80.0,30.0,494.0,6044541.929333929,56170.74981415948,514.653085110867,1022.1624434498699,2807.1784237294523,465.4423303690649,246.6844350956044,1460.2320620712428,1272304.0755097177,6573.538026862609,1077.3533173171984,122454167.64273037
80,81.0,30.0,494.0,5643874.708453117,54886.34328061715,514.653085110867,1022.1624434498699,2806.3319112375775,465.30197493473474,246.61004671540942,1460.2320620712428,1272304.0755097177,6573.538026862609,1077.3533173171984,122454167.64273037
81,82.0,30.0,494.0,5252337.931090564,48852.21033125464,514.653085110867,1022.1624434498699,2803.79567692695,464.8814563107949,246.3871718447213,1460.2320620712428,1272304.0755097177,6573.538026862609,1077.3533173171984,122454167.64273037
82,83.0,30.0,494.0,4866878.225899827,39656.73804852459,514.653085110867,1022.1624434498699,2802.107601323668,464.60156607083394,246.238830017542,1460.2320620712428,1272304.0755097177,6573.538026862609,1077.3533173171984,122454167.64273037
83,84.0,30.0,494.0,4481418.52070909,30461.26576579362,514.653085110867,1022.1624434498699,2802.107601323668,464.60156607083394,246.238830017542,1460.2320620712428,1272304.0755097177,6573.538026862609,1077.3533173171984,122454167.64273037
84,85.0,30.0,494.0,4092921.2671638206,22845.949324345216,514.653085110867,1022.1624434498699,2802.9513647554827,464.7414656991099,246.31297682052826,1460.2320620712428,1272304.0755097177,6573.538026862609,1077.3533173171984,122454167.64273037
85,86.0,30.0,494.0,3704424.013618551,15230.63288289681,514.653085110867,1022.1624434498699,2802.9513647554827,464.7414656991099,246.31297682052826,1460.2320620712428,1272304.0755097177,6573.538026862609,1077.3533173171984,122454167.64273037
86,87.0,30.0,494.0,3315926.760073282,7615.316441448405,514.653085110867,1022.1624434498699,2802.9513647554827,464.7414656991099,246.31297682052826,1460.2320620712428,1272304.0755097177,6573.538026862609,1077.3533173171984,122454167.64273037
87,88.0,30.0,494.0,2927429.5065280125,0.0,514.653085110867,1022.1624434498699,2802.9513647554827,464.7414656991099,246.31297682052826,1460.2320620712428,1272304.0755097177,6573.538026862609,1077.3533173171984,122454167.64273037
88,89.0,30.0,494.0,2502327.0335025527,0.0,514.653085110867,1024.3843597586872,2813.1194812777576,466.4273834197599,247.20651321247277,1463.406228226696,1272304.0755097177,6573.538026862609,1077.3533173171984,122454167.64273037
89,90.0,30.0,494.0,2040331.5148776937,0.0,514.653085110867,1028.1161460814083,2823.3675494998124,468.12655747821447,248.10707546345367,1468.7373515448692,1272304.0755097177,6573.538026862609,1077.3533173171984,122454167.64273037
90,91.0,30.0,494.0,1538039.7722631563,9989.67897781264,514.653085110867,1030.2497313706247,2834.560945052501,469.9824708988743,249.09070957640338,1471.7853305294639,1272304.0755097177,6573.538026862609,1077.3533173171984,122454167.64273037
91,92.0,30.0,494.0,1026399.8982536942,24842.32726661954,514.653085110867,1030.2497313706247,2837.157648217758,470.41301552058314,249.31889822590907,1471.7853305294639,1272304.0755097177,6573.538026862609,1077.3533173171984,122454167.64273037
92,93.0,30.0,494.0,511639.87400948553,41318.1015253393,514.6530851108683,1030.2497313706247,2838.0243566162985,470.5567195236337,249.39506134752588,1471.7853305294639,1272304.0755097177,6573.538026862609,1077.3533173171984,122454167.64273037
93,94.0,30.0,494.0,0.0,56170.74981415948,514.6530851108683,1030.2497313706247,2837.157648217765,470.4130155205843,249.3188982259097,1471.7853305294639,1272304.0755097177,6573.538026862609,1077.3533173171984,122454167.64273037
94,95.0,30.0,494.0,400225.88010945043,0.0,465.25308511086837,951.8232620459792,2583.8616054069494,428.4154355154984,227.06018082321418,1359.7475172085417,1272304.0755097177,6573.538026862609,1077.3533173171984,122454167.64273037
95,96.0,30.0,494.0,1104508.1823206358,10318.781501688063,449.0198963350868,908.1389836614039,2499.4014881564663,414.41158258473865,219.6381387699115,1297.341405230577,1272304.0755097177,6573.538026862609,1077.3533173171984,122454167.64273037
96,97.0,30.0,494.0,1827758.6179973464,10770.195180567913,449.0198963350868,908.1389836614039,2494.1325621938213,413.5379718595118,219.17512508554125,1297.341405230577,1272304.0755097177,6573.538026862609,1077.3533173171984,122454167.64273037
97,98.0,30.0,494.0,2572580.457351925,0.0,449.01989633508646,908.1389836614039,2488.1405056166354,412.5444629491364,218.6485653630423,1297.341405230577,1272304.0755097177,6573.538026862609,1077.3533173171984,122454167.64273037
98,99.0,30.0,494.0,3325462.4680953957,20949.02044515498,449.01989633508646,901.1560601011519,2485.9015691197283,412.1732375892306,218.45181592229224,1287.3658001445028,1272304.0755097177,6573.538026862609,1077.3533173171984,122454167.64273037
99,100.0,30.0,494.0,4086388.847404614,37713.29895536788,449.01989633508646,901.1560601011519,2483.667022295903,411.80274005611744,218.25545222974225,1287.3658001445028,1272304.0755097177,6573.538026862609,1077.3533173171984,122454167.64273037
100,101.0,30.0,494.0,4858016.549520683,48910.66765246121,449.01989633508646,901.1560601011519,2480.6944326273333,411.30987182555737,217.99423206754543,1287.3658001445028,1272304.0755097177,6573.538026862609,1077.3533173171984,122454167.64273037
101,102.0,30.0,494.0,5640317.672607895,54555.641284355894,449.01989633508646,901.1560601011519,2477.7295934686817,410.8182886630811,217.733692991433,1287.3658001445028,1272304.0755097177,6573.538026862609,1077.3533173171984,122454167.64273037
102,103.0,30.0,494.0,6433264.4238122385,54662.67790586967,449.01989633508646,901.1560601011519,2474.7724745472565,410.3279855493452,217.47383234115298,1287.3658001445028,1272304.0755097177,6573.538026862609,1077.3533173171984,122454167.64273037
103,104.0,30.0,494.0,7231523.600656578,52006.15015683137,449.01989633508646,901.1560601011519,2473.2968007583686,410.08331244935323,217.34415559815722,1287.3658001445028,1272304.0755097177,6573.538026862609,1077.3533173171984,122454167.64273037
104,105.0,30.0,494.0,8035088.295538904,54777.770065926015,449.01989633508646,899.5639259208818,2471.823045747817,409.8389574911127,217.21464747028975,1285.091322744117,1272304.0755097177,6573.538026862609,1077.3533173171984,122454167.64273037
105,106.0,30.0,494.0,8841303.163298307,56170.74981415948,449.01989633508646,899.5639259208818,2471.086886615296,409.71689912130375,217.149956534291,1285.091322744117,1272304.0755097177,6573.538026862609,1077.3533173171984,122454167.64273037
106,107.0,30.0,494.0,9652813.212926555,54809.13553322572,449.01989633508646,899.5639259208818,2469.616002762839,409.47302021349986,217.02070071315495,1285.091322744117,1272304.0755097177,6573.538026862609,1077.3533173171984,122454167.64273037
107,108.0,30.0,494.0,10472253.15077502,49322.33286699746,449.01989633508646,899.5639259208818,2467.4132560350013,409.1077952739125,216.82713149517363,1285.091322744117,1272304.0755097177,6573.538026862609,1077.3533173171984,122454167.64273037
108,109.0,30.0,494.0,11299607.555435078,39718.36414996348,449.01989633508646,899.5639259208818,2465.21479303178,408.7432805944038,216.63393871503402,1285.091322744117,1272304.0755097177,6573.538026862609,1077.3533173171984,122454167.64273037
109,110.0,30.0,494.0,12140118.590302603,23270.21596731618,449.01989633508646,899.5639259208818,2461.5601735297064,408.13732886604964,216.31278429900632,1285.091322744117,1272304.0755097177,6573.538026862609,1077.3533173171984,122454167.64273037
110,111.0,30.0,494.0,12993743.74988648,0.0,449.01989633508646,899.5639259208818,2457.917361108498,407.53333480279656,215.9926674454822,1285.091322744117,1272304.0755097177,6573.538026862609,1077.3533173171984,122454167.64273037
111,112.0,30.0,494.0,12961459.168650933,0.0,498.4198963350865,984.6502469445977,2704.0034002250036,448.3354649949735,237.61779644733596,1406.643209920854,1272304.0755097177,6573.538026862609,1077.3533173171984,122454167.64273037
112,113.0,30.0,494.0,12148270.18060194,0.0,539.26028,1063.639886790075,2920.9212910065166,484.3013899716826,256.6797366849918,1519.48555255725,1272304.0755097177,6573.538026862609,1077.3533173171984,122454167.64273037
113,114.0,30.0,494.0,11284106.62817214,0.0,539.26028,1068.796039638732,2935.080892223408,486.6491131273524,257.92402995749677,1526.8514851981886,1272304.0755097177,6573.538026862609,1077.3533173171984,122454167.64273037
114,115.0,30.0,494.0,10355472.114671199,0.0,539.26028,1075.3173730453161,2952.9894925209474,489.61843655392,259.4977713735776,1536.167675779023,1272304.0755097177,6573.538026862609,1077.3533173171984,122454167.64273037
115,116.0,30.0,494.0,9377926.264372211,18723.583271386036,539.26028,1076.6241306143145,2966.575974964849,491.87113413692816,260.6917010925719,1538.0344723061635,1272304.0755097177,6573.538026862609,1077.3533173171984,122454167.64273037
116,117.0,30.0,494.0,8400380.414073223,37447.16654277298,537.83756,1076.6241306143145,2966.5759749648487,491.8711341369281,260.6917010925719,1538.0344723061637,1272304.0755097177,6573.538026862609,1077.3533173171984,122454167.64273037
117,118.0,30.0,494.0,7422834.563774236,56170.74981415948,536.94836,1076.6241306143145,2966.575974964849,491.8711341369281,260.6917010925719,1538.0344723061637,1272304.0755097177,6573.538026862609,1077.3533173171984,122454167.64273037
118,119.0,30.0,494.0,7022289.561341781,0.0,505.6006644965327,1032.8224253991966,2806.2979616685893,465.296345949284,246.60706335312054,1475.460607713138,1272304.0755097177,6573.538026862609,1077.3533173171984,122454167.64273037
119,120.0,30.0,494.0,6637223.500123398,15972.230858609546,505.6006644965328,1017.2289057225202,2801.9982557757917,464.5834361058168,246.2292211360829,1453.1841510321717,1272304.0755097177,6573.538026862609,1077.3533173171984,122454167.64273037
120,121.0,30.0,494.0,6313564.576473739,0.0,505.60066449653266,1017.2289057225202,2784.9407175622573,461.7552224556424,244.7302679014905,1453.1841510321717,1272304.0755097177,6573.538026862609,1077.3533173171984,122454167.64273037
121,122.0,30.0,494.0,6035433.932438865,9790.933644667268,505.60066449653266,1007.614148452895,2772.2939732248165,459.65833751728496,243.61891888416105,1439.448783504136,1272304.0755097177,6573.538026862609,1077.3533173171984,122454167.64273037
122,123.0,30.0,494.0,5772380.297592998,11738.692018229514,505.60066449653266,1007.614148452895,2768.105915116759,458.96393935966967,243.25088786062494,1439.448783504136,1272304.0755097177,6573.538026862609,1077.3533173171984,122454167.64273037
123,124.0,30.0,494.0,5521352.878955433,7430.32091760356,505.60066449653266,1007.614148452895,2764.765299503342,458.4100508348673,242.95732694247968,1439.448783504136,1272304.0755097177,6573.538026862609,1077.3533173171984,122454167.64273037
124,125.0,30.0,494.0,5276326.813653889,0.0,505.60066449653266,1007.614148452895,2763.0982569100042,458.133647958973,242.8108334182557,1439.448783504136,1272304.0755097177,6573.538026862609,1077.3533173171984,122454167.64273037
125,126.0,30.0,494.0,5037294.285588645,18382.709362434223,505.60066449653266,1001.9886929330067,2761.433385455475,457.8576050672884,242.66453068566284,1431.412418475724,1272304.0755097177,6573.538026862609,1077.3533173171984,122454167.64273037
126,127.0,30.0,494.0,4804247.493919472,33651.592959258705,505.60066449653266,1001.9886929330067,2759.770680901011,457.5819214570115,242.5184183722161,1431.412418475724,1272304.0755097177,6573.538026862609,1077.3533173171984,122454167.64273037
127,128.0,30.0,494.0,4577178.653025907,45810.70092967525,505.60066449653266,1001.9886929330067,2758.1101390188974,457.30659642716904,242.3724961063996,1431.412418475724,1272304.0755097177,6573.538026862609,1077.3533173171984,122454167.64273037
128,129.0,30.0,494.0,4356079.992467742,54864.0755160125,505.60066449653266,1001.9886929330067,2756.451755592407,457.0316292786094,242.226763517663,1431.412418475724,1272304.0755097177,6573.538026862609,1077.3533173171984,122454167.64273037
129,130.0,30.0,494.0,4149872.8863364626,56170.74981415948,505.60066449653266,1001.9886929330067,2752.3152126960413,456.3457725660181,241.86325945998962,1431.412418475724,1272304.0755097177,6573.538026862609,1077.3533173171984,122454167.64273037
130,131.0,30.0,494.0,3955544.28313048,55018.878555223346,505.60066449653266,1001.265215255841,2749.0156285501253,455.79868723608615,241.57330423512568,1430.3788789369157,1272304.0755097177,6573.538026862609,1077.3533173171984,122454167.64273037
131,132.0,30.0,494.0,3773063.4322085157,47703.71611782536,505.60066449653266,1001.265215255841,2745.724586249009,455.25301818098575,241.28409963592244,1430.3788789369157,1272304.0755097177,6573.538026862609,1077.3533173171984,122454167.64273037
132,133.0,30.0,494.0,3596494.963229332,37312.88746137638,505.60066449653266,1001.265215255841,2744.08225793157,454.98071303898325,241.13977791066114,1430.3788789369157,1272304.0755097177,6573.538026862609,1077.3533173171984,122454167.64273037
133,134.0,30.0,494.0,3425831.2332049776,23850.368526555598,505.60066449653266,1001.265215255841,2742.44205266634,454.70875990822424,240.99564275135887,1430.3788789369157,1272304.0755097177,6573.538026862609,1077.3533173171984,122454167.64273037
134,135.0,30.0,494.0,3258117.011167383,8853.493021825328,505.60066449653266,1001.265215255841,2741.6227448922396,454.5729151338262,240.9236450209279,1430.3788789369157,1272304.0755097177,6573.538026862609,1077.3533173171984,122454167.64273037
135,136.0,30.0,494.0,3078593.307517465,0.0,505.60066449653266,1001.265215255841,2744.903156451218,455.11682156587693,241.2119154299148,1430.3788789369157,1272304.0755097177,6573.538026862609,1077.3533173171984,122454167.64273037
136,137.0,30.0,494.0,2836564.9868918825,0.0,505.60066449653266,1005.8661375065017,2762.2655500555693,457.99558155907243,242.7376582263084,1436.9516250092881,1272304.0755097177,6573.538026862609,1077.3533173171984,122454167.64273037
137,138.0,30.0,494.0,2555413.023202002,0.0,505.60066449653266,1009.8235520736732,2773.133228684541,459.7974897042807,243.69266954326878,1442.6050743909618,1272304.0755097177,6573.538026862609,1077.3533173171984,122454167.64273037
138,139.0,30.0,494.0,2240895.624781728,0.0,505.60066449653266,1013.1985153209624,2782.401404998539,461.3341934440193,244.50712252533026,1447.4264504585178,1272304.0755097177,6573.538026862609,1077.3533173171984,122454167.64273037
139,140.0,30.0,494.0,1877414.265297819,9629.222743628547,505.60066449653266,1016.2789437929323,2796.0025052939927,463.5893147300717,245.702336806938,1451.827062561332,1272304.0755097177,6573.538026862609,1077.3533173171984,122454167.64273037
140,141.0,30.0,494.0,1489256.513128085,32095.293330706656,505.60066449653334,1016.2789437929323,2802.857058817834,464.72582936655056,246.3046895642718,1451.827062561332,1272304.0755097177,6573.538026862609,1077.3533173171984,122454167.64273037
141,142.0,30.0,494.0,1098005.023395503,56170.74981415948,505.60066449653334,1016.2789437929323,2803.716430363072,464.8683168875743,246.3802079504144,1451.827062561332,1272304.0755097177,6573.538026862609,1077.3533173171984,122454167.64273037
142,143.0,30.0,494.0,946977.8542384915,0.0,493.2629245748291,1007.583326204102,2736.987452425411,453.80436358417563,240.5163126996131,1439.404751720146,1272304.0755097177,6573.538026862609,1077.3533173171984,122454167.64273037
143,144.0,30.0,494.0,807979.8360992707,13978.077007415704,493.2629245748291,992.7265100640349,2733.6460215871352,453.25033989156407,240.22268014252896,1418.180728662907,1272304.0755097177,6573.538026862609,1077.3533173171984,122454167.64273037
144,145.0,30.0,494.0,722722.1943256892,0.0,493.2629245748291,992.7265100640349,2718.718139263347,450.77523240372994,238.91087317397688,1418.180728662907,1272304.0755097177,6573.538026862609,1077.3533173171984,122454167.64273037
145,146.0,30.0,494.0,675883.8838150632,16312.327311484143,493.2629245748291,982.950536841193,2708.046102801415,449.00576257643405,237.97305416551006,1404.2150526302757,1272304.0755097177,6573.538026862609,1077.3533173171984,122454167.64273037
146,147.0,30.0,494.0,637865.2642635275,28036.584060568362,493.2629245748291,982.950536841193,2705.596188646112,448.5995562077867,237.75776479012697,1404.2150526302757,1272304.0755097177,6573.538026862609,1077.3533173171984,122454167.64273037
147,148.0,30.0,494.0,608649.077565467,35181.74804553762,493.2629245748291,982.950536841193,2703.151068409036,448.1941446915264,237.542896686509,1404.2150526302757,1272304.0755097177,6573.538026862609,1077.3533173171984,122454167.64273037
148,149.0,30.0,494.0,588218.116220953,37756.77073919866,493.2629245748291,982.950536841193,2700.71072803305,447.7895256969192,237.3284486193672,1404.2150526302757,1272304.0755097177,6573.538026862609,1077.3533173171984,122454167.64273037
149,150.0,30.0,494.0,576555.2231381312,49454.10524925031,493.2629245748291,980.2898508688961,2698.2751535159214,447.3856969023341,237.11441935823706,1400.4140726698517,1272304.0755097177,6573.538026862609,1077.3533173171984,122454167.64273037
150,151.0,30.0,494.0,579467.7865750622,53569.1760153519,493.2629245748291,980.2898508688961,2694.2264155937605,446.7143986344311,236.7586312762485,1400.4140726698517,1272304.0755097177,6573.538026862609,1077.3533173171984,122454167.64273037
151,152.0,30.0,494.0,585289.759389529,56170.74981415948,493.2629245748291,980.2898508688961,2693.4182463222223,446.58040067195833,236.68761235613792,1400.4140726698517,1272304.0755097177,6573.538026862609,1077.3533173171984,122454167.64273037
152,153.0,30.0,494.0,599828.6296760738,54237.727007188834,493.2629245748291,980.2898508688961,2690.996885913312,446.17892863802564,236.4748321781536,1400.4140726698517,1272304.0755097177,6573.538026862609,1077.3533173171984,122454167.64273037
153,154.0,30.0,494.0,625963.6602706574,46272.29308819771,493.2629245748291,980.2898508688961,2687.77573027219,445.64484709357805,236.19176895959637,1400.4140726698517,1272304.0755097177,6573.538026862609,1077.3533173171984,122454167.64273037
154,155.0,30.0,494.0,649202.4706121441,39813.49505328573,493.2629245748291,980.2898508688961,2688.58023589805,445.7782376077435,236.26246593210408,1400.4140726698517,1272304.0755097177,6573.538026862609,1077.3533173171984,122454167.64273037
155,156.0,30.0,494.0,678231.8446227703,30342.40159517806,493.2629245748291,980.2898508688961,2686.971745989956,445.51154302044193,236.12111780083424,1400.4140726698517,1272304.0755097177,6573.538026862609,1077.3533173171984,122454167.64273037
156,157.0,30.0,494.0,707261.2186333966,20871.308137070388,493.2629245748291,980.2898508688961,2686.971745989956,445.51154302044193,236.12111780083424,1400.4140726698517,1272304.0755097177,6573.538026862609,1077.3533173171984,122454167.64273037
157,158.0,30.0,494.0,742073.656257676,8391.820841880515,493.2629245748291,980.2898508688961,2685.365339430608,445.24519386137786,235.97995274653027,1400.4140726698517,1272304.0755097177,6573.538026862609,1077.3533173171984,122454167.64273037
158,159.0,30.0,494.0,765312.4665991627,1933.0228069704026,493.2629245748291,980.2898508688961,2688.58023589805,445.7782376077435,236.26246593210408,1400.4140726698517,1272304.0755097177,6573.538026862609,1077.3533173171984,122454167.64273037
159,160.0,30.0,494.0,779851.3368857075,0.0,493.2629245748291,980.2898508688961,2690.996885913312,446.17892863802564,236.4748321781536,1400.4140726698517,1272304.0755097177,6573.538026862609,1077.3533173171984,122454167.64273037
160,161.0,30.0,494.0,762344.9688216783,0.0,493.2629245748291,983.1554087469991,2699.8983410106935,447.6548284131089,237.2570590589477,1404.5077267814274,1272304.0755097177,6573.538026862609,1077.3533173171984,122454167.64273037
161,162.0,30.0,494.0,715506.6583110522,0.0,493.2629245748291,986.1223782628705,2708.046102801415,449.00576257643405,237.97305416551006,1408.7462546612437,1272304.0755097177,6573.538026862609,1077.3533173171984,122454167.64273037
162,163.0,30.0,494.0,645064.4119519908,0.0,493.2629245748291,988.5099514092583,2714.6027516482027,450.09288332831204,238.5492281640054,1412.1570734417976,1272304.0755097177,6573.538026862609,1077.3533173171984,122454167.64273037
163,164.0,30.0,494.0,553866.9899031632,1312.4223051751032,493.2629245748291,990.3541750111763,2720.3680782286933,451.04879942408957,239.05586369476748,1414.7916785873947,1272304.0755097177,6573.538026862609,1077.3533173171984,122454167.64273037
164,165.0,30.0,494.0,447785.92747619003,10367.427949955687,493.2629245748291,990.3541750111763,2724.5024227781782,451.73429164125486,239.41917456986508,1414.7916785873947,1272304.0755097177,6573.538026862609,1077.3533173171984,122454167.64273037
165,166.0,30.0,494.0,332751.1592747327,24080.21968711447,493.2629245748291,990.3541750111763,2726.9895632710904,452.1466702977702,239.6377352578182,1414.7916785873947,1272304.0755097177,6573.538026862609,1077.3533173171984,122454167.64273037
166,167.0,30.0,494.0,211737.42095633224,40903.317319827154,493.2629245748291,990.3541750111763,2728.650388303575,452.42204227516936,239.78368240583978,1414.7916785873947,1272304.0755097177,6573.538026862609,1077.3533173171984,122454167.64273037
167,168.0,30.0,494.0,93714.1522851903,56170.74981415948,493.2629245748291,990.3541750111763,2727.819702290447,452.28431093950263,239.7106847979364,1414.7916785873947,1272304.0755097177,6573.538026862609,1077.3533173171984,122454167.64273037
168,169.0,30.0,494.0,29184.482122588903,43610.40401871223,493.2629245748291,990.3541750111763,2712.960369371408,449.82056923961494,238.40490169699592,1414.7916785873947,1272304.0755097177,6573.538026862609,1077.3533173171984,122454167.64273037
169,170.0,30.0,494.0,5827.0211556607255,9631.9607098829,493.2629245748291,990.3541750111763,2701.523644594832,447.9243107806577,237.3998847137486,1414.7916785873947,1272304.0755097177,6573.538026862609,1077.3533173171984,122454167.64273037
170,171.0,30.0,494.0,0.0,8947.412570395196,493.2629245748291,982.1071320542433,2696.6540779805914,447.1169155635741,236.9719652486943,1403.010188648919,1272304.0755097177,6573.538026862609,1077.3533173171984,122454167.64273037
171,172.0,30.0,494.0,1.262546602819713,5230.9467585412785,493.26292457482907,982.1071320542433,2695.035110285518,446.84848371385004,236.82969636834054,1403.010188648919,1272304.0755097177,6573.538026862609,1077.3533173171984,122454167.64273037
172,173.0,30.0,494.0,2913.825983531773,0.0,493.2629245748291,982.1071320542433,2694.2264155937605,446.7143986344311,236.7586312762485,1403.010188648919,1272304.0755097177,6573.538026862609,1077.3533173171984,122454167.64273037
173,174.0,30.0,494.0,5826.389420459047,4267.95474187471,493.26292457482924,980.2601234291626,2694.226415593761,446.71439863443123,236.75863127624856,1400.3716048988038,1272304.0755097177,6573.538026862609,1077.3533173171984,122454167.64273037
174,175.0,30.0,494.0,8738.95285738632,8535.90948375004,493.2629245748292,980.2601234291626,2694.2264155937605,446.7143986344311,236.7586312762485,1400.3716048988038,1272304.0755097177,6573.538026862609,1077.3533173171984,122454167.64273037
175,176.0,30.0,494.0,5827.021155658257,15833.81105828099,493.262924574829,980.2601234291626,2695.844330910053,446.9826559951993,236.90080767745565,1400.3716048988038,1272304.0755097177,6573.538026862609,1077.3533173171984,122454167.64273037
176,177.0,30.0,494.0,0.0,56170.74981415948,493.262924574829,974.1307318245885,2696.654077980591,447.11691556357397,236.9719652486942,1391.6153311779835,1272304.0755097177,6573.538026862609,1077.3533173171984,122454167.64273037
177,178.0,30.0,494.0,85084.43065005747,49214.85736430902,488.4195484029034,974.1307318245885,2671.4008969234474,442.92982886430633,234.75280929808235,1391.6153311779835,1272304.0755097177,6573.538026862609,1077.3533173171984,122454167.64273037
178,179.0,30.0,494.0,175936.1653961055,39258.76929876953,488.4195484029034,974.1307318245885,2669.798868007896,442.6642055375275,234.6120289348896,1391.6153311779835,1272304.0755097177,6573.538026862609,1077.3533173171984,122454167.64273037
179,180.0,30.0,494.0,272547.71247607656,26306.382889349014,488.4195484029035,974.1307318245885,2668.1989201373603,442.39892725701765,234.47143144621936,1391.6153311779835,1272304.0755097177,6573.538026862609,1077.3533173171984,122454167.64273037
180,181.0,30.0,494.0,366280.28894667886,14851.658967665397,488.4195484029035,974.1307318245885,2668.998634195518,442.5315233085231,234.54170735351727,1391.6153311779835,1272304.0755097177,6573.538026862609,1077.3533173171984,122454167.64273037
181,182.0,30.0,494.0,457132.0236927122,4895.570902127773,488.41954840290356,974.1307318245885,2669.7988680078975,442.6642055375277,234.6120289348897,1391.6153311779835,1272304.0755097177,6573.538026862609,1077.3533173171984,122454167.64273037
182,183.0,30.0,494.0,536441.6438584775,943.7789484634995,488.41954840290356,974.1307318245885,2673.0050109468616,443.19579791099187,234.8937728928257,1391.6153311779835,1272304.0755097177,6573.538026862609,1077.3533173171984,122454167.64273037
183,184.0,30.0,494.0,609968.9324872792,0.0,488.41954840290356,974.1307318245885,2674.6112141515737,443.4621133529773,235.034920077078,1391.6153311779835,1272304.0755097177,6573.538026862609,1077.3533173171984,122454167.64273037
184,185.0,30.0,494.0,645726.721417522,0.0,488.4195484029037,977.767660207048,2685.1027418456174,445.2016540454281,235.95687664407689,1396.8109431529258,1272304.0755097177,6573.538026862609,1077.3533173171984,122454167.64273037
185,186.0,30.0,494.0,643392.541874988,0.0,488.4195484029037,981.6207193579727,2695.6838441991667,446.95604660404814,236.88670470014551,1402.3153133685325,1272304.0755097177,6573.538026862609,1077.3533173171984,122454167.64273037
186,187.0,30.0,494.0,590752.3138862755,0.0,488.4195484029037,986.7092508275642,2709.657746545328,449.27298008336226,238.114679444182,1409.5846440393775,1272304.0755097177,6573.538026862609,1077.3533173171984,122454167.64273037
187,188.0,30.0,494.0,508255.5793456808,0.0,488.4195484029037,989.7292807812953,2717.951220587517,450.64807396853234,238.84347920332215,1413.8989725447077,1272304.0755097177,6573.538026862609,1077.3533173171984,122454167.64273037
188,189.0,30.0,494.0,401730.81762949936,10120.7206325382,488.4195484029037,990.1918334941319,2724.6256725807357,451.7547269918671,239.43000530568955,1414.559762134474,1272304.0755097177,6573.538026862609,1077.3533173171984,122454167.64273037
189,190.0,30.0,494.0,283144.086622918,26516.1697654929,488.4195484029037,990.1918334941319,2727.976219605847,452.31026218770506,239.7244389594837,1414.559762134474,1272304.0755097177,6573.538026862609,1077.3533173171984,122454167.64273037
190,191.0,30.0,494.0,161536.84629939683,44482.91090230364,488.4195484029037,990.1918334941319,2728.815249971663,452.44937705315675,239.7981698381731,1414.559762134474,1272304.0755097177,6573.538026862609,1077.3533173171984,122454167.64273037
191,192.0,30.0,494.0,51999.59845599905,56170.74981415948,488.4195484029037,990.1918334941319,2725.46247428274,451.8934723352144,239.50354033766365,1414.559762134474,1272304.0755097177,6573.538026862609,1077.3533173171984,122454167.64273037
192,193.0,30.0,494.0,2334.1795425323567,36712.80628253799,488.4195484029037,990.1918334941319,2708.8314106910934,449.1359700228647,238.04206411211828,1414.559762134474,1272304.0755097177,6573.538026862609,1077.3533173171984,122454167.64273037
193,194.0,30.0,494.0,0.0,0.0,488.41954840290373,988.7593205795773,2695.6838441991667,446.95604660404814,236.88670470014551,1412.513315113682,1272304.0755097177,6573.538026862609,1077.3533173171984,122454167.64273037
194,195.0,30.0,494.0,12355.002278221098,11777.361045354046,488.41954840290373,977.8448443881676,2691.603515915624,446.2795105175247,236.52814057428813,1396.921206268811,1272304.0755097177,6573.538026862609,1077.3533173171984,122454167.64273037
195,196.0,30.0,494.0,39351.10832049884,15938.30814916268,488.41954840290373,977.8448443881676,2687.5365426478297,445.6051887504045,236.1707500377144,1396.921206268811,1272304.0755097177,6573.538026862609,1077.3533173171984,122454167.64273037
196,197.0,30.0,494.0,80940.47572550364,12507.729293804616,488.41954840290373,977.8448443881676,2683.4828589359613,444.93307044916577,235.81452733805787,1396.921206268811,1272304.0755097177,6573.538026862609,1077.3533173171984,122454167.64273037
197,198.0,30.0,494.0,139978.93432634696,0.0,488.41954840290373,977.8448443881676,2678.6358891593395,444.12942188554433,235.38859359933852,1396.921206268811,1272304.0755097177,6573.538026862609,1077.3533173171984,122454167.64273037
198,199.0,30.0,494.0,210612.23219884373,0.0,488.4195484029041,974.2399507118264,2675.4151004727696,443.5954011837494,235.1055626273872,1391.771358159752,1272304.0755097177,6573.538026862609,1077.3533173171984,122454167.64273037
199,200.0,30.0,494.0,295696.66284888703,56170.74981415948,488.41954840290424,961.8561069399217,2671.4008969234515,442.92982886430707,234.75280929808275,1374.0801527713168,1272304.0755097177,6573.538026862609,1077.3533173171984,122454167.64273037
200,201.0,30.0,494.0,922242.5834265063,52839.29548217077,459.21368231120056,918.6563465709542,2520.9949274991245,417.9918682706686,221.53569018345436,1312.3662093870776,1272304.0755097177,6573.538026862609,1077.3533173171984,122454167.64273037
201,202.0,30.0,494.0,1554196.8686353758,46694.368584027514,459.21368231120056,918.6563465709542,2519.492603990444,417.7427765318116,221.40367156186016,1312.3662093870776,1272304.0755097177,6573.538026862609,1077.3533173171984,122454167.64273037
202,203.0,30.0,494.0,2180742.7892130055,43362.91425203718,459.21368231120056,918.6563465709542,2520.9949274991245,417.9918682706686,221.53569018345436,1312.3662093870776,1272304.0755097177,6573.538026862609,1077.3533173171984,122454167.64273037
203,204.0,30.0,494.0,2809993.770008346,38624.26694560051,459.21368231120056,918.6563465709542,2520.243521883091,417.8672819679161,221.46965944299555,1312.3662093870776,1272304.0755097177,6573.538026862609,1077.3533173171984,122454167.64273037
204,205.0,30.0,494.0,3444649.6055354886,31073.972949492745,459.21368231120056,918.6563465709542,2518.742173346479,417.61835188364716,221.337726498333,1312.3662093870776,1272304.0755097177,6573.538026862609,1077.3533173171984,122454167.64273037
205,206.0,30.0,494.0,4082005.238992367,22119.2234613169,459.21368231120056,918.6563465709542,2517.992229477108,417.4940079448169,221.27182421075295,1312.3662093870776,1272304.0755097177,6573.538026862609,1077.3533173171984,122454167.64273037
206,207.0,30.0,494.0,4724755.217958914,10358.294261048548,459.21368231120056,918.6563465709542,2516.493800168867,417.2455618812444,221.14014779705954,1312.3662093870776,1272304.0755097177,6573.538026862609,1077.3533173171984,122454167.64273037
207,208.0,30.0,494.0,5364808.898661496,0.0,459.21368231120056,918.6563465709542,2517.242771908857,417.3697446368166,221.20596465751282,1312.3662093870776,1272304.0755097177,6573.538026862609,1077.3533173171984,122454167.64273037
208,209.0,30.0,494.0,5076984.790533027,0.0,508.6136823112006,1010.4984493870983,2774.986602139701,460.10478704338885,243.8555371329961,1443.5692134101405,1272304.0755097177,6573.538026862609,1077.3533173171984,122454167.64273037
209,210.0,30.0,494.0,4746845.5001713745,0.0,508.6136823112006,1014.7786928784047,2786.7408194267,462.0536871344834,244.88845418127622,1449.6838469691497,1272304.0755097177,6573.538026862609,1077.3533173171984,122454167.64273037
210,211.0,30.0,494.0,4364799.912286608,0.0,508.6136823112006,1020.0290919173775,2801.1592354053428,464.4443228976403,246.15549113574937,1457.184417024825,1272304.0755097177,6573.538026862609,1077.3533173171984,122454167.64273037
211,212.0,30.0,494.0,3942668.1791525166,571.3457900611684,508.6136823112006,1023.9727699944723,2812.2942757523774,466.29056077267785,247.13399720951926,1462.8182428492462,1272304.0755097177,6573.538026862609,1077.3533173171984,122454167.64273037
212,213.0,30.0,494.0,3498808.760299992,12445.599550053477,508.6136823112006,1023.9727699944723,2818.3297440074975,467.29126752711335,247.66437178937008,1462.8182428492462,1272304.0755097177,6573.538026862609,1077.3533173171984,122454167.64273037
213,214.0,30.0,494.0,3045606.63477288,29180.00064010825,508.6136823112006,1023.9727699944723,2820.9249403059944,467.7215623037926,247.8924280210101,1462.8182428492462,1272304.0755097177,6573.538026862609,1077.3533173171984,122454167.64273037
214,215.0,30.0,494.0,2592404.509245768,45914.40173016768,508.6136823112006,1023.9727699944723,2820.9249403059944,467.7215623037926,247.8924280210101,1462.8182428492462,1272304.0755097177,6573.538026862609,1077.3533173171984,122454167.64273037
215,216.0,30.0,494.0,2151655.205608174,56170.74981415948,508.6136823112006,1023.9727699944723,2817.4658231144613,467.14802570453793,247.58845362340512,1462.8182428492462,1272304.0755097177,6573.538026862609,1077.3533173171984,122454167.64273037
216,217.0,30.0,494.0,1766538.2348813303,37486.73364622332,508.6136823112006,1023.9727699944723,2802.01239730592,464.5857808327078,246.23046384133517,1462.8182428492462,1272304.0755097177,6573.538026862609,1077.3533173171984,122454167.64273037
217,218.0,30.0,494.0,1430322.2823631316,0.0,508.61368231120053,1022.6824433730045,2788.428781136851,462.33355849047035,245.0367859999493,1460.9749191042922,1272304.0755097177,6573.538026862609,1077.3533173171984,122454167.64273037
218,219.0,30.0,494.0,1115339.9437545165,11371.91055730544,508.61368231120053,1011.0343398805367,2782.5305550508565,461.35560708157425,244.51847175323437,1444.3347712579096,1272304.0755097177,6573.538026862609,1077.3533173171984,122454167.64273037
219,220.0,30.0,494.0,815465.1741032097,14884.748418752104,508.61368231120053,1011.0343398805367,2778.33400811827,460.6598014401177,244.14969476326237,1444.3347712579096,1272304.0755097177,6573.538026862609,1077.3533173171984,122454167.64273037
220,221.0,30.0,494.0,527641.0659747534,12128.740166783333,508.61368231120053,1011.0343398805367,2774.986602139701,460.10478704338885,243.8555371329961,1444.3347712579096,1272304.0755097177,6573.538026862609,1077.3533173171984,122454167.64273037
221,222.0,30.0,494.0,257834.24807903636,0.0,508.6136823112001,1011.0343398805367,2769.981799297274,459.27496907445396,243.4157336094606,1444.3347712579096,1272304.0755097177,6573.538026862609,1077.3533173171984,122454167.64273037
222,223.0,30.0,494.0,0.0,0.0,508.6136823112,1007.4649305291543,2766.6560854593063,458.7235513285068,243.12348220410863,1439.2356150416492,1272304.0755097177,6573.538026862609,1077.3533173171984,122454167.64273037
223,224.0,30.0,494.0,0.0,0.0,494.706090996,981.3846136326232,2695.0354609929077,446.8485418626529,236.82972718720603,1401.978019475176,1272304.0755097177,6573.538026862609,1077.3533173171984,122454167.64273037
224,225.0,30.0,494.0,897222.528498983,29011.07244744245,445.30609099599997,884.9881812629027,2445.8069808543014,405.52538135048974,214.92845211575957,1264.2688303755754,1272304.0755097177,6573.538026862609,1077.3533173171984,122454167.64273037
225,226.0,30.0,494.0,2684117.1117866673,56170.74981415948,395.906090996,795.3565258688437,2198.6758545241064,364.5499711757985,193.2114847231732,1136.2236083840626,1272304.0755097177,6573.538026862609,1077.3533173171984,122454167.64273037
226,227.0,30.0,494.0,4527335.220942282,54030.499076372944,392.66958085496987,795.3565258688437,2183.0304306719036,361.95589219748166,191.8366228646653,1136.2236083840626,1272304.0755097177,6573.538026862609,1077.3533173171984,122454167.64273037
227,228.0,30.0,494.0,6382073.771586059,45897.22673466662,392.66958085496987,795.3565258688437,2179.8303080363016,361.42529801636704,191.55540794867454,1136.2236083840626,1272304.0755097177,6573.538026862609,1077.3533173171984,122454167.64273037
228,229.0,30.0,494.0,8248295.520242585,31790.307129254565,392.66958085496987,795.3565258688437,2176.6405308105395,360.8964191489723,191.27510214895534,1136.2236083840626,1272304.0755097177,6573.538026862609,1077.3533173171984,122454167.64273037
229,230.0,30.0,494.0,10116809.455172446,16490.97472695401,392.6695808549701,795.3565258688437,2176.00381240128,360.7908484813975,191.2191496951407,1136.2236083840626,1272304.0755097177,6573.538026862609,1077.3533173171984,122454167.64273037
230,231.0,30.0,494.0,11987614.095289655,0.0,392.6695808549701,795.3565258688437,2175.3675054047935,360.6853460278409,191.1632333947557,1136.2236083840626,1272304.0755097177,6573.538026862609,1077.3533173171984,122454167.64273037
231,232.0,30.0,494.0,12967611.26283469,0.0,441.3050428309726,882.2564455257904,2422.814025563731,401.71304986416516,212.90791642800755,1260.3663507511292,1272304.0755097177,6573.538026862609,1077.3533173171984,122454167.64273037
232,233.0,30.0,494.0,12993743.74988648,0.0,490.70504283097256,978.741273778888,2687.776436811855,445.644964240912,236.19183104768337,1398.2018196841257,1272304.0755097177,6573.538026862609,1077.3533173171984,122454167.64273037
233,234.0,30.0,494.0,12973066.213298922,0.0,490.70504283097256,983.4761771501285,2700.779221156143,447.8008821531235,237.33446754115548,1404.9659673573265,1272304.0755097177,6573.538026862609,1077.3533173171984,122454167.64273037
234,235.0,30.0,494.0,12896160.585933505,0.0,490.70504283097256,989.1637319916466,2716.3981352610795,450.39056570062576,238.70699982133166,1413.0910457023524,1272304.0755097177,6573.538026862609,1077.3533173171984,122454167.64273037
235,236.0,30.0,494.0,12780375.630630156,0.0,490.70504283097256,993.0964337211491,2727.1979485771712,452.1812214832798,239.6560473861383,1418.709191030213,1272304.0755097177,6573.538026862609,1077.3533173171984,122454167.64273037
236,237.0,30.0,494.0,12640498.19286402,11681.796707823873,490.70504283097256,993.2619636117627,2733.8903048168345,453.2908431081534,240.24414684732133,1418.9456623025183,1272304.0755097177,6573.538026862609,1077.3533173171984,122454167.64273037
237,238.0,30.0,494.0,12488526.477458602,29655.128965780605,490.70504283097256,993.2619636117627,2737.2498263833013,453.84786632178447,240.53936915054578,1418.9456623025183,1272304.0755097177,6573.538026862609,1077.3533173171984,122454167.64273037
238,239.0,30.0,494.0,12336554.762053184,47628.46122373734,490.70504283097256,993.2619636117627,2737.2498263833013,453.84786632178447,240.53936915054578,1418.9456623025183,1272304.0755097177,6573.538026862609,1077.3533173171984,122454167.64273037
239,240.0,30.0,494.0,12202712.430108206,56170.74981415948,490.70504283097256,993.2619636117627,2732.213886533179,453.0128857022322,240.09682942218308,1418.9456623025183,1272304.0755097177,6573.538026862609,1077.3533173171984,122454167.64273037
240,241.0,30.0,494.0,12134731.691164501,30451.334968076088,490.70504283097256,993.2619636117627,2713.918999588381,449.97951427794186,238.4891425673092,1418.9456623025183,1272304.0755097177,6573.538026862609,1077.3533173171984,122454167.64273037
241,242.0,30.0,494.0,12111112.233497865,0.0,490.70504283097256,989.6948497444201,2701.5964214558617,447.9363774991492,237.4062800745491,1413.8497853491717,1272304.0755097177,6573.538026862609,1077.3533173171984,122454167.64273037
242,243.0,30.0,494.0,12108045.83454261,8105.02207829617,490.70504283097256,980.1188079231788,2695.887238480479,446.9897702560531,236.90457823570813,1400.1697256045413,1272304.0755097177,6573.538026862609,1077.3533173171984,122454167.64273037
243,244.0,30.0,494.0,12122521.628847683,7084.4613134954125,490.70504283097256,980.1188079231788,2691.0144070192764,446.1818337132149,236.47637186800392,1400.1697256045413,1272304.0755097177,6573.538026862609,1077.3533173171984,122454167.64273037
244,245.0,30.0,494.0,12148654.115899473,0.0,490.70504283097256,980.1188079231788,2687.776436811855,445.644964240912,236.19183104768337,1400.1697256045413,1272304.0755097177,6573.538026862609,1077.3533173171984,122454167.64273037
245,246.0,30.0,494.0,12183509.203206683,19370.55120750051,490.70504283097256,974.092473747973,2685.3534922964604,445.24322955526924,235.9789116642927,1391.5606767828187,1272304.0755097177,6573.538026862609,1077.3533173171984,122454167.64273037
246,247.0,30.0,494.0,12224169.899736306,35720.98018013872,490.70504283097256,974.092473747973,2683.7408230680126,444.97584201856745,235.83719626984075,1391.5606767828187,1272304.0755097177,6573.538026862609,1077.3533173171984,122454167.64273037
247,248.0,30.0,494.0,12273524.8605582,47548.5864999041,490.70504283097256,974.092473747973,2681.3257496534925,444.57541239551085,235.62496856962076,1391.5606767828187,1272304.0755097177,6573.538026862609,1077.3533173171984,122454167.64273037
248,249.0,30.0,494.0,12331557.150321232,54862.180065736175,490.70504283097256,974.092473747973,2678.9153805031765,444.17576275981645,235.41315426270273,1391.5606767828187,1272304.0755097177,6573.538026862609,1077.3533173171984,122454167.64273037
249,250.0,30.0,494.0,12401132.953539688,56170.74981415948,490.70504283097256,974.092473747973,2675.708848987781,443.64410595869845,235.13137615811019,1391.5606767828187,1272304.0755097177,6573.538026862609,1077.3533173171984,122454167.64273037
250,251.0,30.0,494.0,12482222.367428167,56005.73607073352,490.70504283097256,973.2143850624641,2672.5106238016633,443.1138263829193,234.85032798294722,1390.3062643749488,1272304.0755097177,6573.538026862609,1077.3533173171984,122454167.64273037
251,252.0,30.0,494.0,12571927.435445214,51358.79328167066,490.70504283097256,973.2143850624641,2670.117386543728,442.7170172891177,234.64001916323238,1390.3062643749488,1272304.0755097177,6573.538026862609,1077.3533173171984,122454167.64273037
252,253.0,30.0,494.0,12670231.451293431,42238.612190403044,490.70504283097256,973.2143850624641,2667.728789923958,442.3209776332057,234.43011814559904,1390.3062643749488,1272304.0755097177,6573.538026862609,1077.3533173171984,122454167.64273037
253,254.0,30.0,494.0,12777117.75722021,28653.858286991715,490.70504283097256,973.2143850624641,2665.344820457691,441.9257051793679,234.220623745065,1390.3062643749488,1272304.0755097177,6573.538026862609,1077.3533173171984,122454167.64273037
254,255.0,30.0,494.0,12889716.359446675,12097.524243433028,490.7050428309728,973.2143850624641,2663.7580714855567,441.6626153333296,234.0811861266647,1390.3062643749488,1272304.0755097177,6573.538026862609,1077.3533173171984,122454167.64273037
255,256.0,30.0,494.0,12993743.74988648,0.0,490.7050428309728,973.2143850624641,2666.1389636485173,442.05737755696254,234.29041010519015,1390.3062643749488,1272304.0755097177,6573.538026862609,1077.3533173171984,122454167.64273037
256,257.0,30.0,494.0,12647567.442022892,0.0,512.3229556903622,1016.4008610024682,2791.1955465105707,462.7923001622654,245.2799190860007,1452.0012300035262,1272304.0755097177,6573.538026862609,1077.3533173171984,122454167.64273037
257,258.0,30.0,494.0,12249684.15745785,0.0,512.3229556903622,1021.6310984444782,2805.558595594308,465.1737558546536,246.54209060296643,1459.472997777826,1272304.0755097177,6573.538026862609,1077.3533173171984,122454167.64273037
258,259.0,30.0,494.0,11784026.744594255,0.0,512.3229556903625,1028.4865521190054,2824.384742343906,468.29521245354044,248.19646260037644,1469.2665030271507,1272304.0755097177,6573.538026862609,1077.3533173171984,122454167.64273037
259,260.0,30.0,494.0,11268459.110147161,944.6782004516572,512.3229556903625,1033.3513576860457,2838.248692783767,470.5939154309868,249.414775178423,1476.2162252657797,1272304.0755097177,6573.538026862609,1077.3533173171984,122454167.64273037
260,261.0,30.0,494.0,10721428.252675146,18256.765194300562,512.3229556903625,1033.3513576860457,2846.988476957356,472.04300946729444,250.18279501766605,1476.2162252657797,1272304.0755097177,6573.538026862609,1077.3533173171984,122454167.64273037
261,262.0,30.0,494.0,10164917.638654917,40500.29390865192,512.3229556903625,1033.3513576860457,2849.621742665193,472.47961631678294,250.41419664789498,1476.2162252657797,1272304.0755097177,6573.538026862609,1077.3533173171984,122454167.64273037
262,263.0,30.0,494.0,9621042.503979908,56170.74981415948,512.3229556903625,1033.3513576860457,2846.1118872915213,471.89766710736654,250.10576356690427,1476.2162252657797,1272304.0755097177,6573.538026862609,1077.3533173171984,122454167.64273037
263,264.0,30.0,494.0,9114873.262597922,52226.31219910644,512.3229556903625,1033.3513576860457,2835.6380280434564,470.161055919717,249.18535963745003,1476.2162252657797,1272304.0755097177,6573.538026862609,1077.3533173171984,122454167.64273037
264,265.0,30.0,494.0,8680143.585559282,41459.93362686224,512.3229556903625,1027.4516282344364,2815.7937046147517,466.8707812214018,247.44151404734296,1467.788040334909,1272304.0755097177,6573.538026862609,1077.3533173171984,122454167.64273037
265,266.0,30.0,494.0,8291426.7778069265,51194.9104033988,512.3229556903625,1018.8109835580814,2803.012352035229,464.7515776540066,246.3183361566235,1455.4442622258307,1272304.0755097177,6573.538026862609,1077.3533173171984,122454167.64273037
266,267.0,30.0,494.0,7911858.504329955,56170.74981415948,512.3229556903625,1018.8109835580814,2800.4710925142886,464.3302258284509,246.095019689079,1455.4442622258307,1272304.0755097177,6573.538026862609,1077.3533173171984,122454167.64273037
267,268.0,30.0,494.0,7547498.058525518,53235.36118007451,512.3229556903625,1018.8109835580814,2796.2466959385847,463.6298025956496,245.7237953756943,1455.4442622258307,1272304.0755097177,6573.538026862609,1077.3533173171984,122454167.64273037
268,269.0,30.0,494.0,7183137.61272108,50299.97254598979,512.3229556903625,1018.8109835580814,2796.2466959385847,463.6298025956496,245.7237953756943,1455.4442622258307,1272304.0755097177,6573.538026862609,1077.3533173171984,122454167.64273037
269,270.0,30.0,494.0,6812699.983612001,50525.98105741292,512.3229556903625,1018.8109835580814,2797.9348024121,463.90969795402884,245.8721399156353,1455.4442622258307,1272304.0755097177,6573.538026862609,1077.3533173171984,122454167.64273037
270,271.0,30.0,494.0,6454408.808828574,44433.31130816322,512.3229556903625,1018.8109835580814,2794.5607873216372,463.35027165140036,245.5756439752422,1455.4442622258307,1272304.0755097177,6573.538026862609,1077.3533173171984,122454167.64273037
271,272.0,30.0,494.0,6108232.500964981,32038.39530786965,512.3229556903625,1018.8109835580814,2791.1955465105725,462.7923001622657,245.27991908600083,1455.4442622258307,1272304.0755097177,6573.538026862609,1077.3533173171984,122454167.64273037
272,273.0,30.0,494.0,5756002.700361144,22792.55244064331,512.3229556903625,1018.8109835580814,2792.8770722717513,463.0711044100623,245.42768533733303,1455.4442622258307,1272304.0755097177,6573.538026862609,1077.3533173171984,122454167.64273037
273,274.0,30.0,494.0,5397711.5255777165,16699.882691393606,512.3229556903625,1018.8109835580814,2794.5607873216372,463.35027165140036,245.5756439752422,1455.4442622258307,1272304.0755097177,6573.538026862609,1077.3533173171984,122454167.64273037
274,275.0,30.0,494.0,5039420.350794308,10607.212942145765,512.3229556903625,1018.8109835580814,2794.5607873216372,463.35027165140036,245.5756439752422,1455.4442622258307,1272304.0755097177,6573.538026862609,1077.3533173171984,122454167.64273037
275,276.0,30.0,494.0,4681129.176010881,4514.543192896061,512.3229556903625,1018.8109835580814,2794.5607873216372,463.35027165140036,245.5756439752422,1455.4442622258307,1272304.0755097177,6573.538026862609,1077.3533173171984,122454167.64273037
276,277.0,30.0,494.0,4319804.3537863195,0.0,512.3229556903625,1018.8109835580814,2795.4034671663967,463.48999161625346,245.64969555661435,1455.4442622258307,1272304.0755097177,6573.538026862609,1077.3533173171984,122454167.64273037
277,278.0,30.0,494.0,3946325.1610818226,0.0,512.3229556903625,1019.162588329794,2798.7796811886014,464.0497825112802,245.94638473097854,1455.9465547568486,1272304.0755097177,6573.538026862609,1077.3533173171984,122454167.64273037
278,279.0,30.0,494.0,3563709.3665419854,0.0,512.3229556903625,1020.0867691668957,2801.3176261428625,464.4705847673373,246.1694099266888,1457.2668130955653,1272304.0755097177,6573.538026862609,1077.3533173171984,122454167.64273037
279,280.0,30.0,494.0,3181093.5720021483,0.0,512.3229556903625,1020.0867691668957,2801.3176261428625,464.4705847673373,246.1694099266888,1457.2668130955653,1272304.0755097177,6573.538026862609,1077.3533173171984,122454167.64273037
280,281.0,30.0,494.0,2777089.3087354936,0.0,512.3229556903625,1022.2502445255141,2807.258867455867,465.4556682870146,246.69150419211775,1460.3574921793058,1272304.0755097177,6573.538026862609,1077.3533173171984,122454167.64273037
281,282.0,30.0,494.0,2320731.579221744,0.0,512.3229556903625,1027.5458753446496,2821.8014969689484,467.86689919170004,247.96945657160103,1467.9226790637854,1272304.0755097177,6573.538026862609,1077.3533173171984,122454167.64273037
282,283.0,30.0,494.0,1808298.8155998532,0.0,512.3229556903625,1033.2179482768536,2837.3778953323217,470.44953344526976,249.338252725993,1476.0256403955052,1272304.0755097177,6573.538026862609,1077.3533173171984,122454167.64273037
283,284.0,30.0,494.0,1258110.1386985425,16530.738655886613,512.3229556903625,1033.8227046519632,2847.865649021049,472.1884483913076,250.25987764739304,1476.8895780742332,1272304.0755097177,6573.538026862609,1077.3533173171984,122454167.64273037
284,285.0,30.0,494.0,698435.4028000124,37996.19761435936,512.3229556903625,1033.8227046519632,2850.500665409166,472.62534551116227,250.491433120916,1476.8895780742332,1272304.0755097177,6573.538026862609,1077.3533173171984,122454167.64273037
285,286.0,30.0,494.0,145086.8077469431,56170.74981415948,512.3229556903625,1033.8227046519632,2848.7434040632047,472.3339839756725,250.33701150710644,1476.8895780742332,1272304.0755097177,6573.538026862609,1077.3533173171984,122454167.64273037
286,287.0,30.0,494.0,60955.67377164401,0.0,487.5367402570619,1000.8166929516967,2718.4052204304908,450.7233491071251,238.88337502677632,1429.7381327881383,1272304.0755097177,6573.538026862609,1077.3533173171984,122454167.64273037
287,288.0,30.0,494.0,6745.727045379627,23134.259847263806,487.53674025706187,982.3697019041663,2710.093779527981,449.3452762387645,238.15299640654518,1403.3852884345233,1272304.0755097177,6573.538026862609,1077.3533173171984,122454167.64273037
288,289.0,30.0,494.0,0.0,21577.27029641345,487.53674025706187,982.3697019041663,2696.9092740610686,447.1592281780465,236.99439093436465,1403.3852884345233,1272304.0755097177,6573.538026862609,1077.3533173171984,122454167.64273037
289,290.0,30.0,494.0,22666.384243099837,4719.8759347060695,487.5367402570618,982.3697019041663,2688.7392431476023,445.8046016978033,236.27643889983577,1403.3852884345233,1272304.0755097177,6573.538026862609,1077.3533173171984,122454167.64273037
290,291.0,30.0,494.0,57043.65073628537,24162.18513706792,487.5367402570618,974.1268530890953,2685.486220300356,445.26523643267893,235.99057530931984,1391.6097901272792,1272304.0755097177,6573.538026862609,1077.3533173171984,122454167.64273037
291,292.0,30.0,494.0,103101.1455060672,37528.35042843036,487.5367402570618,974.1268530890953,2682.2417124457456,444.72728299018127,235.70545998479608,1391.6097901272792,1272304.0755097177,6573.538026862609,1077.3533173171984,122454167.64273037
292,293.0,30.0,494.0,160808.33477969095,44834.255710459314,487.5367402570618,974.1268530890953,2679.005686194679,444.19073583425416,235.42108999215472,1391.6097901272792,1272304.0755097177,6573.538026862609,1077.3533173171984,122454167.64273037
293,294.0,30.0,494.0,221423.19080349244,50627.57055324968,487.5367402570618,974.1268530890953,2678.1980009862955,444.0568181315471,235.35011360971998,1391.6097901272792,1272304.0755097177,6573.538026862609,1077.3533173171984,122454167.64273037
294,295.0,30.0,494.0,284943.814555265,54909.28284265008,487.5367402570618,974.1268530890953,2677.3908432840817,443.92298789164573,235.27918358257224,1391.6097901272792,1272304.0755097177,6573.538026862609,1077.3533173171984,122454167.64273037
295,296.0,30.0,494.0,354270.2841331102,56170.74981415948,487.5367402570618,974.1268530890953,2675.778108332395,443.65558945774654,235.1374624126057,1391.6097901272792,1272304.0755097177,6573.538026862609,1077.3533173171984,122454167.64273037
296,297.0,30.0,494.0,429395.02573420666,54415.91141781956,487.5367402570618,974.1268530890953,2674.1674772148253,443.3885398486481,234.99592611978352,1391.6097901272792,1272304.0755097177,6573.538026862609,1077.3533173171984,122454167.64273037
297,298.0,30.0,494.0,507416.0678006634,51154.39541036822,487.5367402570618,974.1268530890953,2673.362949307781,443.25514564016595,234.92522718928797,1391.6097901272792,1272304.0755097177,6573.538026862609,1077.3533173171984,122454167.64273037
298,299.0,30.0,494.0,591224.0489438027,44882.4695203891,487.5367402570618,974.1268530890953,2671.7554662309244,442.9886179898405,234.7839675346155,1391.6097901272792,1272304.0755097177,6573.538026862609,1077.3533173171984,122454167.64273037
299,300.0,30.0,494.0,677922.6723863818,37106.80944036972,487.5367402570618,974.1268530890953,2670.952510036622,442.8554843781323,234.71340672041012,1391.6097901272792,1272304.0755097177,6573.538026862609,1077.3533173171984,122454167.64273037
300,301.0,30.0,494.0,767510.0557573773,27828.394394143485,487.5367402570618,974.1268530890953,2670.150076723187,442.7224374623346,234.64289185503733,1391.6097901272792,1272304.0755097177,6573.538026862609,1077.3533173171984,122454167.64273037
301,302.0,30.0,494.0,859984.3185237069,17048.202649349347,487.5367402570618,974.1268530890953,2669.3481657800385,442.58947715779095,234.5724228936292,1391.6097901272792,1272304.0755097177,6573.538026862609,1077.3533173171984,122454167.64273037
302,303.0,30.0,494.0,955343.5819880236,4767.211518688127,487.5367402570618,974.1268530890953,2668.5467766972642,442.4566033799556,234.50199979137648,1391.6097901272792,1272304.0755097177,6573.538026862609,1077.3533173171984,122454167.64273037
303,304.0,30.0,494.0,1036259.0366200637,0.0,487.5367402570618,974.1268530890953,2672.5589458173413,443.12183838222614,234.85457434257987,1391.6097901272792,1272304.0755097177,6573.538026862609,1077.3533173171984,122454167.64273037
304,305.0,30.0,494.0,1079399.341546476,0.0,487.5367402570618,977.0209077561683,2683.052042957793,444.861639295683,235.776668826712,1395.7441539373833,1272304.0755097177,6573.538026862609,1077.3533173171984,122454167.64273037
305,306.0,30.0,494.0,1081497.5569281876,0.0,487.5367402570618,981.1723760323821,2694.4526233868764,446.7519048654157,236.77850957867034,1401.674822903403,1272304.0755097177,6573.538026862609,1077.3533173171984,122454167.64273037
306,307.0,30.0,494.0,1030268.8422970213,0.0,487.5367402570618,986.5664741563394,2709.265659501565,449.2079703547986,238.08022428804327,1409.3806773661993,1272304.0755097177,6573.538026862609,1077.3533173171984,122454167.64273037
307,308.0,30.0,494.0,943134.6595835816,0.0,487.5367402570618,990.1983655473424,2719.23940063553,450.8616597949315,238.9566796913137,1414.5690936390606,1272304.0755097177,6573.538026862609,1077.3533173171984,122454167.64273037
308,309.0,30.0,494.0,828883.0151156317,7345.861700321548,487.5367402570618,991.5129750569732,2726.7720289006784,452.110602157803,239.61861914363558,1416.4471072242475,1272304.0755097177,6573.538026862609,1077.3533173171984,122454167.64273037
309,310.0,30.0,494.0,693427.3469140679,25722.218408662826,487.5367402570618,991.5129750569732,2732.662035493342,453.08719073913596,240.13621109174207,1416.4471072242475,1272304.0755097177,6573.538026862609,1077.3533173171984,122454167.64273037
310,311.0,30.0,494.0,554934.439304566,45678.57024190761,487.5367402570618,991.5129750569732,2733.505713106658,453.2270761383335,240.21035035331676,1416.4471072242475,1272304.0755097177,6573.538026862609,1077.3533173171984,122454167.64273037
311,312.0,30.0,494.0,434634.59856060334,56170.74981415948,487.5367402570618,991.5129750569732,2728.4520834217865,452.3891624676292,239.7662561078435,1416.4471072242475,1272304.0755097177,6573.538026862609,1077.3533173171984,122454167.64273037
312,313.0,30.0,494.0,365488.84975161403,40052.18027492333,487.5367402570618,991.5129750569732,2714.2426134398493,450.03317085491386,238.51758055310435,1416.4471072242475,1272304.0755097177,6573.538026862609,1077.3533173171984,122454167.64273037
313,314.0,30.0,494.0,341002.73904575966,701.3260832084343,487.5367402570618,991.5129750569732,2701.8371584112006,447.97629272810354,237.4274351458949,1416.4471072242475,1272304.0755097177,6573.538026862609,1077.3533173171984,122454167.64273037
314,315.0,30.0,494.0,334257.0120003801,22970.34861299675,487.5367402570618,977.7368662218197,2696.909274061069,447.1592281780465,236.99439093436465,1396.7669517454567,1272304.0755097177,6573.538026862609,1077.3533173171984,122454167.64273037
315,316.0,30.0,494.0,345181.7391873952,36047.06596293766,487.5367402570618,977.7368662218197,2692.00081455207,446.3453843507078,236.56305370587512,1396.7669517454567,1272304.0755097177,6573.538026862609,1077.3533173171984,122454167.64273037
316,317.0,30.0,494.0,364915.59903849475,44541.2052561352,487.5367402570618,977.7368662218197,2689.553833256491,445.9396642628942,236.34802205933394,1396.7669517454567,1272304.0755097177,6573.538026862609,1077.3533173171984,122454167.64273037
317,318.0,30.0,494.0,393441.2636905033,52638.265762015246,487.5367402570618,976.9247718807339,2687.1116652562387,445.5347422402748,236.13341338734566,1395.6068169724772,1272304.0755097177,6573.538026862609,1077.3533173171984,122454167.64273037
318,319.0,30.0,494.0,430741.45635674894,56170.74981415948,487.5367402570618,976.9247718807339,2684.6742963633947,445.1306159304312,235.91922644312854,1395.6068169724772,1272304.0755097177,6573.538026862609,1077.3533173171984,122454167.64273037
319,320.0,30.0,494.0,476798.95112653263,55147.61846281029,487.5367402570618,976.9247718807339,2682.2417124457456,444.72728299018127,235.70545998479608,1395.6068169724772,1272304.0755097177,6573.538026862609,1077.3533173171984,122454167.64273037
320,321.0,30.0,494.0,528685.1023818478,51092.37551439181,487.5367402570618,976.9247718807339,2680.6226411997645,444.4588339712686,235.56318200477236,1395.6068169724772,1272304.0755097177,6573.538026862609,1077.3533173171984,122454167.64273037
321,322.0,30.0,494.0,583482.724020863,45522.563447540626,487.5367402570618,976.9247718807339,2679.8138994265146,444.3247410855345,235.4921127753333,1395.6068169724772,1272304.0755097177,6573.538026862609,1077.3533173171984,122454167.64273037
322,323.0,30.0,494.0,638280.3456598781,39952.75138068851,487.5367402570618,976.9247718807339,2679.8138994265146,444.3247410855345,235.4921127753333,1395.6068169724772,1272304.0755097177,6573.538026862609,1077.3533173171984,122454167.64273037
323,324.0,30.0,494.0,693077.9672989268,34382.93931383733,487.5367402570618,976.9247718807339,2679.8138994265146,444.3247410855345,235.4921127753333,1395.6068169724772,1272304.0755097177,6573.538026862609,1077.3533173171984,122454167.64273037
324,325.0,30.0,494.0,750785.1565725505,27299.547953155823,487.5367402570618,976.9247718807339,2679.005686194679,444.19073583425416,235.42108999215472,1395.6068169724772,1272304.0755097177,6573.538026862609,1077.3533173171984,122454167.64273037
325,326.0,30.0,494.0,811400.0125963539,18703.56615323387,487.5367402570618,976.9247718807339,2678.1980009862955,444.0568181315471,235.35011360971998,1395.6068169724772,1272304.0755097177,6573.538026862609,1077.3533173171984,122454167.64273037
326,327.0,30.0,494.0,874920.6363481265,8595.981799921952,487.5367402570618,976.9247718807339,2677.3908432840817,443.92298789164573,235.27918358257224,1395.6068169724772,1272304.0755097177,6573.538026862609,1077.3533173171984,122454167.64273037
327,328.0,30.0,494.0,935535.4923719298,0.0,487.5367402570618,976.9247718807339,2678.1980009862955,444.0568181315471,235.35011360971998,1395.6068169724772,1272304.0755097177,6573.538026862609,1077.3533173171984,122454167.64273037
328,329.0,30.0,494.0,958201.8766150288,0.0,487.5367402570618,979.091875222723,2688.7392431476023,445.8046016978033,236.27643889983577,1398.7026788896044,1272304.0755097177,6573.538026862609,1077.3533173171984,122454167.64273037
329,330.0,30.0,494.0,924819.2206929736,0.0,487.5367402570618,984.7613188290103,2704.308420971256,448.38603875464145,237.64460053995998,1406.8018840414434,1272304.0755097177,6573.538026862609,1077.3533173171984,122454167.64273037
330,331.0,30.0,494.0,828663.9126237147,0.0,487.5367402570618,991.1108657671384,2721.745268789924,451.2771435787621,239.1768860967439,1415.8726653816263,1272304.0755097177,6573.538026862609,1077.3533173171984,122454167.64273037
331,332.0,30.0,494.0,678001.7332870346,1725.3740282738581,487.5367402570618,996.2888273059925,2736.8860663642076,453.7875533364926,240.50740326834108,1423.2697532942752,1272304.0755097177,6573.538026862609,1077.3533173171984,122454167.64273037
332,333.0,30.0,494.0,487563.59297909774,24142.50658526768,487.53674025706243,996.2888273059925,2747.934944411779,455.6195051294224,241.47833771859388,1423.2697532942752,1272304.0755097177,6573.538026862609,1077.3533173171984,122454167.64273037
333,334.0,30.0,494.0,278649.92472387664,56170.74981415948,487.53674025706243,996.2888273059925,2753.0670355082466,456.47042804170127,241.92932686210168,1423.2697532942752,1272304.0755097177,6573.538026862609,1077.3533173171984,122454167.64273037
334,335.0,30.0,494.0,141324.75020295382,50958.11212868802,483.8925182055387,996.2888273059925,2733.1813428042747,453.1732941385263,240.18184589341894,1423.2697532942752,1272304.0755097177,6573.538026862609,1077.3533173171984,122454167.64273037
335,336.0,30.0,494.0,31459.570303089346,31460.575624319725,483.8925182055387,996.2888273059925,2725.5535665206485,451.90857582245,239.5115451858985,1423.2697532942752,1272304.0755097177,6573.538026862609,1077.3533173171984,122454167.64273037
336,337.0,30.0,494.0,0.0,0.0,483.8925182055387,990.6841300133897,2703.774230521544,448.2974676664366,237.59765786321142,1415.2630428762711,1272304.0755097177,6573.538026862609,1077.3533173171984,122454167.64273037
337,338.0,30.0,494.0,24984.853347895947,27129.17197614722,483.8925182055387,973.5822418583296,2688.0952239518256,445.69782052823075,236.2198448799623,1390.8317740833281,1272304.0755097177,6573.538026862609,1077.3533173171984,122454167.64273037
338,339.0,30.0,494.0,70586.77185946889,43533.18927291656,483.8925182055387,973.5822418583296,2682.36826140636,444.74826535547595,235.71658063840226,1390.8317740833281,1272304.0755097177,6573.538026862609,1077.3533173171984,122454167.64273037
339,340.0,30.0,494.0,130857.00171413086,52306.63903783634,483.8925182055399,973.5822418583296,2678.2937304777233,444.0726904954833,235.35852596260617,1390.8317740833281,1272304.0755097177,6573.538026862609,1077.3533173171984,122454167.64273037
340,341.0,30.0,494.0,202827.16591661982,56170.74981415948,483.8925182055399,973.3533698250691,2675.0437487144545,443.5338294552423,235.07292961127843,1390.504814035813,1272304.0755097177,6573.538026862609,1077.3533173171984,122454167.64273037
341,342.0,30.0,494.0,283552.1104193181,55480.55704830028,483.8925182055399,973.3533698250691,2672.611865297714,443.1306126610744,234.85922471036943,1390.504814035813,1272304.0755097177,6573.538026862609,1077.3533173171984,122454167.64273037
342,343.0,30.0,494.0,370103.998508852,51759.14374834951,483.8925182055399,973.3533698250691,2670.993269856926,442.8622425327217,234.71698854234253,1390.504814035813,1272304.0755097177,6573.538026862609,1077.3533173171984,122454167.64273037
343,344.0,30.0,494.0,462475.1864820123,45010.486227066256,483.8925182055399,973.3533698250691,2669.3767976670297,442.59422444855505,234.5749389577342,1390.504814035813,1272304.0755097177,6573.538026862609,1077.3533173171984,122454167.64273037
344,345.0,30.0,494.0,563561.0252055284,33728.40086179506,483.8925182055399,973.3533698250691,2666.9560613474864,442.19285589134006,234.36221362241025,1390.504814035813,1272304.0755097177,6573.538026862609,1077.3533173171984,122454167.64273037
345,346.0,30.0,494.0,664646.8639290445,22446.315496522933,483.8925182055399,973.3533698250691,2666.9560613474864,442.19285589134006,234.36221362241025,1390.504814035813,1272304.0755097177,6573.538026862609,1077.3533173171984,122454167.64273037
346,347.0,30.0,494.0,762829.7231131159,12674.382247687317,483.8925182055399,973.3533698250691,2667.762444552888,442.32655771631846,234.4330755896488,1390.504814035813,1272304.0755097177,6573.538026862609,1077.3533173171984,122454167.64273037
347,348.0,30.0,494.0,855200.9110862762,5925.724726404995,483.8925182055399,973.3533698250691,2669.3767976670297,442.59422444855505,234.5749389577342,1390.504814035813,1272304.0755097177,6573.538026862609,1077.3533173171984,122454167.64273037
348,349.0,30.0,494.0,944663.4036401957,690.1927658589557,483.8925182055399,973.3533698250691,2670.184768616819,442.7281895284236,234.64594045006453,1390.504814035813,1272304.0755097177,6573.538026862609,1077.3533173171984,122454167.64273037
349,350.0,30.0,494.0,1025388.348142894,0.0,483.8925182055399,973.3533698250691,2672.611865297714,443.1306126610744,234.85922471036943,1390.504814035813,1272304.0755097177,6573.538026862609,1077.3533173171984,122454167.64273037
350,351.0,30.0,494.0,1100278.690285528,0.0,483.8925182055399,973.8093443651718,2674.2325881755096,443.3993355276891,235.00164782967525,1391.1562062359599,1272304.0755097177,6573.538026862609,1077.3533173171984,122454167.64273037
351,352.0,30.0,494.0,1154687.39282405,0.0,483.8925182055399,975.8810926120224,2679.921932509985,444.3426534382736,235.50160632228503,1394.1158465886035,1272304.0755097177,6573.538026862609,1077.3533173171984,122454167.64273037
352,353.0,30.0,494.0,1138150.6533989534,0.0,483.8925182055399,983.0573293709517,2699.628999722101,447.61017046191944,237.2333903448173,1404.367613387074,1272304.0755097177,6573.538026862609,1077.3533173171984,122454167.64273037
353,354.0,30.0,494.0,1058602.7781775016,0.0,483.8925182055399,989.4309992841725,2717.132092998866,450.51225906966147,238.7714973069206,1413.4728561202464,1272304.0755097177,6573.538026862609,1077.3533173171984,122454167.64273037
354,355.0,30.0,494.0,936553.6521985959,0.0,483.8925182055399,993.7300638828893,2728.937995987048,452.46972887367565,239.80895630304812,1419.6143769755563,1272304.0755097177,6573.538026862609,1077.3533173171984,122454167.64273037
355,356.0,30.0,494.0,780829.2406821679,3857.3265177337453,483.8925182055399,996.3863332874496,2738.292241969693,454.0207033369317,240.63097276857383,1423.4090475534995,1272304.0755097177,6573.538026862609,1077.3533173171984,122454167.64273037
356,357.0,30.0,494.0,606631.0076682232,17324.87599916663,483.8925182055399,996.3863332874496,2743.423859052337,454.8715476556673,241.0819202575037,1423.4090475534995,1272304.0755097177,6573.538026862609,1077.3533173171984,122454167.64273037
357,358.0,30.0,494.0,420075.23356197216,37220.912688631564,483.89251820554,996.3863332874496,2746.8565093557554,455.44069593034044,241.38356884308044,1423.4090475534995,1272304.0755097177,6573.538026862609,1077.3533173171984,122454167.64273037
358,359.0,30.0,494.0,236611.97874477878,55508.19723705202,483.89251820554,996.3863332874496,2745.997476219906,455.2982645190578,241.30808019510064,1423.4090475534995,1272304.0755097177,6573.538026862609,1077.3533173171984,122454167.64273037
359,360.0,30.0,494.0,87028.91105845384,56170.74981415948,483.89251820554,996.3863332874496,2736.586313127998,453.73785295278424,240.48106206497565,1423.4090475534995,1272304.0755097177,6573.538026862609,1077.3533173171984,122454167.64273037
360,361.0,30.0,494.0,16536.739425096228,15689.614520827548,483.89251820554,996.3863332874496,2714.616619779951,450.0951827245686,238.55044684402137,1423.4090475534995,1272304.0755097177,6573.538026862609,1077.3533173171984,122454167.64273037
361,362.0,30.0,494.0,0.0,28148.705384480767,483.8925182055399,980.634728369686,2699.628999722101,447.61017046191944,237.2333903448173,1400.906754813837,1272304.0755097177,6573.538026862609,1077.3533173171984,122454167.64273037
362,363.0,30.0,494.0,4272.189523347015,29782.832563318312,483.89251820553983,980.634728369686,2693.848741680867,446.6517786653366,236.72544269262843,1400.906754813837,1272304.0755097177,6573.538026862609,1077.3533173171984,122454167.64273037
363,364.0,30.0,494.0,26303.95935305208,22178.290498280898,483.89251820553983,980.634728369686,2688.9155249290993,445.833829980013,236.2919298894069,1400.906754813837,1272304.0755097177,6573.538026862609,1077.3533173171984,122454167.64273037
364,365.0,30.0,494.0,66025.00416598842,40634.33496692404,483.89251820553983,973.7780956785061,2684.0018374337583,445.0191193299152,235.86013324485506,1391.1115652550088,1272304.0755097177,6573.538026862609,1077.3533173171984,122454167.64273037
365,366.0,30.0,494.0,120433.70670451224,51449.74776786473,483.89251820553983,973.7780956785061,2679.9219325099843,444.3426534382735,235.50160632228497,1391.1115652550088,1272304.0755097177,6573.538026862609,1077.3533173171984,122454167.64273037
366,367.0,30.0,494.0,186557.7520440407,56170.74981415948,483.89251820553983,973.7780956785061,2676.6676706208164,443.80308273463675,235.2156338493575,1391.1115652550088,1272304.0755097177,6573.538026862609,1077.3533173171984,122454167.64273037
367,368.0,30.0,494.0,264366.35365678184,54813.35649257619,483.89251820553983,973.7780956785061,2673.421960544924,443.26492995864805,234.93041287808347,1391.1115652550088,1272304.0755097177,6573.538026862609,1077.3533173171984,122454167.64273037
368,369.0,30.0,494.0,350918.24174631946,48907.63880351931,483.89251820553983,973.7780956785061,2670.993269856925,442.8622425327216,234.71698854234248,1391.1115652550088,1272304.0755097177,6573.538026862609,1077.3533173171984,122454167.64273037
369,370.0,30.0,494.0,440380.734300239,41487.8024538653,483.89251820553983,973.7780956785061,2670.184768616819,442.7281895284236,234.64594045006453,1391.1115652550088,1272304.0755097177,6573.538026862609,1077.3533173171984,122454167.64273037
370,371.0,30.0,494.0,526932.6223897934,35582.08476480842,483.89251820553983,973.7780956785061,2670.993269856925,442.8622425327216,234.71698854234248,1391.1115652550088,1272304.0755097177,6573.538026862609,1077.3533173171984,122454167.64273037
371,372.0,30.0,494.0,613484.510479331,29676.367075751536,483.89251820553983,973.7780956785061,2670.993269856925,442.8622425327216,234.71698854234248,1391.1115652550088,1272304.0755097177,6573.538026862609,1077.3533173171984,122454167.64273037
372,373.0,30.0,494.0,700036.3985688686,23770.64938669496,483.89251820553983,973.7780956785061,2670.993269856925,442.8622425327216,234.71698854234248,1391.1115652550088,1272304.0755097177,6573.538026862609,1077.3533173171984,122454167.64273037
373,374.0,30.0,494.0,786588.2866584063,17864.931697640568,483.89251820553983,973.7780956785061,2670.993269856925,442.8622425327216,234.71698854234248,1391.1115652550088,1272304.0755097177,6573.538026862609,1077.3533173171984,122454167.64273037
374,375.0,30.0,494.0,881866.2628832348,7419.836349643767,483.8925182055406,973.7780956785061,2668.569356486011,442.4603472066411,234.50398401951978,1391.1115652550088,1272304.0755097177,6573.538026862609,1077.3533173171984,122454167.64273037
375,376.0,30.0,494.0,971328.7554371413,0.0,483.8925182055406,973.7780956785061,2670.1847686168226,442.72818952842425,234.64594045006487,1391.1115652550088,1272304.0755097177,6573.538026862609,1077.3533173171984,122454167.64273037
376,377.0,30.0,494.0,986254.8228280134,0.0,485.55787746545997,979.8748197612767,2690.8893311621096,446.1610955948465,236.46538066526864,1399.8211710875382,1272304.0755097177,6573.538026862609,1077.3533173171984,122454167.64273037
377,378.0,30.0,494.0,953752.9375378042,0.0,485.5578774654601,984.6722275722713,2704.06376246241,448.34547331514557,237.62310085702717,1406.6746108175305,1272304.0755097177,6573.538026862609,1077.3533173171984,122454167.64273037
378,379.0,30.0,494.0,870304.5896476246,0.0,485.5578774654601,989.8255378840855,2718.215557629069,450.69190219390725,238.86670816277086,1414.0364826915509,1272304.0755097177,6573.538026862609,1077.3533173171984,122454167.64273037
379,380.0,30.0,494.0,750545.0344985761,0.0,485.5578774654601,993.4984703950396,2728.3020040898655,452.36427866494716,239.753067692422,1419.283529135771,1272304.0755097177,6573.538026862609,1077.3533173171984,122454167.64273037
380,381.0,30.0,494.0,603360.1141228583,7668.7862736377865,485.5578774654601,994.7814339086434,2735.9201610972773,453.6274020634009,240.42252309360248,1421.1163341552049,1272304.0755097177,6573.538026862609,1077.3533173171984,122454167.64273037
381,382.0,30.0,494.0,437799.3774304483,24896.8124677795,485.5578774654601,994.7814339086434,2741.024554518577,454.4737325812787,240.87107826807772,1421.1163341552049,1272304.0755097177,6573.538026862609,1077.3533173171984,122454167.64273037
382,383.0,30.0,494.0,266096.87667834386,45319.831209187396,485.5578774654601,994.7814339086434,2742.7306000907142,454.7566023198386,241.02099922951444,1421.1163341552049,1272304.0755097177,6573.538026862609,1077.3533173171984,122454167.64273037
383,384.0,30.0,494.0,112794.91355630197,56170.74981415948,485.5578774654601,994.7814339086434,2737.6193396379194,453.90913321842265,240.571840605764,1421.1163341552049,1272304.0755097177,6573.538026862609,1077.3533173171984,122454167.64273037
384,385.0,30.0,494.0,29346.565666122362,30683.2845450053,485.5578774654601,994.7814339086434,2718.215557629069,450.69190219390725,238.86670816277086,1421.1163341552049,1272304.0755097177,6573.538026862609,1077.3533173171984,122454167.64273037
385,386.0,30.0,494.0,2800.6641202618553,0.0,485.5578774654601,990.0359651931489,2702.4093225334236,448.07116001553703,237.47771480823465,1414.3370931330699,1272304.0755097177,6573.538026862609,1077.3533173171984,122454167.64273037
386,387.0,30.0,494.0,0.0,10742.583926014602,485.5578774654601,979.5790692020215,2695.8134232485363,446.97753137117076,236.89809162672051,1399.3986702886023,1272304.0755097177,6573.538026862609,1077.3533173171984,122454167.64273037
387,388.0,30.0,494.0,11976.483815473082,13797.982693879865,485.5578774654601,979.5790692020215,2691.708659933054,446.29694385061225,236.53738024082452,1399.3986702886023,1272304.0755097177,6573.538026862609,1077.3533173171984,122454167.64273037
388,389.0,30.0,494.0,38681.462960574776,9191.505760679953,485.5578774654601,979.5790692020215,2687.6174112303784,445.6185971113398,236.1778564690101,1399.3986702886023,1272304.0755097177,6573.538026862609,1077.3533173171984,122454167.64273037
389,390.0,30.0,494.0,74200.28590927832,0.0,485.5578774654601,979.5790692020215,2685.1691212849346,445.21266004371563,235.9627098231693,1399.3986702886023,1272304.0755097177,6573.538026862609,1077.3533173171984,122454167.64273037
390,391.0,30.0,494.0,118515.57565340213,0.0,485.5578774654601,976.9020562978269,2682.7256582862065,444.80752330474496,235.74798735151484,1395.5743661397528,1272304.0755097177,6573.538026862609,1077.3533173171984,122454167.64273037
391,392.0,30.0,494.0,168685.54806200042,0.0,485.5578774654601,976.3098464562105,2681.0993575460743,444.5378756044173,235.60507407034117,1394.7283520803007,1272304.0755097177,6573.538026862609,1077.3533173171984,122454167.64273037
392,393.0,30.0,494.0,1130468.014263589,56170.74981415948,436.15787746546005,873.1767993611163,2427.8736648257996,402.5519599487743,213.3525387728504,1247.3954276587376,1272304.0755097177,6573.538026862609,1077.3533173171984,122454167.64273037
393,394.0,30.0,494.0,2949269.6558383647,50257.31421297183,389.54426917138125,798.559962640555,2189.812782777692,363.08043552640476,192.43263082899452,1140.7999466293643,1272304.0755097177,6573.538026862609,1077.3533173171984,122454167.64273037
394,395.0,30.0,494.0,4772752.891468091,41908.47764725285,389.54426917138125,798.559962640555,2188.5123399846498,362.86481648381425,192.31835273642156,1140.7999466293643,1272304.0755097177,6573.538026862609,1077.3533173171984,122454167.64273037
395,396.0,30.0,494.0,6598574.6226661755,32343.13783587143,389.54426917138085,798.559962640555,2187.8627578823284,362.7571129602638,192.26126986893982,1140.7999466293643,1272304.0755097177,6573.538026862609,1077.3533173171984,122454167.64273037
396,397.0,30.0,494.0,8426733.317137275,21562.091890580952,389.54426917138085,798.559962640555,2187.213601417614,362.6494800092704,192.20422440491333,1140.7999466293643,1272304.0755097177,6573.538026862609,1077.3533173171984,122454167.64273037
397,398.0,30.0,494.0,10254892.011608332,10781.045945290476,389.54426917138085,798.559962640555,2187.213601417614,362.6494800092704,192.20422440491333,1140.7999466293643,1272304.0755097177,6573.538026862609,1077.3533173171984,122454167.64273037
398,399.0,30.0,494.0,12083050.70607939,0.0,389.54426917138085,798.559962640555,2187.213601417614,362.6494800092704,192.20422440491333,1140.7999466293643,1272304.0755097177,6573.538026862609,1077.3533173171984,122454167.64273037
399,400.0,30.0,494.0,12993743.74988648,0.0,438.9442691713808,889.2666605099845,2442.065171046494,404.90497309213976,214.59963573883408,1270.3809435856922,1272304.0755097177,6573.538026862609,1077.3533173171984,122454167.64273037
400,401.0,30.0,494.0,12942492.451825678,0.0,488.34426917138086,986.5687585037673,2709.271932676463,449.2090104743431,238.08077555140184,1409.3839407196676,1272304.0755097177,6573.538026862609,1077.3533173171984,122454167.64273037
401,402.0,30.0,494.0,12840374.946488174,0.0,488.3442691713808,991.7139508705098,2723.4014346977697,451.55174305313443,239.32242381816127,1416.7342155293,1272304.0755097177,6573.538026862609,1077.3533173171984,122454167.64273037
402,403.0,30.0,494.0,12668517.268902183,0.0,488.3442691713808,998.7682728087718,2742.773704766794,454.76374926166267,241.02478710868124,1426.8118182982455,1272304.0755097177,6573.538026862609,1077.3533173171984,122454167.64273037
403,404.0,30.0,494.0,12438233.239187336,2737.132863016799,488.3442691713808,1004.1459647699116,2759.0032470248093,457.4546775993628,242.4509791276623,1434.4942353855881,1272304.0755097177,6573.538026862609,1077.3533173171984,122454167.64273037
404,405.0,30.0,494.0,12180011.79695694,20007.520978036337,488.3442691713808,1004.1459647699116,2766.76363939024,458.74138423568183,243.1329336449114,1434.4942353855881,1272304.0755097177,6573.538026862609,1077.3533173171984,122454167.64273037
405,406.0,30.0,494.0,11915558.955965927,40519.53029597271,488.3442691713808,1004.1459647699116,2768.494583490411,459.02838225793505,243.28504259670558,1434.4942353855881,1272304.0755097177,6573.538026862609,1077.3533173171984,122454167.64273037
406,407.0,30.0,494.0,11660450.056675056,56170.74981415948,488.3442691713808,1004.1459647699116,2765.899044129279,458.5980305999863,243.05695621799276,1434.4942353855881,1272304.0755097177,6573.538026862609,1077.3533173171984,122454167.64273037
407,408.0,30.0,494.0,11436351.356985707,55690.22678193543,488.3442691713808,1004.1459647699116,2757.2850997955047,457.1698013536761,242.29999471744836,1434.4942353855881,1272304.0755097177,6573.538026862609,1077.3533173171984,122454167.64273037
408,409.0,30.0,494.0,11273651.044063931,23269.79426604882,488.3442691713808,1004.1459647699116,2740.229992360067,454.34199073702905,240.8012550906254,1434.4942353855881,1272304.0755097177,6573.538026862609,1077.3533173171984,122454167.64273037
409,410.0,30.0,494.0,11147397.242392719,0.0,488.3442691713808,998.680055288564,2730.105961457133,452.6633826028407,239.9115927795056,1426.6857932693772,1272304.0755097177,6573.538026862609,1077.3533173171984,122454167.64273037
410,411.0,30.0,494.0,11039257.69391315,10929.422799674483,488.3442691713808,990.1979239284663,2725.074224459454,451.8290988344109,239.46942238223778,1414.568462754952,1272304.0755097177,6573.538026862609,1077.3533173171984,122454167.64273037
411,412.0,30.0,494.0,10952160.357422275,10912.526296219788,488.3442691713808,990.1979239284663,2719.2291655737063,450.85996277739014,238.9557802720168,1414.568462754952,1272304.0755097177,6573.538026862609,1077.3533173171984,122454167.64273037
412,413.0,30.0,494.0,10886007.792000169,0.0,488.3442691713808,990.1979239284663,2713.4111736101595,449.89531453319904,238.4445167025955,1414.568462754952,1272304.0755097177,6573.538026862609,1077.3533173171984,122454167.64273037
413,414.0,30.0,494.0,10837730.844512612,25235.11029047426,488.3442691713808,981.3610715275304,2708.445724183896,449.07202153096114,238.00817141140942,1401.944387896472,1272304.0755097177,6573.538026862609,1077.3533173171984,122454167.64273037
414,415.0,30.0,494.0,10807258.84353151,41207.951493481174,488.3442691713808,981.3610715275304,2703.4999057098803,448.2519834255564,237.57355121554488,1401.944387896472,1272304.0755097177,6573.538026862609,1077.3533173171984,122454167.64273037
415,416.0,30.0,494.0,10791570.614716657,49490.161563058384,488.3442691713808,981.3610715275304,2699.393302330367,447.5710908144188,237.21267813164198,1401.944387896472,1272304.0755097177,6573.538026862609,1077.3533173171984,122454167.64273037
416,417.0,30.0,494.0,10790617.611520758,55887.556627326645,488.3442691713808,980.2370733912682,2695.30018410288,446.8924340998425,236.85299007291653,1400.3386762732403,1272304.0755097177,6573.538026862609,1077.3533173171984,122454167.64273037
417,418.0,30.0,494.0,10801417.995786326,56170.74981415948,488.3442691713808,980.2370733912682,2692.0353542524717,446.35111118250063,236.56608892672534,1400.3386762732403,1272304.0755097177,6573.538026862609,1077.3533173171984,122454167.64273037
418,419.0,30.0,494.0,10821013.204504954,51878.80818484351,488.3442691713808,980.2370733912682,2689.592347459956,445.94605008449406,236.35140654478187,1400.3386762732403,1272304.0755097177,6573.538026862609,1077.3533173171984,122454167.64273037
419,420.0,30.0,494.0,10852307.98798482,41500.658455539495,488.3442691713808,980.2370733912682,2686.342465581834,445.40720560564273,236.06581897099065,1400.3386762732403,1272304.0755097177,6573.538026862609,1077.3533173171984,122454167.64273037
420,421.0,30.0,494.0,10889441.082214719,28085.37490707729,488.3442691713808,980.2370733912682,2684.7207125957134,445.1383119426101,235.92330532958334,1400.3386762732403,1272304.0755097177,6573.538026862609,1077.3533173171984,122454167.64273037
421,422.0,30.0,494.0,10926574.176444618,14670.091358615085,488.3442691713808,980.2370733912682,2684.7207125957134,445.1383119426101,235.92330532958334,1400.3386762732403,1272304.0755097177,6573.538026862609,1077.3533173171984,122454167.64273037
422,423.0,30.0,494.0,10957868.959924484,4291.94162931107,488.3442691713808,980.2370733912682,2686.342465581834,445.40720560564273,236.06581897099065,1400.3386762732403,1272304.0755097177,6573.538026862609,1077.3533173171984,122454167.64273037
423,424.0,30.0,494.0,10977464.168643111,0.0,488.3442691713808,980.2370733912682,2689.592347459956,445.94605008449406,236.35140654478187,1400.3386762732403,1272304.0755097177,6573.538026862609,1077.3533173171984,122454167.64273037
424,425.0,30.0,494.0,10718382.179510068,0.0,501.25838825307653,1007.5911413887891,2767.0026801965305,458.78101823578413,243.1539396649656,1439.4159162696988,1272304.0755097177,6573.538026862609,1077.3533173171984,122454167.64273037
425,426.0,30.0,494.0,10413565.235817079,0.0,501.2583882530765,1012.2172999269083,2779.7068342409443,460.88742195199103,244.27033363455527,1446.0247141812977,1272304.0755097177,6573.538026862609,1077.3533173171984,122454167.64273037
426,427.0,30.0,494.0,10053263.705454195,0.0,501.2583882530765,1017.8296482243377,2795.119219427042,463.4428621110218,245.62471691884156,1454.0423546061968,1272304.0755097177,6573.538026862609,1077.3533173171984,122454167.64273037
427,428.0,30.0,494.0,9646214.757193925,0.0,501.2583882530765,1022.5582189318438,2808.1046132874267,465.59589660574693,246.76582520104589,1460.79745561692,1272304.0755097177,6573.538026862609,1077.3533173171984,122454167.64273037
428,429.0,30.0,494.0,9201428.838333057,852.7500676121563,501.2583882530765,1026.2095570079273,2818.5871051209265,467.33393911341796,247.68698773011153,1466.0136528684677,1272304.0755097177,6573.538026862609,1077.3533173171984,122454167.64273037
429,430.0,30.0,494.0,8731315.540905815,14880.995803065598,501.2583882530765,1026.2095570079273,2825.6224880560303,468.5004360488009,248.3052311058645,1466.0136528684677,1272304.0755097177,6573.538026862609,1077.3533173171984,122454167.64273037
430,431.0,30.0,494.0,8242116.995466622,38837.533242378384,501.2583882530765,1026.2095570079273,2830.923945837128,469.37944069030465,248.77110356586147,1466.0136528684677,1272304.0755097177,6573.538026862609,1077.3533173171984,122454167.64273037
431,432.0,30.0,494.0,7765650.521685882,56170.74981415948,501.2583882530765,1026.2095570079273,2827.3872592653356,468.79304275213116,248.46031265862953,1466.0136528684677,1272304.0755097177,6573.538026862609,1077.3533173171984,122454167.64273037
432,433.0,30.0,494.0,7389818.455457017,21153.17938046716,501.2583882530765,1026.2095570079273,2799.4332571675927,464.15814823686566,246.0038185655388,1466.0136528684677,1272304.0755097177,6573.538026862609,1077.3533173171984,122454167.64273037
433,434.0,30.0,494.0,7078869.205884365,26290.24853455089,501.2583882530765,1011.8387172110841,2781.4102525408666,461.16985607744846,244.4200237210477,1445.4838817301204,1272304.0755097177,6573.538026862609,1077.3533173171984,122454167.64273037
434,435.0,30.0,494.0,6795451.586919615,17105.15328254085,501.2583882530765,1011.8387172110841,2773.762577372005,459.9018384400902,243.7479743732478,1445.4838817301204,1272304.0755097177,6573.538026862609,1077.3533173171984,122454167.64273037
435,436.0,30.0,494.0,6527258.7695914805,0.0,501.2583882530765,1011.8387172110841,2769.533465806278,459.20063344153954,243.37633572401597,1445.4838817301204,1272304.0755097177,6573.538026862609,1077.3533173171984,122454167.64273037
436,437.0,30.0,494.0,6271209.726263296,4723.956817236729,501.2583882530765,1006.3658072599196,2766.1601952507367,458.64133058602295,243.0799052105922,1437.6654389427424,1272304.0755097177,6573.538026862609,1077.3533173171984,122454167.64273037
437,438.0,30.0,494.0,6024247.557158839,4720.8522982522845,501.2583882530765,1006.3658072599196,2763.6360635219235,458.2228186225202,242.85809386993571,1437.6654389427424,1272304.0755097177,6573.538026862609,1077.3533173171984,122454167.64273037
438,439.0,30.0,494.0,5786354.358740462,0.0,501.2583882530765,1006.3658072599196,2761.116904998012,457.80513123791127,242.636719556093,1437.6654389427424,1272304.0755097177,6573.538026862609,1077.3533173171984,122454167.64273037
439,440.0,30.0,494.0,5569552.763594579,32704.889901774935,501.2583882530765,996.955132632638,2755.258126311209,456.8337203785047,242.12187180060752,1424.2216180466257,1272304.0755097177,6573.538026862609,1077.3533173171984,122454167.64273037
440,441.0,30.0,494.0,5382714.761100236,49863.15422478411,501.2583882530765,996.9472257346274,2746.934906130225,455.4536944547998,241.39045806104392,1424.2103224780392,1272304.0755097177,6573.538026862609,1077.3533173171984,122454167.64273037
441,442.0,30.0,494.0,5216735.100610124,56170.74981415948,501.2583882530765,996.9472257346274,2741.1409222401608,454.493026853084,240.88130423213454,1424.2103224780392,1272304.0755097177,6573.538026862609,1077.3533173171984,122454167.64273037
442,443.0,30.0,494.0,5071518.856760165,51677.05756891146,501.2583882530765,996.9472257346274,2735.3733065067854,453.5367312058522,240.3744675391017,1424.2103224780392,1272304.0755097177,6573.538026862609,1077.3533173171984,122454167.64273037
443,444.0,30.0,494.0,4941075.865594989,39498.20650479384,501.2583882530765,996.9472257346274,2731.2696252054566,452.8563230879226,240.01385123659898,1424.2103224780392,1272304.0755097177,6573.538026862609,1077.3533173171984,122454167.64273037
444,445.0,30.0,494.0,4810632.874429813,27319.355440676212,501.2583882530765,996.9472257346274,2731.2696252054566,452.8563230879226,240.01385123659898,1424.2103224780392,1272304.0755097177,6573.538026862609,1077.3533173171984,122454167.64273037
445,446.0,30.0,494.0,4674286.339353442,18211.572984116152,501.2583882530765,996.9472257346274,2732.909498514122,453.1282211788466,240.15795722478873,1424.2103224780392,1272304.0755097177,6573.538026862609,1077.3533173171984,122454167.64273037
446,447.0,30.0,494.0,4543843.348188266,6032.721919999458,501.2583882530765,996.9472257346274,2731.2696252054566,452.8563230879226,240.01385123659898,1424.2103224780392,1272304.0755097177,6573.538026862609,1077.3533173171984,122454167.64273037
447,448.0,30.0,494.0,4401585.595478227,0.0,501.2583882530765,996.9472257346274,2734.551503412363,453.40047269654656,240.3022505291697,1424.2103224780392,1272304.0755097177,6573.538026862609,1077.3533173171984,122454167.64273037
448,449.0,30.0,494.0,4211760.042861626,0.0,501.2583882530765,1000.5857500378322,2747.7647811641855,455.59129132661116,241.46338440310393,1429.4082143397604,1272304.0755097177,6573.538026862609,1077.3533173171984,122454167.64273037
449,450.0,30.0,494.0,3961770.9075809303,0.0,501.2583882530765,1006.6713857251025,2764.476887459767,458.3622308699755,242.93198236108705,1438.1019796072894,1272304.0755097177,6573.538026862609,1077.3533173171984,122454167.64273037
450,451.0,30.0,494.0,3663078.16167804,0.0,501.2583882530765,1011.5978282302995,2778.0056681881547,460.60536125885443,244.12084146719286,1445.1397546147136,1272304.0755097177,6573.538026862609,1077.3533173171984,122454167.64273037
451,452.0,30.0,494.0,3330601.757308041,0.0,501.2583882530765,1015.0150954293268,2787.3900177623514,462.1613270278593,244.94550332476544,1450.0215648990384,1272304.0755097177,6573.538026862609,1077.3533173171984,122454167.64273037
452,453.0,30.0,494.0,2979593.7679831376,9206.238582568243,501.2583882530765,1015.0994908073343,2792.5376802498267,463.01483174415046,245.39786082439974,1450.1421297247634,1272304.0755097177,6573.538026862609,1077.3533173171984,122454167.64273037
453,454.0,30.0,494.0,2616190.2660262594,24860.71745795617,501.2583882530765,1015.0994908073343,2795.9808782031514,463.5857288648217,245.70043629835553,1450.1421297247634,1272304.0755097177,6573.538026862609,1077.3533173171984,122454167.64273037
454,455.0,30.0,494.0,2249682.7267513173,42129.94024099875,501.2583882530765,1015.0994908073343,2796.8431107915026,463.72869075917436,245.7762061023624,1450.1421297247634,1272304.0755097177,6573.538026862609,1077.3533173171984,122454167.64273037
455,456.0,30.0,494.0,1889381.196388434,56170.74981415948,501.2583882530765,1015.0994908073343,2795.119219427042,463.4428621110218,245.62471691884156,1450.1421297247634,1272304.0755097177,6573.538026862609,1077.3533173171984,122454167.64273037
456,457.0,30.0,494.0,1572291.5167337426,47732.42478943523,501.2583882530765,1015.0994908073343,2783.1159275636546,461.4526643773228,244.5699121199811,1450.1421297247634,1272304.0755097177,6573.538026862609,1077.3533173171984,122454167.64273037
457,458.0,30.0,494.0,1304098.699405608,13857.578726179898,501.2583882530765,1015.0994908073343,2769.533465806278,459.20063344153954,243.37633572401597,1450.1421297247634,1272304.0755097177,6573.538026862609,1077.3533173171984,122454167.64273037
458,459.0,30.0,494.0,1054109.5641249132,16569.20653525119,501.2583882530765,1006.1441247622275,2764.476887459767,458.3622308699755,242.93198236108705,1437.3487496603252,1272304.0755097177,6573.538026862609,1077.3533173171984,122454167.64273037
459,460.0,30.0,494.0,816216.3657065362,12988.435653702356,501.2583882530765,1006.1441247622275,2761.116904998012,457.80513123791127,242.636719556093,1437.3487496603252,1272304.0755097177,6573.538026862609,1077.3533173171984,122454167.64273037
460,461.0,30.0,494.0,596407.6092793208,0.0,501.2583882530765,1006.1441247622275,2756.093448889356,456.9722204767159,242.19527685265945,1437.3487496603252,1272304.0755097177,6573.538026862609,1077.3533173171984,122454167.64273037
461,462.0,30.0,494.0,391614.98067258793,0.0,501.2583882530765,1002.0996919898627,2751.9223022725555,456.2806263175333,241.82873194829264,1431.5709885569468,1272304.0755097177,6573.538026862609,1077.3533173171984,122454167.64273037
462,463.0,30.0,494.0,192815.05520875854,0.0,501.2583882530765,1001.4935211719896,2750.2576625106376,456.0046218414863,241.68244957598776,1430.7050302456996,1272304.0755097177,6573.538026862609,1077.3533173171984,122454167.64273037
463,464.0,30.0,494.0,0.0,0.0,501.2583882530764,1000.8881426623474,2748.5951985508964,455.72897812285555,241.53635840511345,1429.8402038033535,1272304.0755097177,6573.538026862609,1077.3533173171984,122454167.64273037
464,465.0,30.0,494.0,431849.9899407013,56170.74981415948,467.0441256327437,926.7802559136023,2575.077130453824,426.95893155454985,226.28823372391142,1323.9717941622891,1272304.0755097177,6573.538026862609,1077.3533173171984,122454167.64273037
465,466.0,30.0,494.0,1768108.629608009,48533.94374465197,417.6441256327438,847.7050033352871,2323.852505529767,385.30480159889123,204.21154484741237,1211.0071476218388,1272304.0755097177,6573.538026862609,1077.3533173171984,122454167.64273037
466,467.0,30.0,494.0,3101876.441739196,42192.88517326675,417.6441256327431,847.7050033352871,2324.544402067578,385.4195210389564,204.2723461506469,1211.0071476218388,1272304.0755097177,6573.538026862609,1077.3533173171984,122454167.64273037
467,468.0,30.0,494.0,4438135.081406516,34556.07910375297,417.6441256327431,847.7050033352871,2323.852505529763,385.30480159889066,204.21154484741206,1211.0071476218388,1272304.0755097177,6573.538026862609,1077.3533173171984,122454167.64273037
468,469.0,30.0,494.0,5779370.49739652,24330.316000754014,417.6441256327431,847.7050033352871,2322.4700676623547,385.07558741814677,204.0900613316178,1211.0071476218388,1272304.0755097177,6573.538026862609,1077.3533173171984,122454167.64273037
469,470.0,30.0,494.0,7123091.8653573245,12811.341705920175,417.6441256327431,847.7050033352871,2321.77952544824,384.9610925308112,204.02937904132995,1211.0071476218388,1272304.0755097177,6573.538026862609,1077.3533173171984,122454167.64273037
470,471.0,30.0,494.0,8469297.56328131,0.0,417.6441256327431,847.7050033352871,2321.0894337918003,384.8466723478879,203.96873634438057,1211.0071476218388,1272304.0755097177,6573.538026862609,1077.3533173171984,122454167.64273037
471,472.0,30.0,494.0,8901147.553222023,0.0,467.0441256327431,937.7023461552432,2575.0771304538207,426.9589315545493,226.28823372391113,1339.574780221776,1272304.0755097177,6573.538026862609,1077.3533173171984,122454167.64273037
472,473.0,30.0,494.0,8372173.539083696,0.0,516.4441256327431,1034.891120318767,2841.972687142443,471.2113698107767,249.74202599971167,1478.4158861696671,1272304.0755097177,6573.538026862609,1077.3533173171984,122454167.64273037
473,474.0,30.0,494.0,7793020.427313513,0.0,516.4441256327431,1039.966810525056,2855.911325373514,473.5224563472077,250.9669018640201,1485.6668721786516,1272304.0755097177,6573.538026862609,1077.3533173171984,122454167.64273037
474,475.0,30.0,494.0,7159967.16987094,0.0,516.4441256327431,1045.4188902637966,2870.8835880602887,476.00492229127553,252.28260881437603,1493.4555575197096,1272304.0755097177,6573.538026862609,1077.3533173171984,122454167.64273037
475,476.0,30.0,494.0,6488498.50465,0.0,516.4441256327431,1049.3046657805628,2881.5545346653907,477.7742114155928,253.2203320502642,1499.0066654008042,1272304.0755097177,6573.538026862609,1077.3533173171984,122454167.64273037
476,477.0,30.0,494.0,5784781.160040763,12774.49478348624,516.4441256327431,1050.0827380261655,2890.51250116214,479.2594810252372,254.00752494337573,1500.1181971802366,1272304.0755097177,6573.538026862609,1077.3533173171984,122454167.64273037
477,478.0,30.0,494.0,5068103.788416787,32290.894550963305,516.4441256327432,1050.0827380261655,2894.112508666241,479.85637784800093,254.3238802594405,1500.1181971802366,1272304.0755097177,6573.538026862609,1077.3533173171984,122454167.64273037
478,479.0,30.0,494.0,4354669.681714502,50120.12314856704,516.4441256327432,1050.0827380261655,2893.2116017435424,479.7070035816551,254.24471189827722,1500.1181971802366,1272304.0755097177,6573.538026862609,1077.3533173171984,122454167.64273037
479,480.0,30.0,494.0,3663877.6916836137,56170.74981415948,516.4441256327432,1050.0827380261655,2886.922124890377,478.6641811024731,253.69201598431076,1500.1181971802366,1272304.0755097177,6573.538026862609,1077.3533173171984,122454167.64273037
480,481.0,30.0,494.0,3046740.550778576,23905.56171709206,516.4441256327432,1050.0827380261655,2866.4624445776403,475.2718775699051,251.8940951120497,1500.1181971802366,1272304.0755097177,6573.538026862609,1077.3533173171984,122454167.64273037
481,482.0,30.0,494.0,2489605.953225362,28942.66147429372,516.4441256327432,1036.760169066032,2849.795071424356,472.50835497511076,250.42942813680872,1481.0859558086172,1272304.0755097177,6573.538026862609,1077.3533173171984,122454167.64273037
482,483.0,30.0,494.0,1960631.9390870305,19330.410774073564,516.4441256327432,1036.760169066032,2841.972687142444,471.21136981077683,249.74202599971173,1481.0859558086172,1272304.0755097177,6573.538026862609,1077.3533173171984,122454167.64273037
483,484.0,30.0,494.0,1450339.2349627102,0.0,516.4441256327432,1036.760169066032,2836.783434360774,470.3509692437314,249.28601369917766,1481.0859558086172,1272304.0755097177,6573.538026862609,1077.3533173171984,122454167.64273037
484,485.0,30.0,494.0,955558.1850689435,5896.365335641429,516.4441256327431,1030.2859357508871,2832.4746415189534,469.63655274479356,248.9073729547406,1471.8370510726959,1272304.0755097177,6573.538026862609,1077.3533173171984,122454167.64273037
485,486.0,30.0,494.0,473149.9160989453,5356.315586593002,516.4441256327437,1030.2859357508871,2829.037757929017,469.06670257289676,248.6053523636353,1471.8370510726959,1272304.0755097177,6573.538026862609,1077.3533173171984,122454167.64273037
486,487.0,30.0,494.0,0.0,0.0,516.4441256327437,1030.2859357508871,2826.465993242615,468.6402928589002,248.37935521521712,1471.8370510726959,1272304.0755097177,6573.538026862609,1077.3533173171984,122454167.64273037
487,488.0,30.0,494.0,19552.142766263478,0.0,490.10655759059705,979.4068853705731,2689.604310224501,445.9480335626231,236.35245778819026,1399.1526933865332,1272304.0755097177,6573.538026862609,1077.3533173171984,122454167.64273037
488,489.0,30.0,494.0,948003.3685807158,56170.74981415948,440.706557590597,876.5483037998306,2437.132342711115,404.0870888079342,214.16615706820514,1252.2118625711867,1272304.0755097177,6573.538026862609,1077.3533173171984,122454167.64273037
489,490.0,30.0,494.0,2781255.31090129,56075.563215004746,391.3065575905971,795.9669670766987,2185.798810348304,362.41490152764686,192.07989780965283,1137.0956672524267,1272304.0755097177,6573.538026862609,1077.3533173171984,122454167.64273037
490,491.0,30.0,494.0,4632644.542167752,46545.22045444138,390.56495859738436,795.9669670766987,2180.760674530003,361.5795568070678,191.63716510774594,1137.0956672524267,1272304.0755097177,6573.538026862609,1077.3533173171984,122454167.64273037
491,492.0,30.0,494.0,6486347.954722834,35811.02292213612,390.56495859738436,795.9669670766987,2180.117846394274,361.47297312040524,191.5806757538148,1137.0956672524267,1272304.0755097177,6573.538026862609,1077.3533173171984,122454167.64273037
492,493.0,30.0,494.0,8342364.042074322,23873.754306838848,390.56495859738436,795.9669670766987,2179.4754367286055,361.3664588178897,191.52422317348154,1137.0956672524267,1272304.0755097177,6573.538026862609,1077.3533173171984,122454167.64273037
493,494.0,30.0,494.0,10200691.29920056,10734.197532305028,390.56495859738436,795.9669670766987,2178.8334451245078,361.26001383179164,191.46780733084958,1137.0956672524267,1272304.0755097177,6573.538026862609,1077.3533173171984,122454167.64273037
494,495.0,30.0,494.0,12054394.711755645,0.0,390.56495859738436,795.9669670766987,2180.117846394274,361.47297312040524,191.5806757538148,1137.0956672524267,1272304.0755097177,6573.538026862609,1077.3533173171984,122454167.64273037
495,496.0,30.0,494.0,12993743.74988648,0.0,439.96495859738434,886.3680641500492,2434.105172623231,403.58517090766173,213.90014058106073,1266.2400916429276,1272304.0755097177,6573.538026862609,1077.3533173171984,122454167.64273037
496,497.0,30.0,494.0,12974063.77427156,0.0,489.3649585973844,983.375272377057,2700.5021208859403,447.7549377292069,237.31011699647968,1404.82181768151,1272304.0755097177,6573.538026862609,1077.3533173171984,122454167.64273037
497,498.0,30.0,494.0,12912916.177399721,0.0,489.3649585973844,987.5697838175797,2712.0209045684214,449.66480190986283,238.32234501222732,1410.8139768822568,1272304.0755097177,6573.538026862609,1077.3533173171984,122454167.64273037
498,499.0,30.0,494.0,12791860.255495826,2427.2853799341246,489.3649585973841,993.1576276592799,2728.6621059662116,452.4239851143413,239.7847121106009,1418.7966109418285,1272304.0755097177,6573.538026862609,1077.3533173171984,122454167.64273037
499,500.0,30.0,494.0,12646617.589932421,17436.699442073703,489.3649585973841,993.1576276592799,2735.3806458716313,453.5379481043039,240.3751124952811,1418.7966109418285,1272304.0755097177,6573.538026862609,1077.3533173171984,122454167.64273037
500,501.0,30.0,494.0,12498342.518263983,34023.59430805035,489.3649585973841,993.1576276592799,2736.2229809008077,453.67761089724115,240.44913377553783,1418.7966109418285,1272304.0755097177,6573.538026862609,1077.3533173171984,122454167.64273037
501,502.0,30.0,494.0,12353099.852700591,49033.00837018527,489.3649585973841,993.1576276592799,2735.3806458716313,453.5379481043039,240.3751124952811,1418.7966109418285,1272304.0755097177,6573.538026862609,1077.3533173171984,122454167.64273037
502,503.0,30.0,494.0,12222988.977043008,56170.74981415948,489.3649585973841,993.1576276592799,2731.1773708977917,452.8410269244928,240.0057442699812,1418.7966109418285,1272304.0755097177,6573.538026862609,1077.3533173171984,122454167.64273037
503,504.0,30.0,494.0,12119988.944031183,49205.223962051794,489.3649585973841,993.1576276592799,2723.6465812739707,451.5923894163098,239.3439663906442,1418.7966109418285,1272304.0755097177,6573.538026862609,1077.3533173171984,122454167.64273037
504,505.0,30.0,494.0,12079622.927177245,27034.277240590192,489.3649585973841,989.7787135707339,2706.2482434523345,448.7076697163443,237.81506494966249,1413.9695908153342,1272304.0755097177,6573.538026862609,1077.3533173171984,122454167.64273037
505,506.0,30.0,494.0,12103951.519204063,44320.92391268723,489.3649585973841,975.5624480297215,2688.2775187632355,445.72804579682054,236.2358642723149,1393.6606400424594,1272304.0755097177,6573.538026862609,1077.3533173171984,122454167.64273037
506,507.0,30.0,494.0,12145762.977792092,52512.849943445995,489.3649585973841,975.5624480297215,2683.4211669406777,444.9228416493833,235.80910607417317,1393.6606400424594,1272304.0755097177,6573.538026862609,1077.3533173171984,122454167.64273037
507,508.0,30.0,494.0,12196290.237279028,56170.74981415948,489.3649585973841,975.5624480297215,2681.000111135425,444.52142012005527,235.5963526636293,1393.6606400424594,1272304.0755097177,6573.538026862609,1077.3533173171984,122454167.64273037
508,509.0,30.0,494.0,12258412.095343027,53797.05099722743,489.3649585973841,975.5624480297215,2677.7793893084636,443.9874105038727,235.31332756705254,1393.6606400424594,1272304.0755097177,6573.538026862609,1077.3533173171984,122454167.64273037
509,510.0,30.0,494.0,12334984.827533683,43905.89714824781,489.3649585973841,975.5624480297215,2673.765257606615,443.3218500970516,234.96058055143735,1393.6606400424594,1272304.0755097177,6573.538026862609,1077.3533173171984,122454167.64273037
510,511.0,30.0,494.0,12420205.572696723,29515.98093606811,489.3649585973841,975.5624480297215,2671.363031780952,442.9235506598239,234.74948184970668,1393.6606400424594,1272304.0755097177,6573.538026862609,1077.3533173171984,122454167.64273037
511,512.0,30.0,494.0,12496778.304887379,19624.827087094076,489.3649585973841,975.5624480297215,2673.765257606615,443.3218500970516,234.96058055143735,1393.6606400424594,1272304.0755097177,6573.538026862609,1077.3533173171984,122454167.64273037
512,513.0,30.0,494.0,12564686.15145817,14241.212881341577,489.3649585973841,975.5624480297215,2676.1721702787986,443.72092663371427,235.17209111586857,1393.6606400424594,1272304.0755097177,6573.538026862609,1077.3533173171984,122454167.64273037
513,514.0,30.0,494.0,12626808.009522192,11867.51406440977,489.3649585973841,975.5624480297215,2677.7793893084636,443.9874105038727,235.31332756705254,1393.6606400424594,1272304.0755097177,6573.538026862609,1077.3533173171984,122454167.64273037
514,515.0,30.0,494.0,12691823.802871747,7988.368020955473,489.3649585973841,975.5624480297215,2676.975518395809,443.85412522790347,235.24268637078885,1393.6606400424594,1272304.0755097177,6573.538026862609,1077.3533173171984,122454167.64273037
515,516.0,30.0,494.0,12753945.660935747,5614.669204018079,489.3649585973841,975.5624480297215,2677.7793893084636,443.9874105038727,235.31332756705254,1393.6606400424594,1272304.0755097177,6573.538026862609,1077.3533173171984,122454167.64273037
516,517.0,30.0,494.0,12813171.699812088,4747.397633863613,489.3649585973841,975.5624480297215,2678.5837835272573,444.1207825462644,235.38401474952016,1393.6606400424594,1272304.0755097177,6573.538026862609,1077.3533173171984,122454167.64273037
517,518.0,30.0,494.0,12875293.557876088,2373.6988169318065,489.3649585973841,975.5624480297215,2677.7793893084636,443.9874105038727,235.31332756705254,1393.6606400424594,1272304.0755097177,6573.538026862609,1077.3533173171984,122454167.64273037
518,519.0,30.0,494.0,12937415.415940087,0.0,489.3649585973841,975.5624480297215,2677.7793893084636,443.9874105038727,235.31332756705254,1393.6606400424594,1272304.0755097177,6573.538026862609,1077.3533173171984,122454167.64273037
519,520.0,30.0,494.0,12993743.74988648,0.0,489.36495859738415,975.6869190458077,2679.388701563354,444.25424143983173,235.45474796311083,1393.8384557797253,1272304.0755097177,6573.538026862609,1077.3533173171984,122454167.64273037
520,521.0,30.0,494.0,12635338.230118072,0.0,511.49544935483516,1017.637863938458,2794.592549817465,463.3555380106568,245.57843514564811,1453.7683770549402,1272304.0755097177,6573.538026862609,1077.3533173171984,122454167.64273037
521,522.0,30.0,494.0,12264766.28080268,0.0,511.4954493548353,1018.8685163457652,2797.972113580516,463.9158843072117,245.87541868282221,1455.5264519225218,1272304.0755097177,6573.538026862609,1077.3533173171984,122454167.64273037
522,523.0,30.0,494.0,11878941.5398444,4583.343692700379,511.49544935483675,1019.5201531421347,2802.209000147985,464.6183784346965,246.24774057038917,1456.457361631621,1272304.0755097177,6573.538026862609,1077.3533173171984,122454167.64273037
523,524.0,30.0,494.0,11483941.1609729,13939.924270475283,511.49544935483675,1019.5201531421347,2804.757788457213,465.0409785659302,246.471718639943,1456.457361631621,1272304.0755097177,6573.538026862609,1077.3533173171984,122454167.64273037
524,525.0,30.0,494.0,11079747.10722317,28079.124700210057,511.49544935483675,1019.5201531421347,2807.3115870344996,465.4644094212893,246.69613699328335,1456.457361631621,1272304.0755097177,6573.538026862609,1077.3533173171984,122454167.64273037
525,526.0,30.0,494.0,10672484.477770919,43814.62163449824,511.49544935483675,1019.5201531421347,2808.1639691740884,465.6057380686106,246.77104117636364,1456.457361631621,1272304.0755097177,6573.538026862609,1077.3533173171984,122454167.64273037
526,527.0,30.0,494.0,10274421.547338553,54764.364912353456,511.49544935483675,1019.5201531421347,2805.6084972241206,465.18202976081966,246.54647577323442,1456.457361631621,1272304.0755097177,6573.538026862609,1077.3533173171984,122454167.64273037
527,528.0,30.0,494.0,9894703.903981403,56170.74981415948,511.49544935483675,1019.5201531421347,2800.512584147671,464.3371053208157,246.09866582003232,1456.457361631621,1272304.0755097177,6573.538026862609,1077.3533173171984,122454167.64273037
528,529.0,30.0,494.0,9539335.03506121,44910.716386464424,511.49544935483675,1019.5201531421347,2793.7490356929607,463.2156797186118,245.50431025086425,1456.457361631621,1272304.0755097177,6573.538026862609,1077.3533173171984,122454167.64273037
529,530.0,30.0,494.0,9196093.001459189,27342.21065554954,511.49544935483675,1019.5201531421347,2790.3804703268024,462.657157003856,245.2082932120437,1456.457361631621,1272304.0755097177,6573.538026862609,1077.3533173171984,122454167.64273037
530,531.0,30.0,494.0,8855877.74431637,39164.397261772305,511.49544935483675,1013.49913336731,2789.539699088135,462.5177534941522,245.13440935190067,1447.855904810443,1272304.0755097177,6573.538026862609,1077.3533173171984,122454167.64273037
531,532.0,30.0,494.0,8521710.13472013,47840.55144929234,511.49544935483675,1013.49913336731,2787.859796991863,462.23921845702336,244.9867857822224,1447.855904810443,1272304.0755097177,6573.538026862609,1077.3533173171984,122454167.64273037
532,533.0,30.0,494.0,8199614.252427518,50236.90094342176,511.49544935483675,1013.49913336731,2784.506539407519,461.68323383873496,244.69211393452954,1447.855904810443,1272304.0755097177,6573.538026862609,1077.3533173171984,122454167.64273037
533,534.0,30.0,494.0,7886551.60401083,54767.67181088682,511.49544935483675,1012.170381974585,2781.9973077753207,461.26719237572934,244.47161195913657,1445.9576885351214,1272304.0755097177,6573.538026862609,1077.3533173171984,122454167.64273037
534,535.0,30.0,494.0,7579501.348843537,56170.74981415948,511.49544935483675,1012.170381974585,2780.3271985393776,460.9902810372204,244.32484894972683,1445.9576885351214,1272304.0755097177,6573.538026862609,1077.3533173171984,122454167.64273037
535,536.0,30.0,494.0,7275454.367196279,56011.50200669654,511.49544935483675,1012.170381974585,2779.492955894924,460.85195999668895,244.25153879824515,1445.9576885351214,1272304.0755097177,6573.538026862609,1077.3533173171984,122454167.64273037
536,537.0,30.0,494.0,6977408.095847977,52730.63889504038,511.49544935483675,1012.170381974585,2777.8260919229915,460.57558673699646,244.10506097060812,1445.9576885351214,1272304.0755097177,6573.538026862609,1077.3533173171984,122454167.64273037
537,538.0,30.0,494.0,6682359.265058529,47890.48432357982,511.49544935483675,1012.170381974585,2776.9934695455327,460.43753434374423,244.03189320218445,1445.9576885351214,1272304.0755097177,6573.538026862609,1077.3533173171984,122454167.64273037
538,539.0,30.0,494.0,6393299.495637029,39934.7743107602,511.49544935483675,1012.170381974585,2775.3298413877683,460.16169759604344,243.88569972590304,1445.9576885351214,1272304.0755097177,6573.538026862609,1077.3533173171984,122454167.64273037
539,540.0,30.0,494.0,6107231.350789918,30422.798357663676,511.49544935483675,1012.170381974585,2774.4988345615557,460.0239130681789,243.81267392613483,1445.9576885351214,1272304.0755097177,6573.538026862609,1077.3533173171984,122454167.64273037
540,541.0,30.0,494.0,5821163.205942785,20910.822404567152,511.49544935483675,1012.170381974585,2774.4988345615557,460.0239130681789,243.81267392613483,1445.9576885351214,1272304.0755097177,6573.538026862609,1077.3533173171984,122454167.64273037
541,542.0,30.0,494.0,5532103.436521286,12955.112391742878,511.49544935483675,1012.170381974585,2775.3298413877683,460.16169759604344,243.88569972590304,1445.9576885351214,1272304.0755097177,6573.538026862609,1077.3533173171984,122454167.64273037
542,543.0,30.0,494.0,5243043.667099787,4999.40237892326,511.49544935483675,1012.170381974585,2775.3298413877683,460.16169759604344,243.88569972590304,1445.9576885351214,1272304.0755097177,6573.538026862609,1077.3533173171984,122454167.64273037
543,544.0,30.0,494.0,4947994.836310338,159.24780746363103,511.49544935483675,1012.170381974585,2776.9934695455327,460.43753434374423,244.03189320218445,1445.9576885351214,1272304.0755097177,6573.538026862609,1077.3533173171984,122454167.64273037
544,545.0,30.0,494.0,4643947.85466308,0.0,511.49544935483675,1012.170381974585,2779.492955894924,460.85195999668895,244.25153879824515,1445.9576885351214,1272304.0755097177,6573.538026862609,1077.3533173171984,122454167.64273037
545,546.0,30.0,494.0,4327876.082722358,0.0,511.49544935483675,1013.3557425097121,2782.8331754208857,461.4057828484771,244.54506490969288,1447.6510607281602,1272304.0755097177,6573.538026862609,1077.3533173171984,122454167.64273037
546,547.0,30.0,494.0,3993708.473126119,0.0,511.49544935483675,1015.1861633482168,2787.859796991863,462.23921845702336,244.9867857822224,1450.2659476403098,1272304.0755097177,6573.538026862609,1077.3533173171984,122454167.64273037
547,548.0,30.0,494.0,3641374.2763145044,924.739770045504,511.49544935483675,1016.8439300988724,2792.906071218356,463.07591256089864,245.4302336572763,1452.6341858555322,1272304.0755097177,6573.538026862609,1077.3533173171984,122454167.64273037
548,549.0,30.0,494.0,3276889.5108841658,8170.298087427393,511.49544935483675,1016.8439300988724,2796.2812291680016,463.6355283545252,245.72683002789836,1452.6341858555322,1272304.0755097177,6573.538026862609,1077.3533173171984,122454167.64273037
549,550.0,30.0,494.0,2903270.98793203,20167.30679057166,511.49544935483675,1016.8439300988724,2798.8183840351676,464.05619961072273,245.94978579368305,1452.6341858555322,1272304.0755097177,6573.538026862609,1077.3533173171984,122454167.64273037
550,551.0,30.0,494.0,2523553.3445748817,35337.12448629737,511.49544935483675,1016.8439300988724,2800.512584147671,464.3371053208157,246.09866582003232,1452.6341858555322,1272304.0755097177,6573.538026862609,1077.3533173171984,122454167.64273037
551,552.0,30.0,494.0,2143835.7012177333,50506.9421820296,511.49544935483675,1016.8439300988724,2800.512584147671,464.3371053208157,246.09866582003232,1452.6341858555322,1272304.0755097177,6573.538026862609,1077.3533173171984,122454167.64273037
552,553.0,30.0,494.0,1782391.5499254148,56170.74981415948,511.49544935483675,1016.8439300988724,2795.4366141296628,463.49548752620234,245.65260838888724,1452.6341858555322,1272304.0755097177,6573.538026862609,1077.3533173171984,122454167.64273037
553,554.0,30.0,494.0,1463308.7006605566,39797.88476482127,511.49544935483675,1016.8439300988724,2783.6695857887016,461.5444633069225,244.61856555266894,1452.6341858555322,1272304.0755097177,6573.538026862609,1077.3533173171984,122454167.64273037
554,555.0,30.0,494.0,1156258.4454932641,17165.57241461519,511.49544935483675,1016.8439300988724,2780.3271985393776,460.9902810372204,244.32484894972683,1452.6341858555322,1272304.0755097177,6573.538026862609,1077.3533173171984,122454167.64273037
555,556.0,30.0,494.0,858212.1741449628,17546.507391828112,511.49544935483675,1011.4583656795271,2777.8260919229915,460.57558673699646,244.10506097060812,1444.9405223993244,1272304.0755097177,6573.538026862609,1077.3533173171984,122454167.64273037
556,557.0,30.0,494.0,566158.8433698285,14809.868935516104,511.49544935483675,1011.4583656795271,2776.1613862082227,460.2995713256813,243.95877280261112,1444.9405223993244,1272304.0755097177,6573.538026862609,1077.3533173171984,122454167.64273037
557,558.0,30.0,494.0,280090.6985226947,8959.691071287729,511.49544935483675,1011.4583656795271,2774.4988345615557,460.0239130681789,243.81267392613483,1444.9405223993244,1272304.0755097177,6573.538026862609,1077.3533173171984,122454167.64273037
558,559.0,30.0,494.0,0.0,0.0,511.49544935483675,1011.4583656795271,2772.8384328047673,459.7486112717218,243.66676397401258,1444.9405223993244,1272304.0755097177,6573.538026862609,1077.3533173171984,122454167.64273037
559,560.0,30.0,494.0,41388.959841117954,0.0,493.85703839313777,977.1980589110673,2683.5385277037085,444.94230057175787,235.81941930303168,1395.9972270158105,1272304.0755097177,6573.538026862609,1077.3533173171984,122454167.64273037
560,561.0,30.0,494.0,974785.4467548262,56170.74981415948,444.4570383931377,876.0480832993902,2435.7586590724322,403.85932611619586,214.04544284158382,1251.4972618562717,1272304.0755097177,6573.538026862609,1077.3533173171984,122454167.64273037
561,562.0,30.0,494.0,2804797.2377525894,53975.13335319236,395.05703839313804,796.7031301099313,2186.698852382417,362.56413239172247,192.15899016761293,1138.1473287284734,1272304.0755097177,6573.538026862609,1077.3533173171984,122454167.64273037
562,563.0,30.0,494.0,4639410.856938205,49385.610740656964,395.05703839313804,796.7031301099313,2185.420566774681,362.35218710633825,192.0466591663593,1138.1473287284734,1272304.0755097177,6573.538026862609,1077.3533173171984,122454167.64273037
563,564.0,30.0,494.0,6480916.089537461,41211.01822292432,395.05703839313804,796.7031301099313,2183.5062297153363,362.0347817378439,191.87843432105728,1138.1473287284734,1272304.0755097177,6573.538026862609,1077.3533173171984,122454167.64273037
564,565.0,30.0,494.0,8329299.615324707,29458.285083056428,395.05703839313804,796.7031301099313,2181.595592718673,361.7179898557536,191.71053462354942,1138.1473287284734,1272304.0755097177,6573.538026862609,1077.3533173171984,122454167.64273037
565,566.0,30.0,494.0,10182261.28883709,15323.964549091179,395.05703839313804,796.7031301099313,2180.3238850172456,361.50713521570043,191.59878166432125,1138.1473287284734,1272304.0755097177,6573.538026862609,1077.3533173171984,122454167.64273037
566,567.0,30.0,494.0,12037509.826167725,0.0,395.05703839313804,796.7031301099313,2179.6886450677316,361.4018096831493,191.54295913206911,1138.1473287284734,1272304.0755097177,6573.538026862609,1077.3533173171984,122454167.64273037
567,568.0,30.0,494.0,12981267.535522388,0.0,444.4570383931381,885.9221205119688,2432.8805417277226,403.38212180574897,213.79252455704696,1265.6030293028127,1272304.0755097177,6573.538026862609,1077.3533173171984,122454167.64273037
568,569.0,30.0,494.0,12993743.74988648,0.0,493.8570383931381,980.1226260312524,2691.569845891772,446.27392788186717,236.5251817773896,1400.1751800446464,1272304.0755097177,6573.538026862609,1077.3533173171984,122454167.64273037
569,570.0,30.0,494.0,12960889.054048697,0.0,494.5891292464618,984.7079148828352,2704.1617653922917,448.36172262501543,237.63171299125818,1406.7255926897647,1272304.0755097177,6573.538026862609,1077.3533173171984,122454167.64273037
570,571.0,30.0,494.0,12901624.990881236,7061.090541271493,494.5891292464618,986.0062717601825,2711.4977007616462,449.57805245460037,238.2763678009382,1408.5803882288321,1272304.0755097177,6573.538026862609,1077.3533173171984,122454167.64273037
571,572.0,30.0,494.0,12830573.570467416,20254.05430138856,494.5891292464618,986.0062717601825,2714.7719666634134,450.1209399100909,238.56409815234818,1408.5803882288321,1272304.0755097177,6573.538026862609,1077.3533173171984,122454167.64273037
572,573.0,30.0,494.0,12759522.150053596,33447.01806150563,494.5891292464618,986.0062717601825,2714.7719666634134,450.1209399100909,238.56409815234818,1408.5803882288321,1272304.0755097177,6573.538026862609,1077.3533173171984,122454167.64273037
573,574.0,30.0,494.0,12691420.456803625,45105.511234120466,494.5891292464618,986.0062717601825,2713.9525980067883,449.98508504110674,238.4920950717866,1408.5803882288321,1272304.0755097177,6573.538026862609,1077.3533173171984,122454167.64273037
574,575.0,30.0,494.0,12629212.440291364,53698.068778150715,494.5891292464618,986.0062717601825,2712.315465579647,449.7136414002002,238.34822994210612,1408.5803882288321,1272304.0755097177,6573.538026862609,1077.3533173171984,122454167.64273037
575,576.0,30.0,494.0,12578768.719636029,56170.74981415948,494.5891292464618,986.0062717601825,2709.0476056193897,449.17181607753287,238.06106252109242,1408.5803882288321,1272304.0755097177,6573.538026862609,1077.3533173171984,122454167.64273037
576,577.0,30.0,494.0,12554682.806862213,44931.89798676502,494.5891292464618,986.0062717601825,2701.7259923189677,447.95786090895393,237.4176662817456,1408.5803882288321,1272304.0755097177,6573.538026862609,1077.3533173171984,122454167.64273037
577,578.0,30.0,494.0,12556800.926337369,20061.508553873748,494.5891292464618,986.0062717601825,2694.447094472031,446.75098814740875,236.77802371812666,1408.5803882288321,1272304.0755097177,6573.538026862609,1077.3533173171984,122454167.64273037
578,579.0,30.0,494.0,12570516.273801185,15343.259243983775,494.5891292464618,980.9147232447816,2691.225642252958,446.2168574290535,236.49493443739837,1401.3067474925454,1272304.0755097177,6573.538026862609,1077.3533173171984,122454167.64273037
579,580.0,30.0,494.0,12587126.2372486,9119.20860325452,494.5891292464618,980.9147232447816,2690.4215822575147,446.0835408023396,236.42427662524,1401.3067474925454,1272304.0755097177,6573.538026862609,1077.3533173171984,122454167.64273037
580,581.0,30.0,494.0,12592146.481976986,8924.218110781163,494.5891292464618,980.9147232447816,2693.640948568362,446.6173256680845,236.7071826040848,1401.3067474925454,1272304.0755097177,6573.538026862609,1077.3533173171984,122454167.64273037
581,582.0,30.0,494.0,12588454.7034651,29025.595498137176,494.5891292464618,977.8494413501539,2696.0609550239865,447.0185732107033,236.91984380167278,1396.9277733573629,1272304.0755097177,6573.538026862609,1077.3533173171984,122454167.64273037
582,583.0,30.0,494.0,12590572.822940256,46104.61960253492,494.5891292464618,977.8494413501539,2694.447094472031,446.75098814740875,236.77802371812666,1396.9277733573629,1272304.0755097177,6573.538026862609,1077.3533173171984,122454167.64273037
583,584.0,30.0,494.0,12607182.78638767,55644.875848461874,494.5891292464618,977.8494413501539,2690.4215822575147,446.0835408023396,236.42427662524,1396.9277733573629,1272304.0755097177,6573.538026862609,1077.3533173171984,122454167.64273037
584,585.0,30.0,494.0,12641121.181213247,56170.74981415948,494.5891292464618,977.8494413501539,2685.608129096914,445.28544943869343,236.00128820250754,1396.9277733573629,1272304.0755097177,6573.538026862609,1077.3533173171984,122454167.64273037
585,586.0,30.0,494.0,12680820.805368206,53699.588304125704,494.5891292464618,977.8494413501539,2684.00778761653,445.0201058959675,235.8606561248628,1396.9277733573629,1272304.0755097177,6573.538026862609,1077.3533173171984,122454167.64273037
586,587.0,30.0,494.0,12723398.25584663,49731.359572602436,494.5891292464618,977.8494413501539,2683.2083914155673,444.88756254656045,235.79040814967703,1396.9277733573629,1272304.0755097177,6573.538026862609,1077.3533173171984,122454167.64273037
587,588.0,30.0,494.0,12771725.791280475,42771.89275376778,494.5891292464618,977.8494413501539,2681.611145594617,444.6227322775647,235.6500481071093,1396.9277733573629,1272304.0755097177,6573.538026862609,1077.3533173171984,122454167.64273037
588,589.0,30.0,494.0,12825796.000041954,32825.043432958424,494.5891292464618,977.8494413501539,2680.015958559163,444.3582433641134,235.5098689829801,1396.9277733573629,1272304.0755097177,6573.538026862609,1077.3533173171984,122454167.64273037
589,590.0,30.0,494.0,12882734.770583488,21385.94637687877,494.5891292464618,977.8494413501539,2679.219135842482,444.22612670953663,235.4398471560544,1396.9277733573629,1272304.0755097177,6573.538026862609,1077.3533173171984,122454167.64273037
590,591.0,30.0,494.0,12939673.541125009,9946.849320803769,494.58912924646233,977.8494413501539,2679.219135842485,444.2261267095371,235.43984715605467,1396.9277733573629,1272304.0755097177,6573.538026862609,1077.3533173171984,122454167.64273037
591,592.0,30.0,494.0,12993743.74988648,0.0,494.58912924646233,977.8494413501539,2680.015958559166,444.35824336411383,235.50986898298035,1396.9277733573629,1272304.0755097177,6573.538026862609,1077.3533173171984,122454167.64273037
592,593.0,30.0,494.0,12427201.79822759,0.0,528.7180645711607,1038.6911729610558,2852.408225342599,472.94162720285334,250.65906241751227,1483.8445328015084,1272304.0755097177,6573.538026862609,1077.3533173171984,122454167.64273037
593,594.0,30.0,494.0,11848358.173381004,0.0,528.7180645711607,1039.935505463363,2855.825356783626,473.50820238298587,250.95934726298253,1485.6221506619472,1272304.0755097177,6573.538026862609,1077.3533173171984,122454167.64273037
594,595.0,30.0,494.0,11247909.99070748,0.0,528.7180645711602,1042.1208385552,2861.8266228466646,474.5032382659686,251.48671628096338,1488.7440550788572,1272304.0755097177,6573.538026862609,1077.3533173171984,122454167.64273037
595,596.0,30.0,494.0,10628865.562815739,7028.618048601784,528.7180645711602,1042.6352006297552,2866.9922465183945,475.359721024334,251.94065214289705,1489.4788580425075,1272304.0755097177,6573.538026862609,1077.3533173171984,122454167.64273037
596,597.0,30.0,494.0,10000495.853743166,18908.318552393466,528.7180645711602,1042.6352006297552,2869.5826024019557,475.7892132392707,252.16828301681346,1489.4788580425075,1272304.0755097177,6573.538026862609,1077.3533173171984,122454167.64273037
597,598.0,30.0,494.0,9365899.19588732,34027.32534691878,528.7180645711602,1042.6352006297552,2871.3123103973094,476.07600630999605,252.3202833442979,1489.4788580425075,1272304.0755097177,6573.538026862609,1077.3533173171984,122454167.64273037
598,599.0,30.0,494.0,8734417.023200307,47526.153182086775,528.7180645711602,1042.6352006297552,2870.447175628202,475.9325632215151,252.24425850740303,1489.4788580425075,1272304.0755097177,6573.538026862609,1077.3533173171984,122454167.64273037
599,600.0,30.0,494.0,8112266.184561622,56170.74981415948,528.7180645711602,1042.6352006297552,2867.8551383925424,475.5027922311247,252.0164798824961,1489.4788580425075,1272304.0755097177,6573.538026862609,1077.3533173171984,122454167.64273037
600,601.0,30.0,494.0,7508723.644026137,55135.167725721374,528.7180645711602,1042.6352006297552,2862.6861666972095,474.6457543559578,251.56224980865767,1489.4788580425075,1272304.0755097177,6573.538026862609,1077.3533173171984,122454167.64273037
601,602.0,30.0,494.0,6926799.634567405,42853.46074518841,528.7180645711602,1042.6352006297552,2856.6810191758887,473.65007491039546,251.03453970250962,1489.4788580425075,1272304.0755097177,6573.538026862609,1077.3533173171984,122454167.64273037
602,603.0,30.0,494.0,6357185.240556196,24168.19784288574,528.7180645711602,1042.6352006297552,2853.2616815515767,473.0831339355272,250.73406098582942,1489.4788580425075,1272304.0755097177,6573.538026862609,1077.3533173171984,122454167.64273037
603,604.0,30.0,494.0,5793713.750484175,21568.483138218522,528.7180645711602,1038.886091295522,2851.5553193462465,472.8002116978137,250.5841121998413,1484.1229875650315,1272304.0755097177,6573.538026862609,1077.3533173171984,122454167.64273037
604,605.0,30.0,494.0,5233310.743148386,17372.520290768705,528.7180645711602,1038.886091295522,2850.702963030627,472.6588873322182,250.50921028607567,1484.1229875650315,1272304.0755097177,6573.538026862609,1077.3533173171984,122454167.64273037
605,606.0,30.0,494.0,4672907.735812596,13176.557443318889,528.7180645711602,1038.886091295522,2850.702963030627,472.6588873322182,250.50921028607567,1484.1229875650315,1272304.0755097177,6573.538026862609,1077.3533173171984,122454167.64273037
606,607.0,30.0,494.0,4115571.2342747888,7385.374871457927,528.7180645711602,1038.886091295522,2849.8511558645205,472.5176540179885,250.4343566295339,1484.1229875650315,1272304.0755097177,6573.538026862609,1077.3533173171984,122454167.64273037
607,608.0,30.0,494.0,3561299.263506633,0.0,528.7180645711602,1038.886091295522,2848.999897317395,472.37651166715983,250.35955118359473,1484.1229875650315,1272304.0755097177,6573.538026862609,1077.3533173171984,122454167.64273037
608,609.0,30.0,494.0,3901426.0484731076,53082.01589117013,479.3180645711602,936.6587813931773,2600.55579850222,431.183404972734,228.52720463554905,1338.0839734188248,1272304.0755097177,6573.538026862609,1077.3533173171984,122454167.64273037
609,610.0,30.0,494.0,5134800.969873326,56170.74981415948,429.91806457116024,856.0263224830833,2352.4313161595137,390.04329207254403,206.72294479844834,1222.8947464044047,1272304.0755097177,6573.538026862609,1077.3533173171984,122454167.64273037
610,611.0,30.0,494.0,6378101.774444675,54095.96354188118,429.91806457116024,856.0263224830833,2349.674126389755,389.586138077323,206.48065318098122,1222.8947464044047,1272304.0755097177,6573.538026862609,1077.3533173171984,122454167.64273037
611,612.0,30.0,494.0,7631302.988979107,46870.90843161009,429.91806457116024,856.0263224830833,2346.9240125111214,389.1301572954705,206.23898336659937,1222.8947464044047,1272304.0755097177,6573.538026862609,1077.3533173171984,122454167.64273037
612,613.0,30.0,494.0,8894379.238202345,34508.7848947281,429.91806457116024,856.0263224830833,2344.180947319786,388.6753452164744,205.99793296473143,1222.8947464044047,1272304.0755097177,6573.538026862609,1077.3533173171984,122454167.64273037
613,614.0,30.0,494.0,10162383.519509248,19583.061449581757,429.91806457116024,856.0263224830833,2342.8120495187677,388.44837603733095,205.87763929978541,1222.8947464044047,1272304.0755097177,6573.538026862609,1077.3533173171984,122454167.64273037
614,615.0,30.0,494.0,11427924.57394691,5938.727424963377,429.91806457116024,856.0263224830833,2343.496279204668,388.56182428017195,205.93776686849114,1222.8947464044047,1272304.0755097177,6573.538026862609,1077.3533173171984,122454167.64273037
615,616.0,30.0,494.0,12678653.068739515,0.0,429.9180645711581,856.0263224830833,2347.610879106073,389.244042749243,206.2993426570988,1222.8947464044047,1272304.0755097177,6573.538026862609,1077.3533173171984,122454167.64273037
616,617.0,30.0,494.0,12993743.74988648,0.0,479.31806457115806,949.5127235455559,2607.510271785418,432.33648673770455,229.13833797098343,1356.4467479222228,1272304.0755097177,6573.538026862609,1077.3533173171984,122454167.64273037
617,618.0,30.0,494.0,12648479.414947547,0.0,514.2710265790099,1016.3086135874979,2790.9422206981662,462.75029764633285,245.2576577525564,1451.86944798214,1272304.0755097177,6573.538026862609,1077.3533173171984,122454167.64273037
618,619.0,30.0,494.0,12272989.90930154,0.0,514.2710265790099,1019.365934467735,2799.3381014501315,464.1423710071361,245.99545663378214,1456.2370492396215,1272304.0755097177,6573.538026862609,1077.3533173171984,122454167.64273037
619,620.0,30.0,494.0,11873178.507128827,8692.933217043988,514.2710265790099,1020.1358378324179,2806.094183818661,465.2625586999426,246.58915611096958,1457.3369111891686,1272304.0755097177,6573.538026862609,1077.3533173171984,122454167.64273037
620,621.0,30.0,494.0,11461158.564338211,23736.84245793149,514.2710265790099,1020.1358378324179,2809.485445101412,465.82484449588327,246.88716758281814,1457.3369111891686,1272304.0755097177,6573.538026862609,1077.3533173171984,122454167.64273037
621,622.0,30.0,494.0,11049138.621547595,38780.75169881247,514.2710265790099,1020.1358378324179,2809.485445101412,465.82484449588327,246.88716758281814,1457.3369111891686,1272304.0755097177,6573.538026862609,1077.3533173171984,122454167.64273037
622,623.0,30.0,494.0,10643226.928021388,50647.103044775315,514.2710265790099,1020.1358378324179,2807.7887091946313,465.54351834012584,246.73806472026672,1457.3369111891686,1272304.0755097177,6573.538026862609,1077.3533173171984,122454167.64273037
623,624.0,30.0,494.0,10249507.87483264,56170.74981415948,514.2710265790099,1020.1358378324179,2804.401864656449,464.98196485954765,246.44044137556025,1457.3369111891686,1272304.0755097177,6573.538026862609,1077.3533173171984,122454167.64273037
624,625.0,30.0,494.0,9880079.103299504,56170.74981415948,514.2710265790099,1018.7528822162731,2797.654564196561,463.8632332451965,245.84751361995416,1455.3612603089616,1272304.0755097177,6573.538026862609,1077.3533173171984,122454167.64273037
625,626.0,30.0,494.0,9543844.187067552,45038.11141089909,514.2710265790099,1017.5599541724451,2788.4340488351168,462.3344318976381,245.0372489057482,1453.6570773892074,1272304.0755097177,6573.538026862609,1077.3533173171984,122454167.64273037
626,627.0,30.0,494.0,9207609.270835599,33905.47300763801,514.2710265790099,1017.5599541724451,2788.4340488351168,462.3344318976381,245.0372489057482,1453.6570773892074,1272304.0755097177,6573.538026862609,1077.3533173171984,122454167.64273037
627,628.0,30.0,494.0,8865356.69068241,25903.269312292337,514.2710265790099,1017.5599541724451,2790.1056221465715,462.6115859862025,245.18414057268734,1453.6570773892074,1272304.0755097177,6573.538026862609,1077.3533173171984,122454167.64273037
628,629.0,30.0,494.0,8520092.355743479,19467.803446849808,514.2710265790099,1017.5599541724451,2790.9422206981662,462.75029764633285,245.2576577525564,1453.6570773892074,1272304.0755097177,6573.538026862609,1077.3533173171984,122454167.64273037
629,630.0,30.0,494.0,8174828.020804549,13032.337581407279,514.2710265790099,1017.5599541724451,2790.9422206981662,462.75029764633285,245.2576577525564,1453.6570773892074,1272304.0755097177,6573.538026862609,1077.3533173171984,122454167.64273037
630,631.0,30.0,494.0,7829563.685865739,6596.8717159647495,514.2710265790099,1017.5599541724451,2790.9422206981662,462.75029764633285,245.2576577525564,1453.6570773892074,1272304.0755097177,6573.538026862609,1077.3533173171984,122454167.64273037
631,632.0,30.0,494.0,7481285.645066364,1729.1586443763226,514.2710265790099,1017.5599541724451,2791.779361214956,462.8890991666379,245.3312225583181,1453.6570773892074,1272304.0755097177,6573.538026862609,1077.3533173171984,122454167.64273037
632,633.0,30.0,494.0,7126974.3317334,0.0,514.2710265790099,1017.5599541724451,2793.455270252064,463.1669721372778,245.47849523275724,1453.6570773892074,1272304.0755097177,6573.538026862609,1077.3533173171984,122454167.64273037
633,634.0,30.0,494.0,6760572.976824472,0.0,514.2710265790099,1018.4466545311386,2796.8136151342765,463.72380025156747,245.77361413333077,1454.923792187341,1272304.0755097177,6573.538026862609,1077.3533173171984,122454167.64273037
634,635.0,30.0,494.0,6382050.1498547215,0.0,514.2710265790099,1019.6727594219899,2800.180690706727,464.2820759520796,246.0695002546022,1456.6753706028428,1272304.0755097177,6573.538026862609,1077.3533173171984,122454167.64273037
635,636.0,30.0,494.0,5988331.096665973,0.0,514.2710265790099,1021.2098802597982,2804.401864656449,464.98196485954765,246.44044137556025,1458.8712575139975,1272304.0755097177,6573.538026862609,1077.3533173171984,122454167.64273037
636,637.0,30.0,494.0,5585470.542583095,0.0,514.2710265790099,1022.1345566439679,2806.941170460374,465.40299275036773,246.6635861576949,1460.192223777097,1272304.0755097177,6573.538026862609,1077.3533173171984,122454167.64273037
637,638.0,30.0,494.0,5176505.720136467,0.0,514.2710265790099,1022.7520124495255,2808.636800561415,465.6841355587482,246.81259184613657,1461.0743034993222,1272304.0755097177,6573.538026862609,1077.3533173171984,122454167.64273037
638,639.0,30.0,494.0,4761428.663629269,0.0,514.2710265790099,1023.3702739971402,2810.334643356018,465.96564524129644,246.96179197788712,1461.957534281629,1272304.0755097177,6573.538026862609,1077.3533173171984,122454167.64273037
639,640.0,30.0,494.0,4343292.498081351,0.0,514.2710265790099,1023.6797074172446,2811.1843958673294,466.10653788487,247.03646507898114,1462.3995820246353,1272304.0755097177,6573.538026862609,1077.3533173171984,122454167.64273037
640,641.0,30.0,494.0,3919032.1206605807,1640.989686650224,514.2710265790099,1023.9800992103904,2812.8855658320103,466.3885992266151,247.18595759010603,1462.8287131577008,1272304.0755097177,6573.538026862609,1077.3533173171984,122454167.64273037
641,642.0,30.0,494.0,3488639.5265878905,6472.0052861562,514.2710265790099,1023.9800992103904,2814.5889593464326,466.6710292425294,247.3356454985406,1462.8287131577008,1272304.0755097177,6573.538026862609,1077.3533173171984,122454167.64273037
642,643.0,30.0,494.0,3049033.5642117783,16095.885407744907,514.2710265790099,1023.9800992103904,2817.1482283196056,467.09536711319896,247.56054456999547,1462.8287131577008,1272304.0755097177,6573.538026862609,1077.3533173171984,122454167.64273037
643,644.0,30.0,494.0,2603275.3044390045,28920.23759889789,514.2710265790099,1023.9800992103904,2818.857199818678,467.37872198310635,247.71072265104638,1462.8287131577008,1272304.0755097177,6573.538026862609,1077.3533173171984,122454167.64273037
644,645.0,30.0,494.0,2157517.0446661916,41744.58979007136,514.2710265790121,1023.9800992103904,2818.857199818689,467.37872198310816,247.71072265104735,1462.8287131577008,1272304.0755097177,6573.538026862609,1077.3533173171984,122454167.64273037
645,646.0,30.0,494.0,1708679.6147127934,56170.74981415948,514.2710265790121,1023.9800992103904,2819.7125248688517,467.5205385777376,247.78588544620095,1462.8287131577008,1272304.0755097177,6573.538026862609,1077.3533173171984,122454167.64273037
646,647.0,30.0,494.0,1629516.1576780695,0.0,493.9011164729487,1000.314205055635,2717.025310169219,450.4945540144166,238.76211362764082,1429.0202929366214,1272304.0755097177,6573.538026862609,1077.3533173171984,122454167.64273037
647,648.0,30.0,494.0,1550352.7006433494,2392.785488044843,493.90111647294873,988.9268509690953,2717.025310169219,450.4945540144166,238.76211362764082,1412.752644241565,1272304.0755097177,6573.538026862609,1077.3533173171984,122454167.64273037
648,649.0,30.0,494.0,1471189.2436086293,4785.570976089686,493.90111647294873,988.9268509690953,2717.025310169219,450.4945540144166,238.76211362764082,1412.752644241565,1272304.0755097177,6573.538026862609,1077.3533173171984,122454167.64273037
649,650.0,30.0,494.0,1394984.9300806168,5638.987423198298,493.90111647294873,988.9268509690953,2716.2033258618,450.3582654592119,238.68988069338232,1412.752644241565,1272304.0755097177,6573.538026862609,1077.3533173171984,122454167.64273037
650,651.0,30.0,494.0,1318780.6165526789,6492.403870292939,493.90111647294873,988.9268509690953,2716.2033258618,450.3582654592119,238.68988069338232,1412.752644241565,1272304.0755097177,6573.538026862609,1077.3533173171984,122454167.64273037
651,652.0,30.0,494.0,1245533.5094613526,5807.458955077454,493.90111647294873,988.9268509690953,2715.3818796293867,450.22206611917164,238.61769504316098,1412.752644241565,1272304.0755097177,6573.538026862609,1077.3533173171984,122454167.64273037
652,653.0,30.0,494.0,1172286.4023700263,5122.51403986197,493.90111647294873,988.9268509690953,2715.3818796293867,450.22206611917164,238.61769504316098,1412.752644241565,1272304.0755097177,6573.538026862609,1077.3533173171984,122454167.64273037
653,654.0,30.0,494.0,1099039.2952787,4437.569124646485,493.90111647294873,988.9268509690953,2715.3818796293867,450.22206611917164,238.61769504316098,1412.752644241565,1272304.0755097177,6573.538026862609,1077.3533173171984,122454167.64273037
654,655.0,30.0,494.0,1025792.1881873738,3752.624209431,493.90111647294873,988.9268509690953,2715.3818796293867,450.22206611917164,238.61769504316098,1412.752644241565,1272304.0755097177,6573.538026862609,1077.3533173171984,122454167.64273037
655,656.0,30.0,494.0,955500.3523641042,1530.3246213849634,493.90111647294873,988.9268509690953,2714.560970943816,450.08595590672394,238.5455566305637,1412.752644241565,1272304.0755097177,6573.538026862609,1077.3533173171984,122454167.64273037
656,657.0,30.0,494.0,885208.5165408347,4602.0178485950455,493.90111647294873,987.8974634772399,2714.560970943816,450.08595590672394,238.5455566305637,1411.2820906817713,1272304.0755097177,6573.538026862609,1077.3533173171984,122454167.64273037
657,658.0,30.0,494.0,817870.018715905,6137.36210463848,493.90111647294873,987.8974634772399,2713.7405992776103,449.94993473441093,238.4734654092378,1411.2820906817713,1272304.0755097177,6573.538026862609,1077.3533173171984,122454167.64273037
658,659.0,30.0,494.0,753482.9275160357,6137.36210463848,493.90111647294873,987.8974634772399,2712.9207641039825,449.8140025148889,238.40142133289112,1411.2820906817713,1272304.0755097177,6573.538026862609,1077.3533173171984,122454167.64273037
659,660.0,30.0,494.0,692045.3134618849,4603.021578479558,493.90111647294873,987.8974634772399,2712.1014648968385,449.6781591609292,238.3294243552925,1411.2820906817713,1272304.0755097177,6573.538026862609,1077.3533173171984,122454167.64273037
660,661.0,30.0,494.0,630607.699407734,3068.6810523197055,493.90111647294873,987.8974634772399,2712.1014648968385,449.6781591609292,238.3294243552925,1411.2820906817713,1272304.0755097177,6573.538026862609,1077.3533173171984,122454167.64273037
661,662.0,30.0,494.0,569170.0853535831,1534.3405261598527,493.90111647294873,987.8974634772399,2712.1014648968385,449.6781591609292,238.3294243552925,1411.2820906817713,1272304.0755097177,6573.538026862609,1077.3533173171984,122454167.64273037
662,663.0,30.0,494.0,507732.4712994322,0.0,493.90111647294873,987.8974634772399,2712.1014648968385,449.6781591609292,238.3294243552925,1411.2820906817713,1272304.0755097177,6573.538026862609,1077.3533173171984,122454167.64273037
663,664.0,30.0,494.0,443345.3800995629,0.0,493.90111647294873,987.8974634772399,2712.9207641039825,449.8140025148889,238.40142133289112,1411.2820906817715,1272304.0755097177,6573.538026862609,1077.3533173171984,122454167.64273037
664,665.0,30.0,494.0,376006.8822746333,2684.094649198465,493.90111647294873,987.6740953452376,2713.7405992776103,449.94993473441093,238.4734654092378,1410.9629933503395,1272304.0755097177,6573.538026862609,1077.3533173171984,122454167.64273037
665,666.0,30.0,494.0,308668.3844497036,5368.189298397861,493.90111647294873,987.6740953452376,2713.7405992776103,449.94993473441093,238.4734654092378,1410.9629933503395,1272304.0755097177,6573.538026862609,1077.3533173171984,122454167.64273037
666,667.0,30.0,494.0,247230.77039555274,4982.599165393971,493.90111647294873,987.6740953452376,2712.1014648968385,449.6781591609292,238.3294243552925,1410.9629933503395,1272304.0755097177,6573.538026862609,1077.3533173171984,122454167.64273037
667,668.0,30.0,494.0,194630.02980496176,0.0,493.90111647294873,987.6740953452376,2709.6467778236274,449.27116142183854,238.11371555357445,1410.9629933503395,1272304.0755097177,6573.538026862609,1077.3533173171984,122454167.64273037
668,669.0,30.0,494.0,153784.8889224939,14196.868062417023,493.90111647294873,982.7556581360741,2706.381333460261,448.7297366155889,237.8267604062621,1403.936654480106,1272304.0755097177,6573.538026862609,1077.3533173171984,122454167.64273037
669,670.0,30.0,494.0,124664.7170350682,22294.31775056664,493.90111647294873,982.7556581360741,2703.1243976283035,448.18972256066655,237.5405529571533,1403.936654480106,1272304.0755097177,6573.538026862609,1077.3533173171984,122454167.64273037
670,671.0,30.0,494.0,104318.24243623391,25827.623134803027,493.90111647294873,982.7556581360741,2700.6872594925835,447.78563451135267,237.32638629101692,1403.936654480106,1272304.0755097177,6573.538026862609,1077.3533173171984,122454167.64273037
671,672.0,30.0,494.0,89811.38943923078,26323.11278477311,493.90111647294873,982.7556581360741,2699.065142380964,447.5166804747365,237.18384065161035,1403.936654480106,1272304.0755097177,6573.538026862609,1077.3533173171984,122454167.64273037
672,673.0,30.0,494.0,81136.56741101295,23784.735405724496,493.90111647294873,982.7556581360741,2697.445133778524,447.24807603806664,237.04148030017532,1403.936654480106,1272304.0755097177,6573.538026862609,1077.3533173171984,122454167.64273037
673,674.0,30.0,494.0,78286.20050893724,18216.432008834556,493.90111647294873,982.7556581360741,2695.8272295768174,446.979820520145,236.89930487567685,1403.936654480106,1272304.0755097177,6573.538026862609,1077.3533173171984,122454167.64273037
674,675.0,30.0,494.0,75435.83360686153,12648.128611942753,493.90111647294873,982.7556581360741,2695.8272295768174,446.979820520145,236.89930487567685,1403.936654480106,1272304.0755097177,6573.538026862609,1077.3533173171984,122454167.64273037
675,676.0,30.0,494.0,78402.36074031703,4053.8325342657045,493.90111647294873,982.7556581360741,2694.211425678061,446.71191324154114,236.7573140180168,1403.936654480106,1272304.0755097177,6573.538026862609,1077.3533173171984,122454167.64273037
676,677.0,30.0,494.0,72640.71233259887,0.0,493.90111647294873,982.7556581360741,2696.6359188839406,447.11390470676815,236.97036949458715,1403.936654480106,1272304.0755097177,6573.538026862609,1077.3533173171984,122454167.64273037
677,678.0,30.0,494.0,55214.9982897155,11874.535312283784,493.90111647294873,980.8383130512127,2699.875937115931,447.65111375040715,237.2550902877158,1401.197590073161,1272304.0755097177,6573.538026862609,1077.3533173171984,122454167.64273037
678,679.0,30.0,494.0,29021.29662705213,28310.244715178385,493.90111647294873,980.8383130512127,2702.311489232535,448.0549388308884,237.46911758037086,1401.197590073161,1272304.0755097177,6573.538026862609,1077.3533173171984,122454167.64273037
679,680.0,30.0,494.0,8674.82202821749,41704.18196441606,493.90111647294873,980.8383130512127,2700.6872594925835,447.78563451135267,237.32638629101692,1401.197590073161,1272304.0755097177,6573.538026862609,1077.3533173171984,122454167.64273037
680,681.0,30.0,494.0,0.0,49026.436450368725,493.90111647294873,980.8383130512127,2697.4451337785235,447.24807603806664,237.04148030017532,1401.197590073161,1272304.0755097177,6573.538026862609,1077.3533173171984,122454167.64273037
681,682.0,30.0,494.0,59.02433151155646,51805.277389806695,493.90111647294873,980.8383130512127,2695.0190653452655,446.8458233933237,236.8282863984616,1401.197590073161,1272304.0755097177,6573.538026862609,1077.3533173171984,122454167.64273037
682,683.0,30.0,494.0,5931.167673274875,55498.06711229123,493.9011164729487,980.0725951715436,2693.40431006464,446.5780899801437,236.6863876894762,1400.1037073879195,1272304.0755097177,6573.538026862609,1077.3533173171984,122454167.64273037
683,684.0,30.0,494.0,17608.89099096507,56170.74981415948,493.9011164729487,980.0725951715436,2691.7916489602153,446.31070379044024,236.54467300893333,1400.1037073879195,1272304.0755097177,6573.538026862609,1077.3533173171984,122454167.64273037
684,685.0,30.0,494.0,40875.21574578993,50814.9535863523,493.9011164729487,980.0725951715436,2688.5725930054555,445.77697038307764,236.26179430303117,1400.1037073879195,1272304.0755097177,6573.538026862609,1077.3533173171984,122454167.64273037
685,686.0,30.0,494.0,75700.1611862909,39446.27464463934,493.9011164729487,980.0725951715436,2685.3618650372127,445.24461779191796,235.97964742971652,1400.1037073879195,1272304.0755097177,6573.538026862609,1077.3533173171984,122454167.64273037
686,687.0,30.0,494.0,116293.21052193828,25076.984025607817,493.9011164729487,980.0725951715436,2683.759613955228,444.978957628983,235.838847543361,1400.1037073879195,1272304.0755097177,6573.538026862609,1077.3533173171984,122454167.64273037
687,688.0,30.0,494.0,156886.2598575335,10707.69340657629,493.9011164729487,980.0725951715436,2683.759613955228,444.978957628983,235.838847543361,1400.1037073879195,1272304.0755097177,6573.538026862609,1077.3533173171984,122454167.64273037
688,689.0,30.0,494.0,185935.6352729015,2343.510079995729,493.9011164729487,980.0725951715436,2686.9661900441947,445.510621820592,236.12062956491377,1400.1037073879195,1272304.0755097177,6573.538026862609,1077.3533173171984,122454167.64273037
689,690.0,30.0,494.0,203411.41418875195,0.0,493.9011164729487,980.0725951715436,2690.181077960727,446.04366414917985,236.40314199906533,1400.1037073879195,1272304.0755097177,6573.538026862609,1077.3533173171984,122454167.64273037
690,691.0,30.0,494.0,203470.43852026202,0.0,493.9011164729487,981.3786432338811,2695.0190653452655,446.8458233933237,236.8282863984616,1401.969490334116,1272304.0755097177,6573.538026862609,1077.3533173171984,122454167.64273037
691,692.0,30.0,494.0,191880.54891148023,1344.0197817208245,493.9011164729487,982.2956109896439,2698.254874773125,447.3823345990247,237.1126373374831,1403.27944427092,1272304.0755097177,6573.538026862609,1077.3533173171984,122454167.64273037
692,693.0,30.0,494.0,171534.0743126478,7243.281919024885,493.9011164729487,982.2956109896439,2700.6872594925835,447.7856345113526,237.3263862910169,1403.27944427092,1272304.0755097177,6573.538026862609,1077.3533173171984,122454167.64273037
693,694.0,30.0,494.0,142413.9024252221,17706.688360244967,493.9011164729487,982.2956109896439,2703.1243976283035,448.18972256066655,237.5405529571533,1403.27944427092,1272304.0755097177,6573.538026862609,1077.3533173171984,122454167.64273037
694,695.0,30.0,494.0,110365.35336915776,29693.458958480507,493.9011164729487,982.2956109896439,2703.9378357307032,448.3245941180964,237.6120348825911,1403.27944427092,1272304.0755097177,6573.538026862609,1077.3533173171984,122454167.64273037
695,696.0,30.0,494.0,78316.80431309342,41680.22955671884,493.9011164729487,982.2956109896439,2703.9378357307032,448.3245941180964,237.6120348825911,1403.27944427092,1272304.0755097177,6573.538026862609,1077.3533173171984,122454167.64273037
696,697.0,30.0,494.0,52123.10265043564,50621.26384768076,493.9011164729487,982.2956109896439,2702.3114892325348,448.0549388308883,237.46911758037083,1403.27944427092,1272304.0755097177,6573.538026862609,1077.3533173171984,122454167.64273037
697,698.0,30.0,494.0,37616.249653430656,53482.71025071666,493.9011164729487,982.2956109896439,2699.065142380964,447.5166804747365,237.18384065161035,1403.27944427092,1272304.0755097177,6573.538026862609,1077.3533173171984,122454167.64273037
698,699.0,30.0,494.0,26026.36004464887,54826.73003243841,493.9011164729487,982.2956109896439,2698.254874773125,447.3823345990247,237.1126373374831,1403.27944427092,1272304.0755097177,6573.538026862609,1077.3533173171984,122454167.64273037
699,700.0,30.0,494.0,14436.470435867086,56170.74981415948,493.9011164729487,982.2956109896439,2698.254874773125,447.3823345990247,237.1126373374831,1403.27944427092,1272304.0755097177,6573.538026862609,1077.3533173171984,122454167.64273037
700,701.0,30.0,494.0,5761.6484076820725,55998.32918816153,493.9011164729468,982.2956109896439,2697.4451337785144,447.24807603806505,237.0414803001745,1403.27944427092,1272304.0755097177,6573.538026862609,1077.3533173171984,122454167.64273037
701,702.0,30.0,494.0,0.0,54310.4534069458,493.9011164729468,982.2956109896439,2696.6359188839306,447.1139047067665,236.97036949458627,1403.27944427092,1272304.0755097177,6573.538026862609,1077.3533173171984,122454167.64273037
702,703.0,30.0,494.0,59.02433154611417,49594.619234431535,493.9011164729468,982.2956109896439,2695.019065345256,446.84582339332206,236.8282863984607,1403.27944427092,1272304.0755097177,6573.538026862609,1077.3533173171984,122454167.64273037
703,704.0,30.0,494.0,3025.5514650307596,43366.279909805395,493.9011164729468,982.2956109896439,2694.2114256780515,446.71191324153955,236.75731401801596,1403.27944427092,1272304.0755097177,6573.538026862609,1077.3533173171984,122454167.64273037
704,705.0,30.0,494.0,906991.3077930799,40670.71038666321,444.5011164729468,890.4712741421898,2443.933862012894,405.21481014089613,214.76384937467495,1272.1018202031285,1272304.0755097177,6573.538026862609,1077.3533173171984,122454167.64273037
705,706.0,30.0,494.0,2713106.520595964,56170.74981415948,395.1011164729468,795.6794824857192,2193.3367907698853,363.6647313012157,192.74230758964433,1136.6849749795988,1272304.0755097177,6573.538026862609,1077.3533173171984,122454167.64273037
706,707.0,30.0,494.0,4558672.978946375,51147.950155086815,393.4311778951521,795.6794824857192,2182.3781114511266,361.84773484784677,191.7792994693588,1136.6849749795988,1272304.0755097177,6573.538026862609,1077.3533173171984,122454167.64273037
707,708.0,30.0,494.0,6411138.251612324,42536.33462668024,393.4311778951521,795.6794824857192,2180.461774141255,361.5299978291592,191.61089884945437,1136.6849749795988,1272304.0755097177,6573.538026862609,1077.3533173171984,122454167.64273037
708,709.0,30.0,494.0,8268195.304424872,31536.040014467202,393.43117789515225,795.6794824857192,2179.186279656089,361.31851532397525,191.4988131217069,1136.6849749795988,1272304.0755097177,6573.538026862609,1077.3533173171984,122454167.64273037
709,710.0,30.0,494.0,10132128.912136627,16958.509051214904,393.43117789515225,795.6794824857192,2177.27612551742,361.00180350183,191.3309558559699,1136.6849749795988,1272304.0755097177,6573.538026862609,1077.3533173171984,122454167.64273037
710,711.0,30.0,494.0,12000639.496298634,0.0,393.43117789515225,795.6794824857192,2176.004743170128,360.7910028069004,191.21923148765723,1136.6849749795988,1272304.0755097177,6573.538026862609,1077.3533173171984,122454167.64273037
711,712.0,30.0,494.0,12963393.873944592,0.0,442.8311778951522,884.0005793175526,2427.603689424586,402.50719685896826,213.32881433525318,1262.8579704536467,1272304.0755097177,6573.538026862609,1077.3533173171984,122454167.64273037
712,713.0,30.0,494.0,12993743.74988648,0.0,492.2311778951521,978.3146786327846,2686.6049398979385,445.45072498307775,236.08888424103122,1397.5923980468353,1272304.0755097177,6573.538026862609,1077.3533173171984,122454167.64273037
713,714.0,30.0,494.0,12979501.195426913,0.0,492.2805792032214,982.8252691564296,2698.991726120564,447.5045077410625,237.17738910276316,1404.0360987948995,1272304.0755097177,6573.538026862609,1077.3533173171984,122454167.64273037
714,715.0,30.0,494.0,12929992.441148095,0.0,492.28057920322146,986.3924976137623,2708.7878927370234,449.1287545577614,238.03823991561356,1409.132139448232,1272304.0755097177,6573.538026862609,1077.3533173171984,122454167.64273037
715,716.0,30.0,494.0,12859783.427254947,9072.170784701593,492.28057920322146,986.7223263910079,2714.5379648521157,450.08214139716404,238.54353494049695,1409.6033234157255,1272304.0755097177,6573.538026862609,1077.3533173171984,122454167.64273037
716,717.0,30.0,494.0,12780673.72226163,22774.549023509957,492.28057920322146,986.7223263910079,2717.0103790466064,450.49207836967486,238.7608015359277,1409.6033234157255,1272304.0755097177,6573.538026862609,1077.3533173171984,122454167.64273037
717,718.0,30.0,494.0,12698593.219345856,38022.35901929252,492.28057920322146,986.7223263910079,2717.835600691734,450.6289036894808,238.83331895542483,1409.6033234157255,1272304.0755097177,6573.538026862609,1077.3533173171984,122454167.64273037
718,719.0,30.0,494.0,12622452.360549081,50180.320803848095,492.28057920322146,986.7223263910079,2716.1856995475678,450.3553429400365,238.68833175821936,1409.6033234157255,1272304.0755097177,6573.538026862609,1077.3533173171984,122454167.64273037
719,720.0,30.0,494.0,12558167.407695545,56170.74981415948,492.28057920322146,986.7223263910079,2712.892392341104,449.8092983538284,238.39892812752908,1409.6033234157255,1272304.0755097177,6573.538026862609,1077.3533173171984,122454167.64273037
720,721.0,30.0,494.0,12520444.813793164,48343.236933209,492.28057920322146,986.7223263910079,2705.5139592991245,448.58592222621894,237.75053877989606,1409.6033234157255,1272304.0755097177,6573.538026862609,1077.3533173171984,122454167.64273037
721,722.0,30.0,494.0,12526646.985364871,23816.385404307395,492.28057920322146,985.5263647917711,2693.312635556322,446.5628899499546,236.67833167347595,1407.8948068453874,1272304.0755097177,6573.538026862609,1077.3533173171984,122454167.64273037
722,723.0,30.0,494.0,12541582.690560656,31727.3968153866,492.28057920322146,978.3355926641834,2690.8866539940786,446.1606517088018,236.46514540566497,1397.622275234548,1272304.0755097177,6573.538026862609,1077.3533173171984,122454167.64273037
723,724.0,30.0,494.0,12553609.111775588,41151.83996144589,492.28057920322146,978.3355926641834,2691.694788433204,446.29464389590987,236.53616126483223,1397.622275234548,1272304.0755097177,6573.538026862609,1077.3533173171984,122454167.64273037
724,725.0,30.0,494.0,12571452.209520962,47550.40357452538,492.28057920322146,978.3355926641834,2690.0790449525257,446.02674663488494,236.39417571648903,1397.622275234548,1272304.0755097177,6573.538026862609,1077.3533173171984,122454167.64273037
725,726.0,30.0,494.0,12595104.425445063,50927.01956688333,492.28057920322146,978.3355926641834,2688.4654010139907,445.7591974870328,236.2523746681274,1397.622275234548,1272304.0755097177,6573.538026862609,1077.3533173171984,122454167.64273037
726,727.0,30.0,494.0,12618756.641369164,54303.63555924129,492.28057920322146,978.3355926641834,2688.4654010139907,445.7591974870328,236.2523746681274,1397.622275234548,1272304.0755097177,6573.538026862609,1077.3533173171984,122454167.64273037
727,728.0,30.0,494.0,12645310.586603083,56170.74981415948,492.28057920322146,978.3355926641834,2687.659365094597,445.6255532435773,236.181543219096,1397.622275234548,1272304.0755097177,6573.538026862609,1077.3533173171984,122454167.64273037
728,729.0,30.0,494.0,12677662.340081334,55021.79996256251,492.28057920322146,978.3355926641834,2686.0488628045046,445.3585249946321,236.04001824715502,1397.622275234548,1272304.0755097177,6573.538026862609,1077.3533173171984,122454167.64273037
729,730.0,30.0,494.0,12715804.380187428,50860.69880675897,492.28057920322146,978.3355926641834,2684.4404498523263,445.0918431669544,235.89867687848584,1397.622275234548,1272304.0755097177,6573.538026862609,1077.3533173171984,122454167.64273037
730,731.0,30.0,494.0,12759729.199932309,43691.35153977387,492.28057920322146,978.3355926641834,2682.834122174885,444.82550708685187,235.75751875603152,1397.622275234548,1272304.0755097177,6573.538026862609,1077.3533173171984,122454167.64273037
731,732.0,30.0,494.0,12803654.01967719,36522.00427278876,492.28057920322146,978.3355926641834,2682.834122174885,444.82550708685187,235.75751875603152,1397.622275234548,1272304.0755097177,6573.538026862609,1077.3533173171984,122454167.64273037
732,733.0,30.0,494.0,12859121.93605282,23347.85002377443,492.28057920322146,978.3355926641834,2679.627706444122,444.2938694833269,235.47575082616325,1397.622275234548,1272304.0755097177,6573.538026862609,1077.3533173171984,122454167.64273037
733,734.0,30.0,494.0,12914589.85242845,10173.695774759166,492.28057920322146,978.3355926641834,2679.627706444122,444.2938694833269,235.47575082616325,1397.622275234548,1272304.0755097177,6573.538026862609,1077.3533173171984,122454167.64273037
734,735.0,30.0,494.0,12964289.959412614,0.0,492.28057920322044,978.3355926641834,2681.2298757195285,444.5595160823772,235.6165435236599,1397.622275234548,1272304.0755097177,6573.538026862609,1077.3533173171984,122454167.64273037
735,736.0,30.0,494.0,12993743.74988648,0.0,492.2805792032204,978.4053190079347,2686.853852527945,445.49199577427123,236.11075776036375,1397.7218842970497,1272304.0755097177,6573.538026862609,1077.3533173171984,122454167.64273037
736,737.0,30.0,494.0,12605413.341463797,0.0,512.8036609850386,1020.6648108433454,2802.9050188880965,464.7337813537412,246.30890411748285,1458.092586919065,1272304.0755097177,6573.538026862609,1077.3533173171984,122454167.64273037
737,738.0,30.0,494.0,12189557.647395145,0.0,512.8036609850387,1023.449034342213,2810.5509315675326,466.0015067627259,246.98079858424475,1462.0700490603044,1272304.0755097177,6573.538026862609,1077.3533173171984,122454167.64273037
738,739.0,30.0,494.0,11746014.078255545,0.0,512.803660985039,1026.2497040027488,2818.24200797613,467.27672051344587,247.65666187212634,1466.0710057182125,1272304.0755097177,6573.538026862609,1077.3533173171984,122454167.64273037
739,740.0,30.0,494.0,11277721.402115164,2352.976116158068,512.803660985039,1028.295589777276,2825.116759920791,468.4165841355028,248.2607895918165,1468.993699681823,1272304.0755097177,6573.538026862609,1077.3533173171984,122454167.64273037
740,741.0,30.0,494.0,10800114.187421782,9551.446290509775,512.803660985039,1028.295589777276,2827.7041317410694,468.84558157983395,248.488158237312,1468.993699681823,1272304.0755097177,6573.538026862609,1077.3533173171984,122454167.64273037
741,742.0,30.0,494.0,10310058.917895662,23225.489611607045,512.803660985039,1028.295589777276,2831.1619247501635,469.41889862390997,248.7920162706723,1468.993699681823,1272304.0755097177,6573.538026862609,1077.3533173171984,122454167.64273037
742,743.0,30.0,494.0,9813767.297276191,40143.730376908556,512.803660985039,1028.295589777276,2832.894244498316,469.70612473455145,248.94424610931227,1468.993699681823,1272304.0755097177,6573.538026862609,1077.3533173171984,122454167.64273037
743,744.0,30.0,494.0,9323712.027750071,53817.77369800141,512.803660985039,1028.295589777276,2831.1619247501635,469.41889862390997,248.7920162706723,1468.993699681823,1272304.0755097177,6573.538026862609,1077.3533173171984,122454167.64273037
744,745.0,30.0,494.0,8855419.35160969,56170.74981415948,512.803660985039,1028.295589777276,2825.116759920791,468.4165841355028,248.2607895918165,1468.993699681823,1272304.0755097177,6573.538026862609,1077.3533173171984,122454167.64273037
745,746.0,30.0,494.0,8402610.110558135,50469.12480365578,512.803660985039,1028.295589777276,2820.815805729451,467.70346731873536,247.88283767892975,1468.993699681823,1272304.0755097177,6573.538026862609,1077.3533173171984,122454167.64273037
746,747.0,30.0,494.0,7962151.045867067,38342.84377483651,512.803660985039,1028.295589777276,2817.385201184871,467.1346582397305,247.5813688670572,1468.993699681823,1272304.0755097177,6573.538026862609,1077.3533173171984,122454167.64273037
747,748.0,30.0,494.0,7540156.592214031,46299.44844206236,512.803660985039,1022.5228614117508,2812.256142563195,466.2842381248948,247.13064620619426,1460.7469448739298,1272304.0755097177,6573.538026862609,1077.3533173171984,122454167.64273037
748,749.0,30.0,494.0,7130431.628688537,47873.37068527192,512.803660985039,1022.5228614117508,2808.8479508611003,465.7191451921627,246.83114695184625,1460.7469448739298,1272304.0755097177,6573.538026862609,1077.3533173171984,122454167.64273037
749,750.0,30.0,494.0,6723769.024465077,47854.23024291918,512.803660985039,1022.5228614117508,2807.9972954994246,465.5781028520918,246.75639451160865,1460.7469448739298,1272304.0755097177,6573.538026862609,1077.3533173171984,122454167.64273037
750,751.0,30.0,494.0,6323225.136725947,52745.28887440357,512.803660985039,1020.9491832263259,2806.2976520315547,465.2962946101237,246.60703614336558,1458.4988331804657,1272304.0755097177,6573.538026862609,1077.3533173171984,122454167.64273037
751,752.0,30.0,494.0,5925737.610089142,56046.40512959752,512.803660985039,1020.9491832263259,2805.4486628364643,465.15552852768286,246.53243011967191,1458.4988331804657,1272304.0755097177,6573.538026862609,1077.3533173171984,122454167.64273037
752,753.0,30.0,494.0,5534356.821158258,56170.74981415948,512.803660985039,1020.9491832263259,2803.7523468070563,464.87427198941083,246.38336415438775,1458.4988331804657,1272304.0755097177,6573.538026862609,1077.3533173171984,122454167.64273037
753,754.0,30.0,494.0,5155165.624256343,49953.97567546088,512.803660985039,1020.9491832263259,2800.366349021218,464.3128589040354,246.08581521913877,1458.4988331804657,1272304.0755097177,6573.538026862609,1077.3533173171984,122454167.64273037
754,755.0,30.0,494.0,4785095.784655195,38992.20184063353,512.803660985039,1020.9491832263259,2797.832638659893,463.892758761812,245.86316214376038,1458.4988331804657,1272304.0755097177,6573.538026862609,1077.3533173171984,122454167.64273037
755,756.0,30.0,494.0,4411987.473192027,29611.06426273659,512.803660985039,1020.9491832263259,2798.676658621566,464.0327009238485,245.93733148963972,1458.4988331804657,1272304.0755097177,6573.538026862609,1077.3533173171984,122454167.64273037
756,757.0,30.0,494.0,4032796.2762901112,23394.290124038234,512.803660985039,1020.9491832263259,2800.366349021218,464.3128589040354,246.08581521913877,1458.4988331804657,1272304.0755097177,6573.538026862609,1077.3533173171984,122454167.64273037
757,758.0,30.0,494.0,3656647.5130386427,15594.818775833584,512.803660985039,1020.9491832263259,2799.5212285627604,464.1727342748697,246.01154916568095,1458.4988331804657,1272304.0755097177,6573.538026862609,1077.3533173171984,122454167.64273037
758,759.0,30.0,494.0,3286577.673437495,4633.044941009954,512.803660985039,1020.9491832263259,2797.832638659893,463.892758761812,245.86316214376038,1458.4988331804657,1272304.0755097177,6573.538026862609,1077.3533173171984,122454167.64273037
759,760.0,30.0,494.0,2904342.0590846,0.0,512.803660985039,1020.9491832263259,2801.2120205353785,464.45307490062135,246.16012969732932,1458.4988331804657,1272304.0755097177,6573.538026862609,1077.3533173171984,122454167.64273037
760,761.0,30.0,494.0,2479275.2098183334,0.0,512.803660985039,1024.3807563625683,2813.1095857890923,466.4257427049177,247.2056436336064,1463.4010805179546,1272304.0755097177,6573.538026862609,1077.3533173171984,122454167.64273037
761,762.0,30.0,494.0,2026465.9687667787,0.0,512.803660985039,1027.1869404696781,2820.815805729451,467.70346731873536,247.88283767892975,1467.4099149566832,1272304.0755097177,6573.538026862609,1077.3533173171984,122454167.64273037
762,763.0,30.0,494.0,1551965.644750474,9998.653602421284,512.803660985039,1027.4368430627187,2826.841106552992,468.70248826901684,248.41231878257895,1467.766918661027,1272304.0755097177,6573.538026862609,1077.3533173171984,122454167.64273037
763,764.0,30.0,494.0,1065025.4668046664,26468.614179118536,512.803660985039,1027.4368430627187,2830.29662153341,469.2754276060804,248.71597663122265,1467.766918661027,1272304.0755097177,6573.538026862609,1077.3533173171984,122454167.64273037
764,765.0,30.0,494.0,578085.2888588589,42938.57475581672,512.803660985039,1027.4368430627187,2830.29662153341,469.2754276060804,248.71597663122265,1467.766918661027,1272304.0755097177,6573.538026862609,1077.3533173171984,122454167.64273037
765,766.0,30.0,494.0,97369.13630135357,56170.74981415948,512.803660985039,1027.4368430627187,2828.5677255922146,468.98876917744855,248.56404766404773,1467.766918661027,1272304.0755097177,6573.538026862609,1077.3533173171984,122454167.64273037
766,767.0,30.0,494.0,48166.29520220682,1909.602578244172,489.68426644173945,996.9123326707776,2708.702916853782,449.1146651885974,238.03077254995665,1424.160475243968,1272304.0755097177,6573.538026862609,1077.3533173171984,122454167.64273037
767,768.0,30.0,494.0,10811.218491691829,35944.33503074758,489.6842664417394,978.5452704444847,2705.4118711902734,448.56899557599786,237.74156765527889,1397.9218149206924,1272304.0755097177,6573.538026862609,1077.3533173171984,122454167.64273037
768,769.0,30.0,494.0,0.0,56170.74981415948,489.6842664417394,978.5452704444847,2698.0385772406,447.3464715321315,237.0936299120297,1397.9218149206924,1272304.0755097177,6573.538026862609,1077.3533173171984,122454167.64273037
769,770.0,30.0,494.0,30169.30785757853,55078.781964106485,489.68426644173934,978.5452704444847,2686.6550976991357,445.45904136356796,236.09329192269104,1397.9218149206924,1272304.0755097177,6573.538026862609,1077.3533173171984,122454167.64273037
770,771.0,30.0,494.0,69071.48649093509,49443.908073756844,489.68426644173934,978.5452704444847,2684.2293002614197,445.0568336510585,235.88012183506103,1397.9218149206924,1272304.0755097177,6573.538026862609,1077.3533173171984,122454167.64273037
771,772.0,30.0,494.0,110880.82714288682,42296.706309376284,489.68426644173934,978.5452704444847,2683.421755256247,444.9229391946505,235.80915777316477,1397.9218149206924,1272304.0755097177,6573.538026862609,1077.3533173171984,122454167.64273037
772,773.0,30.0,494.0,155595.43545121513,33638.162132680416,489.68426644173934,978.5452704444847,2682.614736462817,444.7891319864266,235.7382399528061,1397.9218149206924,1272304.0755097177,6573.538026862609,1077.3533173171984,122454167.64273037
773,774.0,30.0,494.0,197404.7761031948,26490.96036828216,489.68426644173934,978.5452704444847,2683.421755256247,444.9229391946505,235.80915777316477,1397.9218149206924,1272304.0755097177,6573.538026862609,1077.3533173171984,122454167.64273037
774,775.0,30.0,494.0,236306.95473655127,20856.08647793252,489.68426644173934,978.5452704444847,2684.2293002614197,445.0568336510585,235.88012183506103,1397.9218149206924,1272304.0755097177,6573.538026862609,1077.3533173171984,122454167.64273037
775,776.0,30.0,494.0,272300.0751355961,16734.526887490414,489.68426644173934,978.5452704444847,2685.037371993173,445.19081544101294,235.95113218373686,1397.9218149206924,1272304.0755097177,6573.538026862609,1077.3533173171984,122454167.64273037
776,777.0,30.0,494.0,305382.2392287981,14127.268988255411,489.68426644173934,978.5452704444847,2685.8459709670183,445.3248846499878,236.02218886449353,1397.9218149206924,1272304.0755097177,6573.538026862609,1077.3533173171984,122454167.64273037
777,778.0,30.0,494.0,335551.5470863767,13035.301138200797,489.68426644173934,978.5452704444847,2686.655097699136,445.45904136356796,236.09329192269104,1397.9218149206924,1272304.0755097177,6573.538026862609,1077.3533173171984,122454167.64273037
778,779.0,30.0,494.0,368633.7111795787,10428.043238965794,489.68426644173934,978.5452704444847,2685.8459709670183,445.3248846499878,236.02218886449353,1397.9218149206924,1272304.0755097177,6573.538026862609,1077.3533173171984,122454167.64273037
779,780.0,30.0,494.0,401715.87527278066,7820.785339730792,489.68426644173934,978.5452704444847,2685.8459709670183,445.3248846499878,236.02218886449353,1397.9218149206924,1272304.0755097177,6573.538026862609,1077.3533173171984,122454167.64273037
780,781.0,30.0,494.0,431885.1831303593,6728.81748967804,489.68426644173934,978.5452704444847,2686.655097699136,445.45904136356796,236.09329192269104,1397.9218149206924,1272304.0755097177,6573.538026862609,1077.3533173171984,122454167.64273037
781,782.0,30.0,494.0,464967.34722356126,4121.559590442106,489.68426644173934,978.5452704444847,2685.8459709670183,445.3248846499878,236.02218886449353,1397.9218149206924,1272304.0755097177,6573.538026862609,1077.3533173171984,122454167.64273037
782,783.0,30.0,494.0,500960.4676226061,0.0,489.68426644173934,978.5452704444847,2685.037371993173,445.19081544101294,235.95113218373686,1397.9218149206924,1272304.0755097177,6573.538026862609,1077.3533173171984,122454167.64273037
783,784.0,30.0,494.0,519459.31398972496,0.0,489.68426644173934,979.5134278647544,2689.896892557597,445.99654497956396,236.37816883916892,1399.3048969496492,1272304.0755097177,6573.538026862609,1077.3533173171984,122454167.64273037
784,785.0,30.0,494.0,508648.095498031,0.0,489.68426644173934,982.4781844301481,2698.0385772406003,447.3464715321315,237.0936299120297,1403.5402634716402,1272304.0755097177,6573.538026862609,1077.3533173171984,122454167.64273037
785,786.0,30.0,494.0,471293.0187875144,0.0,489.68426644173934,985.1631350880268,2705.4118711902734,448.56899557599775,237.74156765527883,1407.3759072686098,1272304.0755097177,6573.538026862609,1077.3533173171984,122454167.64273037
786,787.0,30.0,494.0,413183.8550334256,2908.6909943241626,489.68426644173934,986.6968629933208,2711.1768953690435,449.52486153226147,238.2481766120986,1409.5669471333156,1272304.0755097177,6573.538026862609,1077.3533173171984,122454167.64273037
787,788.0,30.0,494.0,340191.6191050466,13559.669744269922,489.68426644173934,986.6968629933208,2715.311082084124,450.21032757979947,238.61147361729374,1409.5669471333156,1272304.0755097177,6573.538026862609,1077.3533173171984,122454167.64273037
788,789.0,30.0,494.0,261232.38860550337,27314.724619440734,489.68426644173934,986.6968629933208,2716.968580576114,450.48514800238956,238.75712844126647,1409.5669471333156,1272304.0755097177,6573.538026862609,1077.3533173171984,122454167.64273037
789,790.0,30.0,494.0,185257.6406041067,39517.22891691172,489.68426644173957,986.6968629933208,2716.1395576599666,450.347692415399,238.68427698016148,1409.5669471333156,1272304.0755097177,6573.538026862609,1077.3533173171984,122454167.64273037
790,791.0,30.0,494.0,112265.40467572398,50168.20766686089,489.68426644173957,986.6968629933208,2715.3110820841252,450.2103275797997,238.61147361729385,1409.5669471333156,1272304.0755097177,6573.538026862609,1077.3533173171984,122454167.64273037
791,792.0,30.0,494.0,48208.90191026963,56170.74981415948,489.68426644173957,986.6968629933208,2712.828933983312,449.7987766834983,238.39335164225412,1409.5669471333156,1272304.0755097177,6573.538026862609,1077.3533173171984,122454167.64273037
792,793.0,30.0,494.0,4933.841222456057,51362.62715665437,489.6842664417397,986.6968629933208,2707.056311183966,448.8416508430612,237.88607494682245,1409.5669471333156,1272304.0755097177,6573.538026862609,1077.3533173171984,122454167.64273037
793,794.0,30.0,494.0,0.0,26609.10945395939,489.6842664417397,986.6968629933208,2696.4059724435897,447.0757785918935,236.95016265370356,1409.5669471333156,1272304.0755097177,6573.538026862609,1077.3533173171984,122454167.64273037
794,795.0,30.0,494.0,9725.95957018268,21288.305813668296,489.6842664417397,981.4354190936934,2692.333805556746,446.4005957002601,236.59231572113788,1402.0505987052763,1272304.0755097177,6573.538026862609,1077.3533173171984,122454167.64273037
795,796.0,30.0,494.0,28224.805937292054,11403.779493412934,489.6842664417397,981.4354190936934,2689.8968925575987,445.99654497956425,236.37816883916906,1402.0505987052763,1272304.0755097177,6573.538026862609,1077.3533173171984,122454167.64273037
796,797.0,30.0,494.0,49644.12689031474,0.0,489.6842664417397,981.4354190936934,2689.0856496170677,445.8620373894715,236.3068798164199,1402.0505987052763,1272304.0755097177,6573.538026862609,1077.3533173171984,122454167.64273037
797,798.0,30.0,494.0,73982.0150421299,0.0,489.6842664417397,978.9228001213431,2688.2749365062923,445.72761764744496,236.23563735314585,1398.4611430304903,1272304.0755097177,6573.538026862609,1077.3533173171984,122454167.64273037
798,799.0,30.0,494.0,109975.13544116728,0.0,489.6842664417396,977.7438560796771,2685.037371993175,445.1908154410132,235.95113218373703,1396.7769372566818,1272304.0755097177,6573.538026862609,1077.3533173171984,122454167.64273037
799,800.0,30.0,494.0,154689.74374948815,0.0,489.6842664417396,976.86166463235,2682.614736462818,444.78913198642687,235.73823995280625,1395.5166637605,1272304.0755097177,6573.538026862609,1077.3533173171984,122454167.64273037
800,801.0,30.0,494.0,1049267.3762589023,52012.22787788883,443.4315244040073,880.7832695288131,2446.541674184737,405.6471966839698,214.99301424250402,1258.2618136125902,1272304.0755097177,6573.538026862609,1077.3533173171984,122454167.64273037
801,802.0,30.0,494.0,2856207.408254007,56170.74981415948,394.0315244040073,797.8013458678848,2193.1076743276008,363.62674280361205,192.72217368591438,1139.7162083826927,1272304.0755097177,6573.538026862609,1077.3533173171984,122454167.64273037
802,803.0,30.0,494.0,4672428.813675403,55501.03044432169,394.0315244040073,797.8013458678848,2190.52951504252,363.19927283748274,192.49561460386587,1139.7162083826927,1272304.0755097177,6573.538026862609,1077.3533173171984,122454167.64273037
803,804.0,30.0,494.0,6500218.114675819,48813.60349025718,394.0315244040073,797.8013458678848,2187.316210715014,362.66649307480833,192.2132413296484,1139.7162083826927,1272304.0755097177,6573.538026862609,1077.3533173171984,122454167.64273037
804,805.0,30.0,494.0,8337234.788961205,37326.02651580889,394.0315244040073,797.8013458678848,2184.7530514691894,362.24151018009843,191.9880003954522,1139.7162083826927,1272304.0755097177,6573.538026862609,1077.3533173171984,122454167.64273037
805,806.0,30.0,494.0,10183454.987626366,21050.705903511494,394.0315244040073,797.8013458678848,2182.1965169192517,361.81762568863417,191.76334161497613,1139.7162083826927,1272304.0755097177,6573.538026862609,1077.3533173171984,122454167.64273037
806,807.0,30.0,494.0,12038854.954105962,0.0,394.0315244040073,797.8013458678848,2179.646581415242,361.3948353475413,191.53926273419688,1139.7162083826927,1272304.0755097177,6573.538026862609,1077.3533173171984,122454167.64273037
807,808.0,30.0,494.0,12982998.432565061,0.0,443.4315244040073,885.8830993944584,2432.773383643158,403.3643545316149,213.7831079017559,1265.5472848492263,1272304.0755097177,6573.538026862609,1077.3533173171984,122454167.64273037
808,809.0,30.0,494.0,12993743.74988648,0.0,492.83152440400727,980.2977088362888,2692.0506506258475,446.3536473873994,236.5674331153217,1400.4252983375557,1272304.0755097177,6573.538026862609,1077.3533173171984,122454167.64273037
809,810.0,30.0,494.0,12131805.196736353,0.0,538.2592787632672,1068.5709776590265,2934.4628368679423,486.5466368748587,257.8697175436751,1526.5299680843239,1272304.0755097177,6573.538026862609,1077.3533173171984,122454167.64273037
810,811.0,30.0,494.0,11224761.994691938,0.0,538.2592787632673,1073.1333798435078,2946.9919060052453,488.6240107558085,258.9707257005785,1533.0476854907256,1272304.0755097177,6573.538026862609,1077.3533173171984,122454167.64273037
811,812.0,30.0,494.0,10288503.51833511,6483.170994625427,538.2592787632677,1074.8279316221478,2955.1072599809154,489.96957156315744,259.6838729284735,1535.4684737459256,1272304.0755097177,6573.538026862609,1077.3533173171984,122454167.64273037
812,813.0,30.0,494.0,9335939.446383843,21448.63728692569,538.2592787632677,1074.8279316221478,2959.6365920904814,490.7205544270436,260.0818938463331,1535.4684737459256,1272304.0755097177,6573.538026862609,1077.3533173171984,122454167.64273037
813,814.0,30.0,494.0,8380107.804630252,38113.91833352856,538.2592787632677,1074.8279316221478,2960.544250368905,490.87104809738435,260.1616554916137,1535.4684737459256,1272304.0755097177,6573.538026862609,1077.3533173171984,122454167.64273037
814,815.0,30.0,494.0,7430809.149419852,51380.68991053291,538.2592787632677,1074.8279316221478,2958.7295318846864,490.5701599197328,260.0021847574584,1535.4684737459256,1272304.0755097177,6573.538026862609,1077.3533173171984,122454167.64273037
815,816.0,30.0,494.0,6497805.356350673,56170.74981415948,538.2592787632677,1074.8279316221478,2954.2031812899013,489.81967140389946,259.6044258440667,1535.4684737459256,1272304.0755097177,6573.538026862609,1077.3533173171984,122454167.64273037
816,817.0,30.0,494.0,5603691.417914754,40730.01047022082,538.2592787632677,1074.8279316221478,2943.400443891774,488.02853079579035,258.6551213217689,1535.4684737459256,1272304.0755097177,6573.538026862609,1077.3533173171984,122454167.64273037
817,818.0,30.0,494.0,4767342.266273512,0.0,538.2592787632677,1073.9022959721567,2927.3546697821416,485.36807201232585,257.2450781665327,1534.1461371030812,1272304.0755097177,6573.538026862609,1077.3533173171984,122454167.64273037
818,819.0,30.0,494.0,3946918.882410381,7838.22897965461,538.2592787632677,1062.8475565853103,2922.930845399333,484.63458278610767,256.85632887663706,1518.3536522647291,1272304.0755097177,6573.538026862609,1077.3533173171984,122454167.64273037
819,820.0,30.0,494.0,3136026.125949919,10718.552831994835,538.2592787632677,1062.8475565853103,2920.283448898592,484.1956329900064,256.6236854847034,1518.3536522647291,1272304.0755097177,6573.538026862609,1077.3533173171984,122454167.64273037
820,821.0,30.0,494.0,2334645.438434068,8650.62580857426,538.2592787632677,1062.8475565853103,2917.641207525091,483.75753793630975,256.3914951062442,1518.3536522647291,1272304.0755097177,6573.538026862609,1077.3533173171984,122454167.64273037
821,822.0,30.0,494.0,1545918.7343677264,0.0,538.2592787632677,1062.8475565853103,2914.126212122447,483.174736487847,256.08261033855894,1518.3536522647291,1272304.0755097177,6573.538026862609,1077.3533173171984,122454167.64273037
822,823.0,30.0,494.0,766661.0064125838,0.0,538.2592787632677,1060.2076894674178,2911.495940980448,482.73862615033295,255.85147185967648,1514.5824135248827,1272304.0755097177,6573.538026862609,1077.3533173171984,122454167.64273037
823,824.0,30.0,494.0,0.0,0.0,538.2592787632677,1058.9335123860758,2907.99685166307,482.1584619996388,255.54398485980857,1512.762160551537,1272304.0755097177,6573.538026862609,1077.3533173171984,122454167.64273037
824,825.0,30.0,494.0,134484.5127606117,0.0,488.8592787632674,967.7813055515448,2657.678651892738,440.65462125690976,233.5469492661622,1382.5447222164928,1272304.0755097177,6573.538026862609,1077.3533173171984,122454167.64273037
825,826.0,30.0,494.0,1165810.7247478976,56170.74981415948,439.45927876326743,866.1423462511214,2408.5559576631053,399.34900050622986,211.65497026830184,1237.3462089301734,1272304.0755097177,6573.538026862609,1077.3533173171984,122454167.64273037
826,827.0,30.0,494.0,2448636.324490877,46378.378160499036,425.6549475046562,853.5289723867604,2338.6950166198576,387.765754166745,205.51584970837487,1219.3271034096579,1272304.0755097177,6573.538026862609,1077.3533173171984,122454167.64273037
827,828.0,30.0,494.0,3731461.9242338557,36586.0065068407,425.6549475046562,853.5289723867604,2338.6950166198576,387.765754166745,205.51584970837487,1219.3271034096579,1272304.0755097177,6573.538026862609,1077.3533173171984,122454167.64273037
828,829.0,30.0,494.0,5011809.200188084,28082.87780647725,425.6549475046562,853.5289723867604,2339.383439894511,387.8798977247484,205.57634579411666,1219.3271034096579,1272304.0755097177,6573.538026862609,1077.3533173171984,122454167.64273037
829,830.0,30.0,494.0,6294634.799931062,18290.506152817357,425.6549475046562,853.5289723867604,2338.6950166198576,387.765754166745,205.51584970837487,1219.3271034096579,1272304.0755097177,6573.538026862609,1077.3533173171984,122454167.64273037
830,831.0,30.0,494.0,7582412.250925627,5922.143677933142,425.6549475046562,853.5289723867604,2337.3195023833146,387.53768795395973,205.39497461559867,1219.3271034096579,1272304.0755097177,6573.538026862609,1077.3533173171984,122454167.64273037
831,832.0,30.0,494.0,8857798.075228604,0.0,425.6549475046562,853.5289723867604,2340.7616209087473,388.10840610081533,205.69745523343212,1219.3271034096579,1272304.0755097177,6573.538026862609,1077.3533173171984,122454167.64273037
832,833.0,30.0,494.0,9213670.571172765,0.0,475.0549475046562,945.3875824463777,2596.1819898973076,430.45820857892795,228.14285054683182,1350.553689209111,1272304.0755097177,6573.538026862609,1077.3533173171984,122454167.64273037
833,834.0,30.0,494.0,8631639.881125368,0.0,524.4549475046562,1040.2578818389852,2856.71065267274,473.6549882724086,251.03714378437658,1486.0826883414077,1272304.0755097177,6573.538026862609,1077.3533173171984,122454167.64273037
834,835.0,30.0,494.0,8002783.047412993,0.0,524.4549475046562,1044.9944157747361,2869.7179148019004,475.81164862072904,252.1801737689864,1492.8491653924802,1272304.0755097177,6573.538026862609,1077.3533173171984,122454167.64273037
835,836.0,30.0,494.0,7339293.860387908,0.0,524.4549475046562,1048.4975297171136,2879.33801294432,477.4067025225177,253.0255523369344,1497.853613881591,1272304.0755097177,6573.538026862609,1077.3533173171984,122454167.64273037
836,837.0,30.0,494.0,6653635.336385392,9909.220977255143,524.4549475046562,1048.813198090525,2885.4961621047178,478.4277503019346,253.56670766002537,1498.3045687007502,1272304.0755097177,6573.538026862609,1077.3533173171984,122454167.64273037
837,838.0,30.0,494.0,5958444.365575485,24777.293550049886,524.4549475046562,1048.813198090525,2888.1440639956595,478.8667838939181,253.79939546377662,1498.3045687007502,1272304.0755097177,6573.538026862609,1077.3533173171984,122454167.64273037
838,839.0,30.0,494.0,5256887.9548191875,42956.716573810205,524.4549475046562,1048.813198090525,2889.912241758546,479.1599554185736,253.95477637184402,1498.3045687007502,1272304.0755097177,6573.538026862609,1077.3533173171984,122454167.64273037
839,840.0,30.0,494.0,4564876.559289986,56170.74981415948,524.4549475046562,1048.813198090525,2887.260848639908,478.7203429659302,253.721781771943,1498.3045687007502,1272304.0755097177,6573.538026862609,1077.3533173171984,122454167.64273037
840,841.0,30.0,494.0,3901387.3722649007,54547.31246518623,524.4549475046562,1048.813198090525,2879.3380129443194,477.4067025225177,253.0255523369344,1498.3045687007502,1272304.0755097177,6573.538026862609,1077.3533173171984,122454167.64273037
841,842.0,30.0,494.0,3297561.5320218927,21886.54667750839,524.4549475046562,1048.813198090525,2862.76486106041,474.6588022219165,251.56916517761576,1498.3045687007502,1272304.0755097177,6573.538026862609,1077.3533173171984,122454167.64273037
842,843.0,30.0,494.0,2712423.3337366804,21045.323071055736,524.4549475046562,1040.7357821665241,2857.5738494054654,473.7981100260708,251.11299831381754,1486.7654030950346,1272304.0755097177,6573.538026862609,1077.3533173171984,122454167.64273037
843,844.0,30.0,494.0,2139703.0386924166,13744.211406077258,524.4549475046562,1040.7357821665241,2854.124431838536,473.2261816665494,250.8098762832712,1486.7654030950346,1272304.0755097177,6573.538026862609,1077.3533173171984,122454167.64273037
844,845.0,30.0,494.0,1579368.374549469,0.0,524.4549475046562,1040.7357821665241,2850.6839788103935,472.6557396663517,250.5075420231664,1486.7654030950346,1272304.0755097177,6573.538026862609,1077.3533173171984,122454167.64273037
845,846.0,30.0,494.0,1037551.9207885452,0.0,524.4549475046562,1036.1901521486238,2845.5400314820527,471.802850939522,250.05551099794667,1480.2716459266055,1272304.0755097177,6573.538026862609,1077.3533173171984,122454167.64273037
846,847.0,30.0,494.0,511112.3608098449,0.0,524.4549475046563,1034.6347565186306,2841.2686720981023,471.09464106988764,249.68015976704046,1478.0496521694724,1272304.0755097177,6573.538026862609,1077.3533173171984,122454167.64273037
847,848.0,30.0,494.0,0.0,0.0,524.4549475046563,1033.0843875725416,2837.01111677342,470.3887199730154,249.30602158569818,1475.8348393893452,1272304.0755097177,6573.538026862609,1077.3533173171984,122454167.64273037
848,849.0,30.0,494.0,391969.68991202913,0.0,475.05494750465635,941.7362976974682,2586.1549915728997,428.79568886615584,227.2617150990626,1345.3375681392404,1272304.0755097177,6573.538026862609,1077.3533173171984,122454167.64273037
849,850.0,30.0,494.0,1679747.140906563,56170.74981415948,425.65494750465643,840.2019227750022,2337.3195023833155,387.5376879539599,205.39497461559876,1200.288461107146,1272304.0755097177,6573.538026862609,1077.3533173171984,122454167.64273037
850,851.0,30.0,494.0,3588639.1544466605,45409.32054015575,391.442848047032,790.3898532315178,2164.7876794539916,358.9311651023199,190.23351750422955,1129.1283617593112,1272304.0755097177,6573.538026862609,1077.3533173171984,122454167.64273037
851,852.0,30.0,494.0,5499802.956491711,33466.089544081595,391.442848047032,790.3898532315178,2164.1566270915046,358.8265338898191,190.17806296160413,1129.1283617593112,1272304.0755097177,6573.538026862609,1077.3533173171984,122454167.64273037
852,853.0,30.0,494.0,7410966.758536762,21522.858548007905,391.442848047032,790.3898532315178,2164.1566270915046,358.8265338898191,190.17806296160413,1129.1283617593112,1272304.0755097177,6573.538026862609,1077.3533173171984,122454167.64273037
853,854.0,30.0,494.0,9319858.772076858,10761.429274003953,391.442848047032,790.3898532315178,2164.7876794539916,358.9311651023199,190.23351750422955,1129.1283617593112,1272304.0755097177,6573.538026862609,1077.3533173171984,122454167.64273037
854,855.0,30.0,494.0,11228750.785616957,0.0,391.442848047032,790.3898532315178,2164.7876794539916,358.9311651023199,190.23351750422955,1129.1283617593112,1272304.0755097177,6573.538026862609,1077.3533173171984,122454167.64273037
855,856.0,30.0,494.0,12274158.33947213,0.0,437.9705200000001,875.6400878618932,2404.644473810915,398.70045955707786,211.3112435652513,1250.914411231276,1272304.0755097177,6573.538026862609,1077.3533173171984,122454167.64273037
856,857.0,30.0,494.0,12381180.324452171,0.0,487.37052000000006,970.5591809991755,2665.3071318317852,441.91945624209984,234.21731180831293,1386.513115713108,1272304.0755097177,6573.538026862609,1077.3533173171984,122454167.64273037
857,858.0,30.0,494.0,11536801.059250234,0.0,536.77052,1066.794829619819,2929.5852568823343,485.73791300612555,257.44109389324655,1523.9926137425987,1272304.0755097177,6573.538026862609,1077.3533173171984,122454167.64273037
858,859.0,30.0,494.0,10637641.965503085,0.0,536.77052,1072.3358905868586,2944.801875922671,488.2608942910355,258.77827397424886,1531.9084151240838,1272304.0755097177,6573.538026862609,1077.3533173171984,122454167.64273037
859,860.0,30.0,494.0,9705972.51943015,0.0,536.77052,1075.6243609797232,2953.832529346501,489.7582157077336,259.5718543250988,1536.6062299710331,1272304.0755097177,6573.538026862609,1077.3533173171984,122454167.64273037
860,861.0,30.0,494.0,8751417.946507549,7211.376592206761,536.77052,1076.5370134138059,2960.189509026963,490.8122304477915,260.1304821373295,1537.91001916258,1272304.0755097177,6573.538026862609,1077.3533173171984,122454167.64273037
861,862.0,30.0,494.0,7780451.90732407,22960.123210942715,536.77052,1076.5370134138059,2964.748249654985,491.56808937129927,260.53108736678865,1537.9100191625798,1272304.0755097177,6573.538026862609,1077.3533173171984,122454167.64273037
862,863.0,30.0,494.0,6802906.057025082,42131.73779923231,536.77052,1076.5370134138057,2966.5759749648487,491.8711341369281,260.6917010925719,1537.9100191625796,1272304.0755097177,6573.538026862609,1077.3533173171984,122454167.64273037
863,864.0,30.0,494.0,5835226.656663427,56170.74981415948,536.77052,1076.5370134138057,2963.835294426701,491.4167174437498,260.4508602451874,1537.9100191625796,1272304.0755097177,6573.538026862609,1077.3533173171984,122454167.64273037
864,865.0,30.0,494.0,4910076.424035804,48085.76412564982,536.77052,1076.5370134138057,2952.0216367228027,489.4579618743123,259.4127197933855,1537.9100191625796,1272304.0755097177,6573.538026862609,1077.3533173171984,122454167.64273037
865,866.0,30.0,494.0,4049648.7461235,6331.611411885358,536.77052,1076.5370134138057,2934.043149301881,486.4770508602601,257.83283695593786,1537.9100191625796,1272304.0755097177,6573.538026862609,1077.3533173171984,122454167.64273037
866,867.0,30.0,494.0,3211674.167313071,11970.953021106003,536.77052,1065.0504474386053,2927.806177329138,485.44293391746055,257.2847549762541,1521.5006391980075,1272304.0755097177,6573.538026862609,1077.3533173171984,122454167.64273037
867,868.0,30.0,494.0,2389674.751363922,9299.892962810321,536.77052,1065.0504474386053,2923.3686320898933,484.70716971386986,256.8947999483511,1521.5006391980075,1272304.0755097177,6573.538026862609,1077.3533173171984,122454167.64273037
868,869.0,30.0,494.0,1580418.0029134806,0.0,536.77052,1065.0504474386053,2919.8290022291417,484.12028376565024,256.58375039579465,1521.5006391980078,1272304.0755097177,6573.538026862609,1077.3533173171984,122454167.64273037
869,870.0,30.0,494.0,783870.7625183351,0.0,536.77052,1061.9565493135442,2916.298583324892,483.534925033878,256.2735102679553,1517.0807847336348,1272304.0755097177,6573.538026862609,1077.3533173171984,122454167.64273037
870,871.0,30.0,494.0,0.0,0.0,536.77052,1060.674304760611,2912.777339470223,482.9510875650299,255.96407640946586,1515.2490068008728,1272304.0755097177,6573.538026862609,1077.3533173171984,122454167.64273037
871,872.0,30.0,494.0,0.0,0.0,493.90437049200006,981.3846136326232,2695.0354609929077,446.8485418626529,236.82972718720603,1401.978019475176,1272304.0755097177,6573.538026862609,1077.3533173171984,122454167.64273037
872,873.0,30.0,494.0,903906.7894266173,34754.40783535084,444.504370492,883.1952986898652,2443.9502417077365,405.21752596518206,214.76528876154651,1261.7075695569504,1272304.0755097177,6573.538026862609,1077.3533173171984,122454167.64273037
873,874.0,30.0,494.0,2707644.719064392,56170.74981415948,395.10437049200004,794.7695560437155,2193.997147204637,363.77422125570763,192.80033726552506,1135.3850800624507,1272304.0755097177,6573.538026862609,1077.3533173171984,122454167.64273037
874,875.0,30.0,494.0,4563588.991202248,50428.95390511304,392.6029366347369,794.7695560437155,2179.4953853990587,361.3697663937763,191.52597618870143,1135.3850800624507,1272304.0755097177,6573.538026862609,1077.3533173171984,122454167.64273037
875,876.0,30.0,494.0,6426426.469679268,41101.25943885092,392.6029366347369,794.7695560437155,2177.5806058604016,361.05228766029705,191.35771245995744,1135.3850800624507,1272304.0755097177,6573.538026862609,1077.3533173171984,122454167.64273037
876,877.0,30.0,494.0,8293851.990891587,29386.830118669197,392.6029366347369,794.7695560437155,2176.306149545041,360.8409772881594,191.2457179627245,1135.3850800624507,1272304.0755097177,6573.538026862609,1077.3533173171984,122454167.64273037
877,878.0,30.0,494.0,10165859.625752296,15288.75030083675,392.6029366347371,794.7695560437155,2175.0333401982657,360.6299399905403,191.13386819498638,1135.3850800624507,1272304.0755097177,6573.538026862609,1077.3533173171984,122454167.64273037
878,879.0,30.0,494.0,12040156.097620063,0.0,392.6029366347371,794.7695560437155,2174.3975521407497,360.5245235793106,191.07799749703463,1135.3850800624507,1272304.0755097177,6573.538026862609,1077.3533173171984,122454167.64273037
879,880.0,30.0,494.0,12991988.929854173,0.0,442.00293663473707,885.1053098468093,2430.637452038988,403.0102078286657,213.59541014919284,1264.4361569240134,1272304.0755097177,6573.538026862609,1077.3533173171984,122454167.64273037
880,881.0,30.0,494.0,12993743.74988648,0.0,491.40293663473705,981.2071109816765,2694.548010983934,446.7677205417859,236.78689188714654,1401.724444259538,1272304.0755097177,6573.538026862609,1077.3533173171984,122454167.64273037
881,882.0,30.0,494.0,12133508.114452628,0.0,535.8813200000001,1068.3987250043851,2933.989804168977,486.4682060063803,257.8281491833816,1526.2838928634073,1272304.0755097177,6573.538026862609,1077.3533173171984,122454167.64273037
882,883.0,30.0,494.0,11218223.098460425,0.0,535.8813200000001,1073.96705155765,2949.2812987685197,489.00360198302127,259.1719090510013,1534.2386450823572,1272304.0755097177,6573.538026862609,1077.3533173171984,122454167.64273037
883,884.0,30.0,494.0,10263706.587065715,3021.537185918273,535.8813200000001,1077.3478544294321,2960.178936380327,490.8104774572273,260.1295530523305,1539.0683634706172,1272304.0755097177,6573.538026862609,1077.3533173171984,122454167.64273037
884,885.0,30.0,494.0,9286160.73676673,18023.11226526841,535.8813200000001,1077.3478544294321,2966.5759749648482,491.8711341369281,260.6917010925719,1539.0683634706174,1272304.0755097177,6573.538026862609,1077.3533173171984,122454167.64273037
885,886.0,30.0,494.0,8308614.886467742,33024.68734462205,535.3478,1077.3478544294321,2966.5759749648487,491.8711341369281,260.6917010925719,1539.0683634706174,1272304.0755097177,6573.538026862609,1077.3533173171984,122454167.64273037
886,887.0,30.0,494.0,7331069.036168754,48026.26242397298,535.5256400000001,1077.3478544294321,2966.5759749648487,491.87113413692816,260.691701092572,1539.0683634706174,1272304.0755097177,6573.538026862609,1077.3533173171984,122454167.64273037
887,888.0,30.0,494.0,6366704.629676107,56170.74981415948,535.5256400000001,1077.3478544294321,2962.9144627964206,491.26403957466516,260.36994097457256,1539.0683634706174,1272304.0755097177,6573.538026862609,1077.3533173171984,122454167.64273037
888,889.0,30.0,494.0,5451460.706176985,38762.386987839825,535.5256400000001,1077.3478544294321,2949.2698841871083,489.0017093960281,259.1709059798949,1539.0683634706174,1272304.0755097177,6573.538026862609,1077.3533173171984,122454167.64273037
889,890.0,30.0,494.0,4600959.2582137585,0.0,535.5256400000001,1074.9512282964695,2931.285863204915,486.0198808935713,257.59053687359284,1535.6446118520994,1272304.0755097177,6573.538026862609,1077.3533173171984,122454167.64273037
890,891.0,30.0,494.0,3779315.7514430266,9121.883482682519,535.5256400000001,1062.7213743417424,2923.269768429222,484.6907776911105,256.8861121762886,1518.173391916775,1272304.0755097177,6573.538026862609,1077.3533173171984,122454167.64273037
891,892.0,30.0,494.0,2970443.566129977,11600.028052657894,535.5256400000001,1062.7213743417424,2919.7221791354214,484.1025720344478,256.57436317825733,1518.173391916775,1272304.0755097177,6573.538026862609,1077.3533173171984,122454167.64273037
892,893.0,30.0,494.0,2171128.0051901788,9106.74367277391,535.5256400000001,1062.7213743417424,2917.0675612539626,483.66242490217394,256.3410851981522,1518.173391916775,1272304.0755097177,6573.538026862609,1077.3533173171984,122454167.64273037
893,894.0,30.0,494.0,1384525.558911655,0.0,535.5256400000001,1062.7213743417424,2913.5361405147196,483.07690006182446,256.030757032767,1518.1733919167748,1272304.0755097177,6573.538026862609,1077.3533173171984,122454167.64273037
894,895.0,30.0,494.0,607436.231148012,0.0,535.5256400000001,1059.9883525694913,2910.8936075939196,482.63875666832394,255.7985410342117,1514.2690750992733,1272304.0755097177,6573.538026862609,1077.3533173171984,122454167.64273037
895,896.0,30.0,494.0,0.0,0.0,526.878761115582,1042.8276900307533,2863.767747422911,474.8250851206848,251.65729511396293,1489.7538429010763,1272304.0755097177,6573.538026862609,1077.3533173171984,122454167.64273037
896,897.0,30.0,494.0,297942.5128842774,0.0,477.4787611155818,951.2472862183504,2612.273651858386,433.1262757667362,229.55692615637022,1358.9246945976436,1272304.0755097177,6573.538026862609,1077.3533173171984,122454167.64273037
897,898.0,30.0,494.0,1499501.9199592955,56170.74981415948,428.0787611155818,848.9230058908907,2361.268959027624,391.50861150387465,207.49956409705356,1212.747151272701,1272304.0755097177,6573.538026862609,1077.3533173171984,122454167.64273037
898,899.0,30.0,494.0,3536889.6290971674,44702.66486420017,382.4500775585827,777.5297281659869,2129.094430676836,353.0130699969825,187.09692709840073,1110.7567545228385,1272304.0755097177,6573.538026862609,1077.3533173171984,122454167.64273037
899,900.0,30.0,494.0,5578758.317664858,30903.540209096856,382.4500775585827,777.5297281659869,2127.8497141685493,352.806690613553,186.9875460251831,1110.7567545228385,1272304.0755097177,6573.538026862609,1077.3533173171984,122454167.64273037
900,901.0,30.0,494.0,7616146.026802715,19435.455259134993,382.4500775585827,777.5297281659869,2129.094430676836,353.0130699969825,187.09692709840073,1110.7567545228385,1272304.0755097177,6573.538026862609,1077.3533173171984,122454167.64273037
901,902.0,30.0,494.0,9649046.947011879,10301.43215997424,382.4500775585827,777.5297281659869,2130.3407609348064,353.2197169470928,187.2064499819592,1110.7567545228385,1272304.0755097177,6573.538026862609,1077.3533173171984,122454167.64273037
902,903.0,30.0,494.0,11684191.988578632,0.0,382.4500775585827,777.5297281659869,2129.7173938910314,353.11635999369173,187.15167079665662,1110.7567545228385,1272304.0755097177,6573.538026862609,1077.3533173171984,122454167.64273037
903,904.0,30.0,494.0,12809788.704544798,0.0,431.8500775585827,867.5288350896046,2382.3697065578617,395.00720675524275,209.35381958027867,1239.3269072708638,1272304.0755097177,6573.538026862609,1077.3533173171984,122454167.64273037
904,905.0,30.0,494.0,12993743.74988648,0.0,481.25007755858275,962.7772877518653,2643.9368372868853,438.37616892926957,232.33936953251288,1375.3961253598077,1272304.0755097177,6573.538026862609,1077.3533173171984,122454167.64273037
905,906.0,30.0,494.0,12968928.824299233,0.0,490.609561805471,983.8946801885634,2701.9284958782537,447.9914368753925,237.435461543958,1405.563828840805,1272304.0755097177,6573.538026862609,1077.3533173171984,122454167.64273037
906,907.0,30.0,494.0,12896757.717801584,0.0,490.60956180547106,988.6848281784232,2715.0829905755877,450.1725090206466,238.59142978094272,1412.4068973977476,1272304.0755097177,6573.538026862609,1077.3533173171984,122454167.64273037
907,908.0,30.0,494.0,12794734.628885811,606.7129520308226,490.6095618054691,991.5864285464295,2723.375207913996,451.54739453889164,239.32011910561258,1416.5520407806137,1272304.0755097177,6573.538026862609,1077.3533173171984,122454167.64273037
908,909.0,30.0,494.0,12671697.456485992,12145.112544274889,490.6095618054691,991.5864285464295,2729.212453326191,452.5152350881854,239.83307459673827,1416.5520407806137,1272304.0755097177,6573.538026862609,1077.3533173171984,122454167.64273037
909,910.0,30.0,494.0,12536608.415428111,29952.986210893283,490.6095618054691,991.5864285464295,2732.560194620097,453.0703050816482,240.12726169327357,1416.5520407806137,1272304.0755097177,6573.538026862609,1077.3533173171984,122454167.64273037
910,911.0,30.0,494.0,12401519.37437023,47760.859877509996,490.6095618054691,991.5864285464295,2732.560194620097,453.0703050816482,240.12726169327357,1416.5520407806137,1272304.0755097177,6573.538026862609,1077.3533173171984,122454167.64273037
911,912.0,30.0,494.0,12284496.165345564,56170.74981415948,490.6095618054691,991.5864285464295,2727.5419079442036,452.23825143477507,239.6862732604308,1416.5520407806137,1272304.0755097177,6573.538026862609,1077.3533173171984,122454167.64273037
912,913.0,30.0,494.0,12209348.715030849,42796.55040952563,490.6095618054691,991.5864285464295,2715.9097527469953,450.30958976637623,238.66408257617942,1416.5520407806137,1272304.0755097177,6573.538026862609,1077.3533173171984,122454167.64273037
913,914.0,30.0,494.0,12187477.066031296,1707.8724776720628,490.6095618054691,991.5864285464295,2701.110919048339,447.8558790990308,237.36361592248633,1416.5520407806137,1272304.0755097177,6573.538026862609,1077.3533173171984,122454167.64273037
914,915.0,30.0,494.0,12186154.476544108,11550.900510692969,490.6095618054691,979.6044734048398,2695.402846961571,446.90945604607424,236.86201170441936,1399.4349620069142,1272304.0755097177,6573.538026862609,1077.3533173171984,122454167.64273037
915,916.0,30.0,494.0,12196532.040991716,15307.419153214432,490.6095618054691,979.6044734048398,2692.1528042019054,446.37058489236676,236.5764099929544,1399.4349620069142,1272304.0755097177,6573.538026862609,1077.3533173171984,122454167.64273037
916,917.0,30.0,494.0,12215664.688195214,14509.476913829334,490.6095618054691,979.6044734048398,2689.7208367697135,445.9673541680734,236.36269770907893,1399.4349620069142,1272304.0755097177,6573.538026862609,1077.3533173171984,122454167.64273037
917,918.0,30.0,494.0,12246444.164508797,33975.32114973478,490.6095618054691,974.4861986494393,2686.4856064613564,445.4309389828919,236.07839766093272,1392.1231409277705,1272304.0755097177,6573.538026862609,1077.3533173171984,122454167.64273037
918,919.0,30.0,494.0,12291739.570708413,45889.86785096396,490.6095618054691,974.4861986494393,2682.4534037152366,444.76238231873043,235.72406262892713,1392.1231409277705,1272304.0755097177,6573.538026862609,1077.3533173171984,122454167.64273037
919,920.0,30.0,494.0,12345721.899954664,53285.41087134089,490.6095618054691,974.4861986494393,2680.040369535616,444.36229080964466,235.5120141291117,1392.1231409277705,1272304.0755097177,6573.538026862609,1077.3533173171984,122454167.64273037
920,921.0,30.0,494.0,12408374.236687826,56170.74981415948,490.6095618054691,974.4861986494393,2677.6320341225846,443.9629783763928,235.3003785394882,1392.1231409277705,1272304.0755097177,6573.538026862609,1077.3533173171984,122454167.64273037
921,922.0,30.0,494.0,12479679.7147082,54554.65860525239,490.6095618054691,974.4861986494393,2675.228383765026,443.56444274561227,235.08915465517453,1392.1231409277705,1272304.0755097177,6573.538026862609,1077.3533173171984,122454167.64273037
922,923.0,30.0,494.0,12556744.607764218,49942.47573005129,490.6095618054691,974.4861986494393,2673.6285462551245,443.2991827633732,234.9485668645878,1392.1231409277705,1272304.0755097177,6573.538026862609,1077.3533173171984,122454167.64273037
923,924.0,30.0,494.0,12630930.726672996,46827.85314150248,490.6095618054691,974.4861986494393,2674.4282057404694,443.4317697664701,235.01883797622915,1392.1231409277705,1272304.0755097177,6573.538026862609,1077.3533173171984,122454167.64273037
924,925.0,30.0,494.0,12710872.528949058,40719.08012904134,490.6095618054691,974.4861986494393,2672.8294048051125,443.1666816527762,234.8783412759714,1392.1231409277705,1272304.0755097177,6573.538026862609,1077.3533173171984,122454167.64273037
925,926.0,30.0,494.0,12802303.355030518,28633.62923106551,490.6095618054691,974.4861986494393,2669.638009303613,442.6375344682614,234.59789326817855,1392.1231409277705,1272304.0755097177,6573.538026862609,1077.3533173171984,122454167.64273037
926,927.0,30.0,494.0,12908053.716707801,9099.0466073649,490.6095618054691,974.4861986494393,2665.6603605269956,441.9780230883189,234.248352236809,1392.1231409277705,1272304.0755097177,6573.538026862609,1077.3533173171984,122454167.64273037
927,928.0,30.0,494.0,12993743.74988648,0.0,490.6095618054691,974.4861986494393,2671.2326739988303,442.9019367754411,234.73802649098377,1392.1231409277705,1272304.0755097177,6573.538026862609,1077.3533173171984,122454167.64273037
928,929.0,30.0,494.0,12691274.324421084,0.0,508.7562151984121,1011.9798449737718,2779.054745844406,460.77930287401375,244.2130305232273,1445.6854928196742,1272304.0755097177,6573.538026862609,1077.3533173171984,122454167.64273037
929,930.0,30.0,494.0,12349411.36615428,0.0,508.75621519841206,1015.9645592884493,2789.9973938447974,462.59364126542386,245.17462987067466,1451.377941840642,1272304.0755097177,6573.538026862609,1077.3533173171984,122454167.64273037
930,931.0,30.0,494.0,11961675.851508358,8348.960334293544,508.7562151984131,1018.9812275009353,2802.7397706167744,464.70638247526483,246.29438271189036,1455.687467858479,1272304.0755097177,6573.538026862609,1077.3533173171984,122454167.64273037
931,932.0,30.0,494.0,11555464.36399462,26309.262791542336,508.7562151984131,1018.9812275009353,2807.871985302279,465.5573258791408,246.74538271594466,1455.687467858479,1272304.0755097177,6573.538026862609,1077.3533173171984,122454167.64273037
932,933.0,30.0,494.0,11152337.27618661,42665.03697697446,508.7562151984131,1018.9812275009353,2807.015207606244,465.41526842953954,246.67009226765597,1455.687467858479,1272304.0755097177,6573.538026862609,1077.3533173171984,122454167.64273037
933,934.0,30.0,494.0,10761527.496952193,52613.2532177316,508.7562151984131,1018.9812275009353,2803.5937330024676,464.84797313422854,246.36942576114114,1455.687467858479,1272304.0755097177,6573.538026862609,1077.3533173171984,122454167.64273037
934,935.0,30.0,494.0,10383002.657869106,56170.74981415948,508.7562151984131,1018.9812275009353,2800.1812496270986,464.28216862349586,246.06954937045282,1455.687467858479,1272304.0755097177,6573.538026862609,1077.3533173171984,122454167.64273037
935,936.0,30.0,494.0,10016730.517938226,53354.29878011998,508.7562151984131,1018.9812275009353,2796.777722084822,463.7178490286452,245.770459985182,1455.687467858479,1272304.0755097177,6573.538026862609,1077.3533173171984,122454167.64273037
936,937.0,30.0,494.0,9674867.559671404,41356.564086655155,508.7562151984131,1018.297452145514,2789.9973938448024,462.59364126542476,245.17462987067515,1454.710645922163,1272304.0755097177,6573.538026862609,1077.3533173171984,122454167.64273037
937,938.0,30.0,494.0,9375414.58838133,48906.86627522018,508.7562151984131,1010.2066118421723,2778.2168419068166,460.6403747752365,244.13939863087538,1443.1523026316747,1272304.0755097177,6573.538026862609,1077.3533173171984,122454167.64273037
938,939.0,30.0,494.0,9081988.634462558,53321.86801974289,508.7562151984131,1010.2066118421723,2776.542670414788,460.3627898970898,243.9922786454576,1443.1523026316747,1272304.0755097177,6573.538026862609,1077.3533173171984,122454167.64273037
939,940.0,30.0,494.0,8791573.24757342,56170.74981415948,508.7562151984131,1010.2066118421723,2775.7064017954453,460.2241329411545,243.91879045881188,1443.1523026316747,1272304.0755097177,6573.538026862609,1077.3533173171984,122454167.64273037
940,941.0,30.0,494.0,8507173.120997027,55890.44727614522,508.7562151984131,1010.2066118421723,2774.035496153017,459.947089555004,243.77195746415214,1443.1523026316747,1272304.0755097177,6573.538026862609,1077.3533173171984,122454167.64273037
941,942.0,30.0,494.0,8231781.229145385,50923.99226960167,508.7562151984131,1010.2066118421723,2771.533208729489,459.5321994718461,243.55206572007845,1443.1523026316747,1272304.0755097177,6573.538026862609,1077.3533173171984,122454167.64273037
942,943.0,30.0,494.0,7962385.078817556,42838.5067536002,508.7562151984131,1010.2066118421723,2769.8677249728603,459.25605505782374,243.4057091806466,1443.1523026316747,1272304.0755097177,6573.538026862609,1077.3533173171984,122454167.64273037
943,944.0,30.0,494.0,7692988.928489726,34753.02123759873,508.7562151984131,1010.2066118421723,2769.8677249728603,459.25605505782374,243.4057091806466,1443.1523026316747,1272304.0755097177,6573.538026862609,1077.3533173171984,122454167.64273037
944,945.0,30.0,494.0,7426587.730130736,25109.538845315576,508.7562151984131,1010.2066118421723,2769.035793870405,459.11811728095853,243.33260215890803,1443.1523026316747,1272304.0755097177,6573.538026862609,1077.3533173171984,122454167.64273037
945,946.0,30.0,494.0,7157191.579802906,17024.053329308517,508.7562151984131,1010.2066118421723,2769.8677249728603,459.25605505782374,243.4057091806466,1443.1523026316747,1272304.0755097177,6573.538026862609,1077.3533173171984,122454167.64273037
946,947.0,30.0,494.0,6884798.532276096,10497.576613157988,508.7562151984131,1010.2066118421723,2770.7001964170217,459.39408242568214,243.47886368561154,1443.1523026316747,1272304.0755097177,6573.538026862609,1077.3533173171984,122454167.64273037
947,948.0,30.0,494.0,6606405.847075392,7092.157213453203,508.7562151984131,1010.2066118421723,2772.366762437548,459.67040628374207,243.6253153303833,1443.1523026316747,1272304.0755097177,6573.538026862609,1077.3533173171984,122454167.64273037
948,949.0,30.0,494.0,6328013.161874687,3686.7378137484193,508.7562151984131,1010.2066118421723,2772.366762437548,459.67040628374207,243.6253153303833,1443.1523026316747,1272304.0755097177,6573.538026862609,1077.3533173171984,122454167.64273037
949,950.0,30.0,494.0,6046617.732400136,1843.3689068742096,508.7562151984131,1010.2066118421723,2773.200858069172,459.80870294891025,243.69861256292245,1443.1523026316747,1272304.0755097177,6573.538026862609,1077.3533173171984,122454167.64273037
950,951.0,30.0,494.0,5765222.302925585,0.0,508.7562151984131,1010.2066118421723,2773.200858069172,459.80870294891025,243.69861256292245,1443.1523026316747,1272304.0755097177,6573.538026862609,1077.3533173171984,122454167.64273037
951,952.0,30.0,494.0,5477815.524513705,0.0,508.7562151984131,1010.4562358668239,2774.8706772184296,460.0855661897914,243.84535008058944,1443.5089083811772,1272304.0755097177,6573.538026862609,1077.3533173171984,122454167.64273037
952,953.0,30.0,494.0,5175346.09904829,0.0,508.7562151984131,1011.9798449737738,2779.054745844411,460.7793028740146,244.21303052322776,1445.685492819677,1272304.0755097177,6573.538026862609,1077.3533173171984,122454167.64273037
953,954.0,30.0,494.0,4851706.332333585,0.0,508.7562151984131,1014.121256414274,2784.9353961914367,461.7543401493327,244.72980027914633,1448.7446520203914,1272304.0755097177,6573.538026862609,1077.3533173171984,122454167.64273037
954,955.0,30.0,494.0,4503753.066352962,0.0,508.7562151984131,1016.580602953545,2791.689145987525,462.8741410915346,245.32329477851337,1452.2580042193501,1272304.0755097177,6573.538026862609,1077.3533173171984,122454167.64273037
955,956.0,30.0,494.0,4134420.7672843933,2712.744942193851,508.7562151984131,1018.215645700082,2797.6277662897323,463.8587900362797,245.84515871922824,1454.5937795715458,1272304.0755097177,6573.538026862609,1077.3533173171984,122454167.64273037
956,957.0,30.0,494.0,3749757.4961987715,13400.778557278216,508.7562151984131,1018.215645700082,2801.886369627802,464.56488489830684,246.21938899610265,1454.5937795715458,1272304.0755097177,6573.538026862609,1077.3533173171984,122454167.64273037
957,958.0,30.0,494.0,3358947.7169643547,27286.27263099514,508.7562151984131,1018.215645700082,2803.5937330024676,464.84797313422854,246.36942576114114,1454.5937795715458,1272304.0755097177,6573.538026862609,1077.3533173171984,122454167.64273037
958,959.0,30.0,494.0,2968137.937729938,41171.76670471206,508.7562151984131,1018.215645700082,2803.5937330024676,464.84797313422854,246.36942576114114,1454.5937795715458,1272304.0755097177,6573.538026862609,1077.3533173171984,122454167.64273037
959,960.0,30.0,494.0,2580402.423084017,53458.004871965386,508.7562151984131,1018.215645700082,2802.7397706167744,464.70638247526483,246.29438271189036,1454.5937795715458,1272304.0755097177,6573.538026862609,1077.3533173171984,122454167.64273037
960,961.0,30.0,494.0,2211070.1240154635,56170.74981415948,508.7562151984131,1018.215645700082,2797.6277662897323,463.8587900362797,245.84515871922824,1454.5937795715458,1272304.0755097177,6573.538026862609,1077.3533173171984,122454167.64273037
961,962.0,30.0,494.0,1872249.3315023184,43011.17613535281,508.7562151984131,1018.215645700082,2789.152347802115,462.45352897471565,245.1003703565993,1454.5937795715458,1272304.0755097177,6573.538026862609,1077.3533173171984,122454167.64273037
962,963.0,30.0,494.0,1545577.3268669434,23531.710264248773,508.7562151984131,1018.215645700082,2785.7776845027342,461.89399519624357,244.8038174540091,1454.5937795715458,1272304.0755097177,6573.538026862609,1077.3533173171984,122454167.64273037
963,964.0,30.0,494.0,1227996.0987291299,21188.406938757747,508.7562151984131,1013.9640685578236,2783.252468808967,461.47530350666085,244.58191085853025,1448.520097939748,1272304.0755097177,6573.538026862609,1077.3533173171984,122454167.64273037
964,965.0,30.0,494.0,916465.5057243388,15697.517029291019,508.7562151984131,1013.9640685578236,2781.571736827572,461.19663087098735,244.4342143616233,1448.520097939748,1272304.0755097177,6573.538026862609,1077.3533173171984,122454167.64273037
965,966.0,30.0,494.0,607957.2713259123,8634.373101491481,508.7562151984131,1013.9640685578236,2780.7321927702483,461.05743083326087,244.36043834162828,1448.520097939748,1272304.0755097177,6573.538026862609,1077.3533173171984,122454167.64273037
966,967.0,30.0,494.0,302469.42546541186,0.0,508.7562151984131,1013.9640685578236,2779.8931959541583,460.918321530499,244.28671041116448,1448.520097939748,1272304.0755097177,6573.538026862609,1077.3533173171984,122454167.64273037
967,968.0,30.0,494.0,0.0,0.0,508.7562151984131,1011.9798449737738,2779.054745844411,460.7793028740146,244.21303052322776,1445.685492819677,1272304.0755097177,6573.538026862609,1077.3533173171984,122454167.64273037
968,969.0,30.0,494.0,47986.51018032359,0.0,489.66401547358606,976.5307069015133,2681.7058748317063,444.638438795003,235.65837256135163,1395.043867002162,1272304.0755097177,6573.538026862609,1077.3533173171984,122454167.64273037
969,970.0,30.0,494.0,1000168.8848419329,56170.74981415948,440.264015473586,874.1478628697998,2430.5403569202376,402.9941090378099,213.58687779003927,1248.7826612425713,1272304.0755097177,6573.538026862609,1077.3533173171984,122454167.64273037
970,971.0,30.0,494.0,2838073.0009578783,51818.818104165606,391.6883303080309,796.3240932302945,2184.5065398495894,362.2006374868205,191.96633786801488,1137.6058474718493,1272304.0755097177,6573.538026862609,1077.3533173171984,122454167.64273037
971,972.0,30.0,494.0,4680608.229575019,45057.746319258586,391.6883303080309,796.3240932302945,2183.2201197103686,361.9873434609149,191.8532920342849,1137.6058474718493,1272304.0755097177,6573.538026862609,1077.3533173171984,122454167.64273037
972,973.0,30.0,494.0,6527768.550941048,35890.66598053882,391.6883303080309,796.3240932302945,2181.9353717245663,361.774326685282,191.74039314319947,1137.6058474718493,1272304.0755097177,6573.538026862609,1077.3533173171984,122454167.64273037
973,974.0,30.0,494.0,8381855.250044873,23120.431069822516,391.6883303080309,796.3240932302945,2180.011377908512,361.4553201847368,191.57131969791052,1137.6058474718493,1272304.0755097177,6573.538026862609,1077.3533173171984,122454167.64273037
974,975.0,30.0,494.0,10245156.159553297,5556.893569570966,391.6883303080309,796.3240932302945,2177.4518750183456,361.0309435296175,191.34640007069729,1137.6058474718493,1272304.0755097177,6573.538026862609,1077.3533173171984,122454167.64273037
975,976.0,30.0,494.0,12085376.585123166,0.0,391.6883303080309,796.3240932302945,2183.8631205568327,362.09395578376456,191.90979656539523,1137.6058474718493,1272304.0755097177,6573.538026862609,1077.3533173171984,122454167.64273037
976,977.0,30.0,494.0,12993743.74988648,0.0,441.0883303080309,889.5019266275643,2442.711248558654,405.0120955394758,214.65641063592219,1270.7170380393777,1272304.0755097177,6573.538026862609,1077.3533173171984,122454167.64273037
977,978.0,30.0,494.0,12947538.719097963,0.0,490.4883303080309,986.058321079002,2707.8701917674957,448.9765957657772,237.95759575586192,1408.6547443985744,1272304.0755097177,6573.538026862609,1077.3533173171984,122454167.64273037
978,979.0,30.0,494.0,12862701.539594632,1581.6559286806732,490.4883303080309,989.6584760548435,2718.6013441882774,450.7558672748672,238.90060965567963,1413.7978229354908,1272304.0755097177,6573.538026862609,1077.3533173171984,122454167.64273037
979,980.0,30.0,494.0,12759922.119382981,12497.00243668072,490.488330308032,989.6584760548435,2723.5852999405884,451.5822287060477,239.3385812142053,1413.7978229354908,1272304.0755097177,6573.538026862609,1077.3533173171984,122454167.64273037
980,981.0,30.0,494.0,12651146.12117064,26531.8145957347,490.488330308032,989.6584760548435,2725.251016051871,451.8584116454772,239.48495817210292,1413.7978229354908,1272304.0755097177,6573.538026862609,1077.3533173171984,122454167.64273037
981,982.0,30.0,494.0,12542370.122958373,40566.62675478496,490.488330308032,989.6584760548435,2725.251016051871,451.8584116454772,239.48495817210292,1413.7978229354908,1272304.0755097177,6573.538026862609,1077.3533173171984,122454167.64273037
982,983.0,30.0,494.0,12439590.702746723,51481.97326278407,490.488330308032,989.6584760548435,2723.5852999405884,451.5822287060477,239.3385812142053,1413.7978229354908,1272304.0755097177,6573.538026862609,1077.3533173171984,122454167.64273037
983,984.0,30.0,494.0,12348780.67620626,56170.74981415948,490.488330308032,989.6584760548435,2720.260468365258,451.0309572430637,239.04640733882377,1413.7978229354908,1272304.0755097177,6573.538026862609,1077.3533173171984,122454167.64273037
984,985.0,30.0,494.0,12281814.82595177,48455.603846048936,490.488330308032,989.6584760548435,2713.6370860635993,449.93277179558737,238.46436905166132,1413.7978229354908,1272304.0755097177,6573.538026862609,1077.3533173171984,122454167.64273037
985,986.0,30.0,494.0,12265102.977516647,14597.9425154645,490.488330308032,989.6584760548435,2699.677641113775,447.61823541514843,237.2376647700287,1413.7978229354908,1272304.0755097177,6573.538026862609,1077.3533173171984,122454167.64273037
986,987.0,30.0,494.0,12268921.671430552,14797.505037410185,490.488330308032,980.9595432514332,2693.9747126834895,446.6726652026952,236.73651255742848,1401.370776073476,1272304.0755097177,6573.538026862609,1077.3533173171984,122454167.64273037
987,988.0,30.0,494.0,12284429.989787517,8916.035690835677,490.488330308032,980.9595432514332,2690.7275947826392,446.1342790032363,236.45116787171526,1401.370776073476,1272304.0755097177,6573.538026862609,1077.3533173171984,122454167.64273037
988,989.0,30.0,494.0,12305771.683413506,0.0,490.488330308032,980.9595432514332,2689.1072127634666,445.86561265245626,236.30877470580182,1401.370776073476,1272304.0755097177,6573.538026862609,1077.3533173171984,122454167.64273037
989,990.0,30.0,494.0,12332939.147553412,15622.291849368252,490.488330308032,975.5989164506093,2687.488943176267,445.59729655203864,236.1665671725805,1393.7127377865847,1272304.0755097177,6573.538026862609,1077.3533173171984,122454167.64273037
990,991.0,30.0,494.0,12363016.649812808,29730.759655078873,490.488330308032,975.5989164506093,2686.6805992541863,445.4632696317501,236.09553290482756,1393.7127377865847,1272304.0755097177,6573.538026862609,1077.3533173171984,122454167.64273037
991,992.0,30.0,494.0,12393094.152072204,43839.227460789494,490.488330308032,975.5989164506093,2686.6805992541863,445.4632696317501,236.09553290482756,1393.7127377865847,1272304.0755097177,6573.538026862609,1077.3533173171984,122454167.64273037
992,993.0,30.0,494.0,12431890.402381435,56170.74981415948,490.488330308032,975.0625193154207,2684.2587247958995,445.0617123662063,235.88270755408934,1392.9464561648867,1272304.0755097177,6573.538026862609,1077.3533173171984,122454167.64273037
993,994.0,30.0,494.0,12501807.074194402,52313.191342244856,489.2543915687998,975.0625193154207,2675.614163267087,443.62840665646667,235.12305552792733,1392.9464561648867,1272304.0755097177,6573.538026862609,1077.3533173171984,122454167.64273037
994,995.0,30.0,494.0,12577500.908010187,45450.30909624696,489.2543915687998,975.0625193154207,2674.0093960440786,443.36232930646173,234.98203453242473,1392.9464561648867,1272304.0755097177,6573.538026862609,1077.3533173171984,122454167.64273037
995,996.0,30.0,494.0,12661846.418334216,34086.75868772343,489.2543915687998,975.0625193154207,2671.606152569566,442.963861138651,234.77084640348505,1392.9464561648867,1272304.0755097177,6573.538026862609,1077.3533173171984,122454167.64273037
996,997.0,30.0,494.0,12751950.356630202,19727.630090985447,489.2543915687998,975.0625193154207,2670.006589244022,442.69864661736494,234.63028270720343,1392.9464561648867,1272304.0755097177,6573.538026862609,1077.3533173171984,122454167.64273037
997,998.0,30.0,494.0,12836295.866954232,8364.079682462849,489.2543915687998,975.0625193154207,2671.606152569566,442.963861138651,234.77084640348505,1392.9464561648867,1272304.0755097177,6573.538026862609,1077.3533173171984,122454167.64273037
998,999.0,30.0,494.0,12914875.466644391,0.0,489.2543915687998,975.0625193154207,2673.207794412308,443.22942028708303,234.911592752154,1392.9464561648867,1272304.0755097177,6573.538026862609,1077.3533173171984,122454167.64273037
999,1000.0,30.0,494.0,12970316.304724488,0.0,489.2543915687998,975.7766905699934,2679.6352281928807,444.2951166218205,235.4764118095649,1393.9667008142765,1272304.0755097177,6573.538026862609,1077.3533173171984,122454167.64273037
1000,1001.0,30.0,494.0,12993743.74988648,0.0,489.2543915687998,979.0148927811341,2688.5278373367987,445.76954969953977,236.25786134075608,1398.5927039730489,1272304.0755097177,6573.538026862609,1077.3533173171984,122454167.64273037
1001,1002.0,30.0,494.0,12993743.74988648,0.0,489.2543915687998,981.3846136326231,2695.0354609929077,446.8485418626528,236.82972718720598,1401.9780194751759,1272304.0755097177,6573.538026862609,1077.3533173171984,122454167.64273037
1002,1003.0,30.0,494.0,12964286.122364804,0.0,489.2543915687998,984.3642963803928,2703.2181353044843,448.2052646730154,237.54879027669816,1406.234709114847,1272304.0755097177,6573.538026862609,1077.3533173171984,122454167.64273037
1003,1004.0,30.0,494.0,12911122.547461336,9679.715391627513,489.2543915687998,984.8800212630903,2709.8031206883156,449.29708374535807,238.12745438503978,1406.971458947272,1272304.0755097177,6573.538026862609,1077.3533173171984,122454167.64273037
1004,1005.0,30.0,494.0,12843079.151364097,27100.02735398989,489.2543915687998,984.8800212630903,2713.9364043532514,449.98240006327427,238.49067203353536,1406.971458947272,1272304.0755097177,6573.538026862609,1077.3533173171984,122454167.64273037
1005,1006.0,30.0,494.0,12775035.755266862,44520.33931635693,489.2543915687998,984.8800212630903,2713.9364043532514,449.98240006327427,238.49067203353536,1406.971458947272,1272304.0755097177,6573.538026862609,1077.3533173171984,122454167.64273037
1006,1007.0,30.0,494.0,12718900.141839178,55746.131835462525,489.2543915687998,984.8800212630903,2710.6286869450423,449.4339662032584,238.20000208772697,1406.971458947272,1272304.0755097177,6573.538026862609,1077.3533173171984,122454167.64273037
1007,1008.0,30.0,494.0,12683527.727265121,56170.74981415948,489.2543915687998,984.8800212630903,2704.861131707924,448.4776805865678,237.69317071088096,1406.971458947272,1272304.0755097177,6573.538026862609,1077.3533173171984,122454167.64273037
1008,1009.0,30.0,494.0,12671767.876736097,45592.90725528449,489.2543915687998,984.63094268856,2698.3020861398595,447.3901624479306,237.11678609740324,1406.6156324122287,1272304.0755097177,6573.538026862609,1077.3533173171984,122454167.64273037
1009,1010.0,30.0,494.0,12680567.550618371,24319.84315565601,489.2543915687998,984.63094268856,2692.5911071367204,446.44325741566036,236.6149264303,1406.6156324122287,1272304.0755097177,6573.538026862609,1077.3533173171984,122454167.64273037
1010,1011.0,30.0,494.0,12695224.076379731,0.0,489.2543915687998,984.63094268856,2690.964203836974,446.1735098083411,236.47196019842082,1406.6156324122287,1272304.0755097177,6573.538026862609,1077.3533173171984,122454167.64273037
1011,1012.0,30.0,494.0,12489186.176818613,0.0,501.6545687433019,1002.2256529952546,2752.268210870996,456.3379794600311,241.8591291138165,1431.7509328503638,1272304.0755097177,6573.538026862609,1077.3533173171984,122454167.64273037
1012,1013.0,30.0,494.0,11511640.326519627,14973.480227981694,544.59548,1077.3533173171984,2966.5759749648482,491.87113413692805,260.69170109257186,1539.0761675959977,1272304.0755097177,6573.538026862609,1077.3533173171984,122454167.64273037
1013,1014.0,30.0,494.0,10543819.299907852,24888.0329390252,544.59548,1077.3533173171984,2963.874635051734,491.42324028962196,260.4543173534996,1539.0761675959977,1272304.0755097177,6573.538026862609,1077.3533173171984,122454167.64273037
1014,1015.0,30.0,494.0,9579235.652471354,33118.4762904197,544.59548,1077.3533173171984,2962.9753630586015,491.2741371016731,260.37529266388674,1539.0761675959977,1272304.0755097177,6573.538026862609,1077.3533173171984,122454167.64273037
1015,1016.0,30.0,494.0,8601689.802172368,48091.95651840139,544.59548,1077.3533173171984,2966.5759749648482,491.87113413692805,260.69170109257186,1539.0761675959977,1272304.0755097177,6573.538026862609,1077.3533173171984,122454167.64273037
1016,1017.0,30.0,494.0,7637397.67305636,56170.74981415948,542.9810565121145,1077.3533173171984,2962.894385747354,491.2607107130491,260.36817667791604,1539.0761675959977,1272304.0755097177,6573.538026862609,1077.3533173171984,122454167.64273037
1017,1018.0,30.0,494.0,7570003.606273841,29254.884541466832,493.5810565121145,993.4352639903686,2713.756035099163,449.952494060421,238.47482185202313,1419.1932342719554,1272304.0755097177,6573.538026862609,1077.3533173171984,122454167.64273037
1018,1019.0,30.0,494.0,8416624.01584809,54205.841520829126,444.18105651211454,890.8961275974286,2459.863125000061,407.85595087606845,216.1636539643163,1272.7087537106124,1272304.0755097177,6573.538026862609,1077.3533173171984,122454167.64273037
1019,1020.0,30.0,494.0,9307430.721823873,56170.74981415948,443.06127358479984,890.8961275974286,2447.589153777413,405.8208733332728,215.0850628666346,1272.7087537106124,1272304.0755097177,6573.538026862609,1077.3533173171984,122454167.64273037
1020,1021.0,30.0,494.0,10221833.830224406,45860.62944200402,443.06127358479984,890.8961275974286,2441.034597548315,404.73409954646337,214.5090727596256,1272.7087537106124,1272304.0755097177,6573.538026862609,1077.3533173171984,122454167.64273037
1021,1022.0,30.0,494.0,11146679.982412018,30117.957974394783,443.06127358479984,890.8961275974286,2438.1337520519046,404.25312681011116,214.2541572093589,1272.7087537106124,1272304.0755097177,6573.538026862609,1077.3533173171984,122454167.64273037
1022,1023.0,30.0,494.0,12079340.641485946,10310.120372156613,443.06127358479984,890.8961275974286,2435.9630556945945,403.8932159606513,214.06340445914518,1272.7087537106124,1272304.0755097177,6573.538026862609,1077.3533173171984,122454167.64273037
1023,1024.0,30.0,494.0,12993743.74988648,0.0,443.06127358479984,890.8961275974286,2441.034597548315,404.73409954646337,214.5090727596256,1272.7087537106124,1272304.0755097177,6573.538026862609,1077.3533173171984,122454167.64273037
1024,1025.0,30.0,494.0,12993743.74988648,0.0,492.4612735847998,981.3846136326231,2695.0354609929077,446.8485418626528,236.82972718720598,1401.9780194751759,1272304.0755097177,6573.538026862609,1077.3533173171984,122454167.64273037
1025,1026.0,30.0,494.0,12074090.512391169,0.0,541.5993072836881,1074.4089036464397,2950.494693630494,489.20478810195164,259.27853769403436,1534.8698623520568,1272304.0755097177,6573.538026862609,1077.3533173171984,122454167.64273037
1026,1027.0,30.0,494.0,11125328.32319698,0.0,541.5993072836881,1077.3533173171984,2958.580513546861,490.5454520344631,259.98908957826546,1539.0761675959977,1272304.0755097177,6573.538026862609,1077.3533173171984,122454167.64273037
1027,1028.0,30.0,494.0,10150547.114835836,13535.292387906462,541.5993072836881,1077.3533173171984,2965.8080188710032,491.74380369333426,260.6242159574672,1539.0761675959977,1272304.0755097177,6573.538026862609,1077.3533173171984,122454167.64273037
1028,1029.0,30.0,494.0,9173001.264536848,28508.772615889087,540.8608399999999,1077.3533173171984,2966.5759749648487,491.87113413692816,260.6917010925719,1539.0761675959977,1272304.0755097177,6573.538026862609,1077.3533173171984,122454167.64273037
1029,1030.0,30.0,494.0,8201998.3973787315,40078.54306785297,539.7938,1077.3533173171984,2964.75847964794,491.5697855484002,260.5319863406521,1539.0761675959977,1272304.0755097177,6573.538026862609,1077.3533173171984,122454167.64273037
1030,1031.0,30.0,494.0,7226894.866364609,41197.26958617685,539.7938,1077.3533173171984,2965.897552941275,491.7586488296329,260.0415843971826,1539.0761675959977,1272304.0755097177,6573.538026862609,1077.3533173171984,122454167.64273037
1031,1032.0,30.0,494.0,6249349.016065622,56170.74981415948,540.14948,1077.3533173171984,2966.5759749648487,491.8711341369281,260.6917010925719,1539.0761675959977,1272304.0755097177,6573.538026862609,1077.3533173171984,122454167.64273037
1032,1033.0,30.0,494.0,5279083.065860404,56170.74981415948,541.2937478426728,1077.3533173171984,2964.553780494357,491.5358455429261,259.98908957826546,1539.0761675959977,1272304.0755097177,6573.538026862609,1077.3533173171984,122454167.64273037
1033,1034.0,30.0,494.0,4368225.054035265,36452.70740362443,541.2937478426728,1077.3533173171984,2948.05157538878,488.79970852518574,259.06384551834844,1539.0761675959977,1272304.0755097177,6573.538026862609,1077.3533173171984,122454167.64273037
1034,1035.0,30.0,494.0,3479861.974501854,5032.629498919472,541.2937478426726,1077.3533173171984,2941.802983085522,487.7636648813013,258.5147423870897,1539.0761675959977,1272304.0755097177,6573.538026862609,1077.3533173171984,122454167.64273037
1035,1036.0,30.0,494.0,2601108.2210490126,8346.191971942782,541.2937478426726,1069.6275563142467,2939.1337258409185,487.321090479268,258.28017795401206,1528.0393661632097,1272304.0755097177,6573.538026862609,1077.3533173171984,122454167.64273037
1036,1037.0,30.0,494.0,1728750.272696279,8332.607809241861,541.2937478426726,1069.6275563142467,2937.3571133131118,487.02652043408835,258.1240558300668,1528.0393661632097,1272304.0755097177,6573.538026862609,1077.3533173171984,122454167.64273037
1037,1038.0,30.0,494.0,862779.8185561203,4996.200397954322,541.2937478426726,1069.6275563142467,2935.582809365174,486.7323331614411,257.9681365755638,1528.0393661632097,1272304.0755097177,6573.538026862609,1077.3533173171984,122454167.64273037
1038,1039.0,30.0,494.0,0.0,0.0,541.2937478426726,1069.6275563142467,2934.696521702941,486.5853828317436,257.8902529008241,1528.0393661632097,1272304.0755097177,6573.538026862609,1077.3533173171984,122454167.64273037
1039,1040.0,30.0,494.0,0.0,0.0,493.7440263912,981.3846136326232,2695.0354609929077,446.8485418626529,236.82972718720603,1401.978019475176,1272304.0755097177,6573.538026862609,1077.3533173171984,122454167.64273037
1040,1041.0,30.0,494.0,885865.8418208733,2057.209519058466,444.34402639120003,891.3779558798633,2448.9616160426654,406.04843351601113,215.2056697634859,1273.3970798283763,1272304.0755097177,6573.538026862609,1077.3533173171984,122454167.64273037
1041,1042.0,30.0,494.0,2671582.830239388,56170.74981415948,394.94402639120005,790.2346124350227,2199.0029642099867,364.6042073772438,193.24022990993925,1128.9065891928897,1272304.0755097177,6573.538026862609,1077.3533173171984,122454167.64273037
1042,1043.0,30.0,494.0,4586030.59592235,43317.55710448837,388.23453714055665,790.2346124350227,2163.244414969863,358.67528517256665,190.09790114146034,1128.9065891928897,1272304.0755097177,6573.538026862609,1077.3533173171984,122454167.64273037
1043,1044.0,30.0,494.0,6502765.309581855,29274.676599903032,388.23453714055665,790.2346124350227,2162.6091516430447,358.5699557639573,190.04207655489736,1128.9065891928897,1272304.0755097177,6573.538026862609,1077.3533173171984,122454167.64273037
1044,1045.0,30.0,494.0,8419500.023241363,15231.796095316298,388.2345371405565,790.2346124350227,2162.6091516430433,358.5699557639571,190.04207655489728,1128.9065891928897,1272304.0755097177,6573.538026862609,1077.3533173171984,122454167.64273037
1045,1046.0,30.0,494.0,10338520.200462095,0.0,388.2345371405565,790.2346124350227,2161.974300653815,358.46469472270456,189.98628820303344,1128.9065891928897,1272304.0755097177,6573.538026862609,1077.3533173171984,122454167.64273037
1046,1047.0,30.0,494.0,12123353.48563023,0.0,395.50628000000006,800.8460776100824,2199.2484373350926,364.6449078836407,193.2618011783296,1144.0658251572606,1272304.0755097177,6573.538026862609,1077.3533173171984,122454167.64273037
1047,1048.0,30.0,494.0,12993743.74988648,0.0,444.90628000000004,893.3433464829618,2453.2603875883938,406.7611884406909,215.5834298735662,1276.2047806899454,1272304.0755097177,6573.538026862609,1077.3533173171984,122454167.64273037
1048,1049.0,30.0,494.0,12945515.832589647,0.0,494.30628,986.2629390518883,2708.432104686472,449.06976335935155,238.00697458045633,1408.947055788412,1272304.0755097177,6573.538026862609,1077.3533173171984,122454167.64273037
1049,1050.0,30.0,494.0,11985345.657845816,0.0,543.70628,1077.3533173171984,2961.74939842175,491.070866859674,259.98908957826546,1539.0761675959977,1272304.0755097177,6573.538026862609,1077.3533173171984,122454167.64273037
1050,1051.0,30.0,494.0,11007799.807546828,14973.480227983082,543.70628,1077.3533173171984,2966.575974964849,491.8711341369281,260.691701092572,1539.0761675959982,1272304.0755097177,6573.538026862609,1077.3533173171984,122454167.64273037
1051,1052.0,30.0,494.0,10030253.95724784,29946.96045596525,542.99492,1077.3533173171984,2966.5759749648487,491.8711341369281,260.6917010925719,1539.0761675959977,1272304.0755097177,6573.538026862609,1077.3533173171984,122454167.64273037
1052,1053.0,30.0,494.0,9052708.106948853,44920.44068394974,542.63924,1077.3533173171984,2966.575974964849,491.87113413692816,260.6917010925719,1539.0761675959977,1272304.0755097177,6573.538026862609,1077.3533173171984,122454167.64273037
1053,1054.0,30.0,494.0,8078458.106800098,41197.26958617685,542.10572,1077.3533173171984,2965.6604610342324,491.71933796545954,259.81438451015964,1539.0761675959977,1272304.0755097177,6573.538026862609,1077.3533173171984,122454167.64273037
1054,1055.0,30.0,494.0,7100912.256501112,56170.74981415948,541.5722000000001,1077.3533173171984,2966.5759749648482,491.8711341369281,260.6917010925719,1539.0761675959977,1272304.0755097177,6573.538026862609,1077.3533173171984,122454167.64273037
1055,1056.0,30.0,494.0,6131929.408659693,56170.74981415948,541.5722000000001,1077.3533173171984,2964.19736317108,491.4767500083752,259.9890895782647,1539.0761675959977,1272304.0755097177,6573.538026862609,1077.3533173171984,122454167.64273037
1056,1057.0,30.0,494.0,5183167.219465461,56170.74981415948,541.421982447282,1077.3533173171984,2958.580513546861,490.5454520344631,259.98908957826546,1539.0761675959977,1272304.0755097177,6573.538026862609,1077.3533173171984,122454167.64273037
1057,1058.0,30.0,494.0,4276410.156405276,34319.362551328726,541.4219824472821,1077.3533173171984,2946.9124229540703,488.61083212197076,258.9637410246445,1539.0761675959977,1272304.0755097177,6573.538026862609,1077.3533173171984,122454167.64273037
1058,1059.0,30.0,494.0,3404530.9805086106,0.0,540.5635921259051,1076.2496957896844,2937.224120964203,487.00446972713144,258.1123689553797,1537.499565413835,1272304.0755097177,6573.538026862609,1077.3533173171984,122454167.64273037
1059,1060.0,30.0,494.0,2539047.298242176,7465.467048338614,540.5635921259052,1067.4779541384437,2935.4475949558064,486.70991402724445,257.9562544344396,1524.9685059120625,1272304.0755097177,6573.538026862609,1077.3533173171984,122454167.64273037
1060,1061.0,30.0,494.0,1686329.671787817,8289.934413008392,540.5635921259047,1067.4779541384437,2931.9014683413407,486.1219508891451,257.64463397124695,1524.9685059120625,1272304.0755097177,6573.538026862609,1077.3533173171984,122454167.64273037
1061,1062.0,30.0,494.0,843164.835893907,4144.967206504196,540.5635921259047,1067.4779541384437,2929.247915407882,485.68198032985816,257.4114495748248,1524.9685059120625,1272304.0755097177,6573.538026862609,1077.3533173171984,122454167.64273037
1062,1063.0,30.0,494.0,0.0,0.0,540.5635921259047,1067.4779541384437,2929.247915407882,485.68198032985816,257.4114495748248,1524.9685059120625,1272304.0755097177,6573.538026862609,1077.3533173171984,122454167.64273037
1063,1064.0,30.0,494.0,0.0,0.0,494.3854027943999,981.3846136326232,2695.0354609929077,446.8485418626529,236.82972718720603,1401.978019475176,1272304.0755097177,6573.538026862609,1077.3533173171984,122454167.64273037
1064,1065.0,30.0,494.0,355828.06083206384,0.0,475.05740119459796,945.3920771239211,2596.194332984001,430.4602551161149,228.1439352115409,1350.5601101770303,1272304.0755097177,6573.538026862609,1077.3533173171984,122454167.64273037
1065,1066.0,30.0,494.0,1613753.806297836,56170.74981415948,425.65740119459804,843.2214670981186,2345.6116428079717,388.91256071957196,206.12365718137315,1204.6020958544552,1272304.0755097177,6573.538026862609,1077.3533173171984,122454167.64273037
1066,1067.0,30.0,494.0,3769825.667524673,42700.45902514085,376.2574011945979,765.9139678213563,2096.12661065212,347.54686277275266,184.1998372695589,1094.1628111733662,1272304.0755097177,6573.538026862609,1077.3533173171984,122454167.64273037
1067,1068.0,30.0,494.0,5928098.175676368,28085.374907080084,376.2574011945979,765.9139678213563,2095.5153198396592,347.4455081107619,184.14611929870384,1094.1628111733662,1272304.0755097177,6573.538026862609,1077.3533173171984,122454167.64273037
1068,1069.0,30.0,494.0,8086370.683828061,13470.290789019316,376.25740119459783,765.9139678213563,2095.5153198396592,347.4455081107619,184.14611929870384,1094.1628111733662,1272304.0755097177,6573.538026862609,1077.3533173171984,122454167.64273037
1069,1070.0,30.0,494.0,10242442.5450549,0.0,376.25740119459783,765.9139678213563,2096.1266106521193,347.5468627727526,184.19983726955888,1094.1628111733662,1272304.0755097177,6573.538026862609,1077.3533173171984,122454167.64273037
1070,1071.0,30.0,494.0,12075790.814067066,0.0,394.61708,795.9387149834752,2185.7720529339726,362.4104650325613,192.07754646725752,1137.0553071192503,1272304.0755097177,6573.538026862609,1077.3533173171984,122454167.64273037
1071,1072.0,30.0,494.0,12993743.74988648,0.0,444.01707999999996,888.5323116570811,2440.048534376404,404.570606005495,214.42242118291236,1269.3318737958302,1272304.0755097177,6573.538026862609,1077.3533173171984,122454167.64273037
1072,1073.0,30.0,494.0,12979277.365570176,0.0,493.41707999999994,982.8479098786695,2699.0539010807697,447.514816618519,237.18285280781507,1404.0684426838136,1272304.0755097177,6573.538026862609,1077.3533173171984,122454167.64273037
1073,1074.0,30.0,494.0,12024467.273702394,3146.165137700986,542.8170799999999,1077.3533173171984,2960.2604865117364,490.823998821913,260.1367193756139,1539.0761675959977,1272304.0755097177,6573.538026862609,1077.3533173171984,122454167.64273037
1074,1075.0,30.0,494.0,11046921.423403408,18119.645365683362,542.8170799999999,1077.3533173171984,2966.5759749648482,491.87113413692805,260.6917010925719,1539.0761675959977,1272304.0755097177,6573.538026862609,1077.3533173171984,122454167.64273037
1075,1076.0,30.0,494.0,10069375.573104423,33093.12559366599,541.5722000000001,1077.3533173171984,2966.5759749648482,491.8711341369281,260.6917010925719,1539.0761675959977,1272304.0755097177,6573.538026862609,1077.3533173171984,122454167.64273037
1076,1077.0,30.0,494.0,9091829.722805435,48066.605821650475,540.5051599999999,1077.3533173171984,2966.575974964849,491.8711341369282,260.691701092572,1539.0761675959977,1272304.0755097177,6573.538026862609,1077.3533173171984,122454167.64273037
1077,1078.0,30.0,494.0,8118134.329396722,41197.26958617685,539.97164,1077.3533173171984,2965.506403606439,491.69379457726706,259.6667547128103,1539.0761675959977,1272304.0755097177,6573.538026862609,1077.3533173171984,122454167.64273037
1078,1079.0,30.0,494.0,7140588.479097734,56170.74981415948,539.7938,1077.3533173171984,2966.5759749648487,491.8711341369281,260.6917010925719,1539.0761675959977,1272304.0755097177,6573.538026862609,1077.3533173171984,122454167.64273037
1079,1080.0,30.0,494.0,6171625.133831413,56170.74981415948,539.7938,1077.3533173171984,2964.191945789108,491.47585178300125,259.98908957826586,1539.0761675959977,1272304.0755097177,6573.538026862609,1077.3533173171984,122454167.64273037
1080,1081.0,30.0,494.0,5290990.532089919,20730.25876643788,536.1140721568378,1077.3533173171984,2939.6561836988785,487.407716252989,258.3260896140842,1539.0761675959977,1272304.0755097177,6573.538026862609,1077.3533173171984,122454167.64273037
1081,1082.0,30.0,494.0,4468192.392624488,21556.603059014305,536.1140721568378,1064.4511886618197,2923.590499733305,484.7439563292521,256.9142968545036,1520.6445552311711,1272304.0755097177,6573.538026862609,1077.3533173171984,122454167.64273037
1082,1083.0,30.0,494.0,3664522.2754139192,12432.404160047881,536.1140721568378,1064.4511886618197,2918.277160218066,483.86298164481104,256.44738027174986,1520.6445552311711,1272304.0755097177,6573.538026862609,1077.3533173171984,122454167.64273037
1083,1084.0,30.0,494.0,2867211.552121807,0.0,536.1140721568378,1064.4511886618197,2916.5106619073836,483.5700885805986,256.2921469477173,1520.6445552311711,1272304.0755097177,6573.538026862609,1077.3533173171984,122454167.64273037
1084,1085.0,30.0,494.0,2079424.4002985153,0.0,536.1140721568378,1061.0704533519038,2913.865225388268,483.13146375793247,256.0596757917042,1515.8149333598626,1272304.0755097177,6573.538026862609,1077.3533173171984,122454167.64273037
1085,1086.0,30.0,494.0,1297975.9733988848,0.0,536.1140721568377,1060.4292819173065,2912.104468465027,482.83952264060304,255.9049469995196,1514.8989741675807,1272304.0755097177,6573.538026862609,1077.3533173171984,122454167.64273037
1086,1087.0,30.0,494.0,519693.8181844834,0.0,536.1140721568377,1060.109008836649,2911.2249485524635,482.6936944330873,255.82765804953627,1514.4414411952132,1272304.0755097177,6573.538026862609,1077.3533173171984,122454167.64273037
1087,1088.0,30.0,494.0,0.0,0.0,521.5372852950616,1033.9524147234422,2839.394854933042,470.78395407521043,249.51549565986153,1477.074878176346,1272304.0755097177,6573.538026862609,1077.3533173171984,122454167.64273037
1088,1089.0,30.0,494.0,378116.7468147442,0.0,472.1372852950615,943.13754345368,2590.0030313221455,429.4337105084931,227.59986656950136,1347.3393477909715,1272304.0755097177,6573.538026862609,1077.3533173171984,122454167.64273037
1089,1090.0,30.0,494.0,1654044.0586287286,56170.74981415948,422.7372852950615,841.400581942276,2340.6112077112493,388.08346694177584,205.68423747914122,1202.0008313461085,1272304.0755097177,6573.538026862609,1077.3533173171984,122454167.64273037
1090,1091.0,30.0,494.0,3827781.9354419243,40692.05350345373,373.3372852950615,764.5175474190149,2091.219384100353,346.73322337505857,183.76860838878105,1092.167924884307,1272304.0755097177,6573.538026862609,1077.3533173171984,122454167.64273037
1091,1092.0,30.0,494.0,5999312.024540966,26361.865214893594,373.3372852950615,764.5175474190149,2091.832658465396,346.83490691865103,183.82250066688505,1092.167924884307,1272304.0755097177,6573.538026862609,1077.3533173171984,122454167.64273037
1092,1093.0,30.0,494.0,8168632.888694021,13180.932607446797,373.33728529506135,764.5175474190149,2092.446332061503,346.9366566564816,183.87642802793525,1092.167924884307,1272304.0755097177,6573.538026862609,1077.3533173171984,122454167.64273037
1093,1094.0,30.0,494.0,10337953.752847077,0.0,373.33728529506135,764.5175474190149,2092.446332061503,346.9366566564816,183.87642802793525,1092.167924884307,1272304.0755097177,6573.538026862609,1077.3533173171984,122454167.64273037
1094,1095.0,30.0,494.0,12124411.298432535,0.0,394.2614000000001,800.6817812579807,2198.797253885836,364.57009971531386,193.22215284911636,1143.8311160828296,1272304.0755097177,6573.538026862609,1077.3533173171984,122454167.64273037
1095,1096.0,30.0,494.0,12993743.74988648,0.0,443.66140000000007,893.4503458180262,2453.5542244779226,406.8099078685173,215.6092511703142,1276.3576368828947,1272304.0755097177,6573.538026862609,1077.3533173171984,122454167.64273037
1096,1097.0,30.0,494.0,12941751.37390003,0.0,493.06140000000005,986.6437196359285,2709.47778765581,449.24314212073057,238.0988653239872,1409.4910280513266,1272304.0755097177,6573.538026862609,1077.3533173171984,122454167.64273037
1097,1098.0,30.0,494.0,11964205.523601044,14973.480227981912,542.4614,1077.3533173171984,2966.5759749648482,491.871134136928,260.69170109257186,1539.0761675959977,1272304.0755097177,6573.538026862609,1077.3533173171984,122454167.64273037
1098,1099.0,30.0,494.0,10986659.673302058,29946.960455963388,541.5722000000001,1077.3533173171984,2966.5759749648482,491.8711341369281,260.6917010925719,1539.0761675959977,1272304.0755097177,6573.538026862609,1077.3533173171984,122454167.64273037
1099,1100.0,30.0,494.0,10009770.144491237,41197.26958617685,540.5051599999999,1077.3533173171984,2966.393663440358,491.84090609723717,260.51699602446496,1539.0761675959977,1272304.0755097177,6573.538026862609,1077.3533173171984,122454167.64273037
1100,1101.0,30.0,494.0,9032224.294192249,56170.74981415948,539.7938,1077.3533173171984,2966.5759749648487,491.8711341369281,260.6917010925719,1539.0761675959977,1272304.0755097177,6573.538026862609,1077.3533173171984,122454167.64273037
1101,1102.0,30.0,494.0,8057317.972555317,56170.74981415948,539.7938,1077.3533173171984,2965.8427725587226,491.74956600515037,259.989089578265,1539.0761675959977,1272304.0755097177,6573.538026862609,1077.3533173171984,122454167.64273037
1102,1103.0,30.0,494.0,7282200.466031687,15724.9120479431,529.1453689142998,1067.653368378832,2910.345879471694,482.5479409754338,255.75040871697993,1525.219097684046,1272304.0755097177,6573.538026862609,1077.3533173171984,122454167.64273037
1103,1104.0,30.0,494.0,6513488.428843215,38442.85412991885,529.1453689142996,1054.723599566351,2908.5665824341495,482.2529258269228,255.5940506882691,1506.7479993805014,1272304.0755097177,6573.538026862609,1077.3533173171984,122454167.64273037
1104,1105.0,30.0,494.0,5754368.804522185,56170.74981415948,529.1453689142995,1054.723599566351,2905.902023304304,481.8111303926467,255.35989910810275,1506.7479993805014,1272304.0755097177,6573.538026862609,1077.3533173171984,122454167.64273037
1105,1106.0,30.0,494.0,5033430.392761981,54036.48726636637,529.1453689142995,1054.723599566351,2895.296130926298,480.0526275406961,254.42789259656894,1506.7479993805014,1272304.0755097177,6573.538026862609,1077.3533173171984,122454167.64273037
1106,1107.0,30.0,494.0,4328312.416267328,43672.31352747604,529.1453689142995,1054.723599566351,2890.9015655747558,479.3239895884767,254.04171448189265,1506.7479993805014,1272304.0755097177,6573.538026862609,1077.3533173171984,122454167.64273037
1107,1108.0,30.0,494.0,3635813.6032626764,26743.554612169042,529.1453689142995,1054.723599566351,2887.396242383088,478.742791834449,253.73367967225798,1506.7479993805014,1272304.0755097177,6573.538026862609,1077.3533173171984,122454167.64273037
1108,1109.0,30.0,494.0,2962181.8638340794,0.0,529.1453689142995,1054.723599566351,2882.1553886119623,477.873835600055,253.27313286802914,1506.7479993805014,1272304.0755097177,6573.538026862609,1077.3533173171984,122454167.64273037
1109,1110.0,30.0,494.0,1984636.0135350935,23762.784309787225,546.37388,1075.6442859679585,2966.5759749648482,491.87113413692805,260.69170109257186,1536.6346942399407,1272304.0755097177,6573.538026862609,1077.3533173171984,122454167.64273037
1110,1111.0,30.0,494.0,1016783.3643370345,42483.091413414266,546.37388,1075.6442859679585,2963.88341910348,491.42469672341326,260.45508926340904,1536.6346942399407,1272304.0755097177,6573.538026862609,1077.3533173171984,122454167.64273037
1111,1112.0,30.0,494.0,58605.02281611413,56170.74981415948,546.37388,1075.6442859679585,2961.1961114153855,490.9791294797382,260.2189386242613,1536.6346942399407,1272304.0755097177,6573.538026862609,1077.3533173171984,122454167.64273037
1112,1113.0,30.0,494.0,0.0,0.0,496.97388,998.2346889195419,2711.3146339973837,449.54769919288697,238.2602805722301,1426.0495555993457,1272304.0755097177,6573.538026862609,1077.3533173171984,122454167.64273037
1113,1114.0,30.0,494.0,840384.2100473531,0.0,447.57388000000003,896.3785034041734,2461.5954026464206,408.1431700060505,216.31588010320678,1280.5407191488193,1272304.0755097177,6573.538026862609,1077.3533173171984,122454167.64273037
1114,1115.0,30.0,494.0,2576830.1611960167,56170.74981415948,398.17388000000005,794.8184380258224,2212.6893634516123,366.87347159769206,194.4429399467768,1135.4549114654606,1272304.0755097177,6573.538026862609,1077.3533173171984,122454167.64273037
1115,1116.0,30.0,494.0,5141883.727689887,41037.4473852509,352.7215053812126,724.8682246565335,1982.5205814112767,328.71049150869004,174.21656049960572,1035.5260352236194,1272304.0755097177,6573.538026862609,1077.3533173171984,122454167.64273037
1116,1117.0,30.0,494.0,7713154.396523453,22669.960860718973,352.7215053812126,724.8682246565335,1980.7936085391384,328.42415193322967,174.06480052461174,1035.5260352236194,1272304.0755097177,6573.538026862609,1077.3533173171984,122454167.64273037
1117,1118.0,30.0,494.0,10292695.752018984,0.0,352.7215053812126,724.8682246565335,1978.4961955774825,328.0432309224189,173.86291238888202,1035.5260352236194,1272304.0755097177,6573.538026862609,1077.3533173171984,122454167.64273037
1118,1119.0,30.0,494.0,12103565.43134892,0.0,395.86196000000007,798.2124576948002,2192.016105623481,363.44575598884154,192.62625067408604,1140.3035109925718,1272304.0755097177,6573.538026862609,1077.3533173171984,122454167.64273037
1119,1120.0,30.0,494.0,12993743.74988648,0.0,445.26196000000004,891.3417554210012,2447.7637058435853,405.84981482119656,215.1004018552342,1273.3453648871446,1272304.0755097177,6573.538026862609,1077.3533173171984,122454167.64273037
1120,1121.0,30.0,494.0,12956637.810959388,0.0,494.66196,985.1379344314383,2705.3426662504335,448.5575210974966,237.7354861816732,1407.3399063306263,1272304.0755097177,6573.538026862609,1077.3533173171984,122454167.64273037
1121,1122.0,30.0,494.0,12060422.829917055,0.0,544.06196,990.5534913343296,2943.9840668379998,488.1252980058302,239.04237936714011,1415.0764161918996,1272304.0755097177,6573.538026862609,1077.3533173171984,122454167.64273037
1122,1123.0,30.0,494.0,11164207.848874724,0.0,542.28356,990.5534913343296,2943.9840668379998,488.1252980058302,239.04237936714011,1415.0764161918996,1272304.0755097177,6573.538026862609,1077.3533173171984,122454167.64273037
1123,1124.0,30.0,494.0,10258091.074672349,56170.74981415948,540.8608399999999,990.5534913343296,2946.7345649380113,488.5813424932498,241.67812035625897,1415.0764161918994,1272304.0755097177,6573.538026862609,1077.3533173171984,122454167.64273037
1124,1125.0,30.0,494.0,9361876.093630016,56170.74981415948,540.14948,990.5534913343296,2943.984066838,488.12529800583025,239.04237936714074,1415.0764161918994,1272304.0755097177,6573.538026862609,1077.3533173171984,122454167.64273037
1125,1126.0,30.0,494.0,8465661.112587683,56170.74981415948,539.97164,990.5534913343296,2943.984066838,488.12529800583025,239.04237936714043,1415.0764161918994,1272304.0755097177,6573.538026862609,1077.3533173171984,122454167.64273037
1126,1127.0,30.0,494.0,7572417.619730664,56170.74981415948,539.97164,990.5534913343296,2943.1586534531907,487.9884408947553,239.04237936713872,1415.0764161918994,1272304.0755097177,6573.538026862609,1077.3533173171984,122454167.64273037
1127,1128.0,30.0,494.0,6691040.538564015,56170.74981415948,539.97164,990.5534913343296,2939.862427983643,487.4419124478994,239.04237936714023,1415.0764161918994,1272304.0755097177,6573.538026862609,1077.3533173171984,122454167.64273037
1128,1129.0,30.0,494.0,5836249.093230728,56170.74981415948,539.97164,990.5534913343296,2932.477529141043,486.2174642625671,239.0423793671399,1415.0764161918994,1272304.0755097177,6573.538026862609,1077.3533173171984,122454167.64273037
1129,1130.0,30.0,494.0,5039978.812083149,56170.74981415948,539.97164,990.5534913343296,2916.221650200569,483.52216918894663,239.0423793671401,1415.0764161918994,1272304.0755097177,6573.538026862609,1077.3533173171984,122454167.64273037
1130,1131.0,30.0,494.0,4269795.041730439,56170.74981415948,539.97164,990.5534913343296,2908.975397201994,482.3207090845263,239.04237936714074,1415.0764161918994,1272304.0755097177,6573.538026862609,1077.3533173171984,122454167.64273037
1131,1132.0,30.0,494.0,3514037.9937138166,56170.74981415948,539.97164,990.5534913343296,2904.9679743308584,481.6562610308691,239.0423793671401,1415.0764161918994,1272304.0755097177,6573.538026862609,1077.3533173171984,122454167.64273037
1132,1133.0,30.0,494.0,2769788.689156115,56170.74981415948,539.97164,990.5534913343296,2901.7713789256027,481.12625167980946,239.04237936713952,1415.0764161918994,1272304.0755097177,6573.538026862609,1077.3533173171984,122454167.64273037
1133,1134.0,30.0,494.0,1873573.7081137828,56170.74981415948,549.93068,990.5534913343296,2943.984066838,488.12529800583025,239.04237936714043,1415.0764161918994,1272304.0755097177,6573.538026862609,1077.3533173171984,122454167.64273037
1134,1135.0,30.0,494.0,977358.7270714517,56170.74981415948,550.8198799999999,990.5534913343296,2943.9840668379998,488.1252980058302,239.04237936714074,1415.0764161918994,1272304.0755097177,6573.538026862609,1077.3533173171984,122454167.64273037
1135,1136.0,30.0,494.0,81143.7460291218,56170.74981415948,551.17556,990.5534913343296,2943.9840668379993,488.1252980058301,239.04237936713992,1415.0764161918994,1272304.0755097177,6573.538026862609,1077.3533173171984,122454167.64273037
1136,1137.0,30.0,494.0,0.0,51228.11773250718,501.77556000000004,990.5534913343296,2717.575390445442,450.58575970461817,238.81045264344763,1415.0764161918994,1272304.0755097177,6573.538026862609,1077.3533173171984,122454167.64273037
1137,1138.0,30.0,494.0,808850.4003865514,0.0,452.37556000000006,909.5292179494245,2470.3547942188657,409.59551503393703,217.08562296798664,1299.3274542134636,1272304.0755097177,6573.538026862609,1077.3533173171984,122454167.64273037
1138,1139.0,30.0,494.0,2514711.10885634,56170.74981415948,402.9755600000001,797.912180720462,2221.1852641957444,368.28212870602067,195.18952821419097,1139.8745438863743,1272304.0755097177,6573.538026862609,1077.3533173171984,122454167.64273037
1139,1140.0,30.0,494.0,5084035.94797037,38160.079407960795,355.3448490170763,724.9956673089615,1981.3341167945657,328.5137705409616,174.11229838670965,1035.7080961556594,1272304.0755097177,6573.538026862609,1077.3533173171984,122454167.64273037
1140,1141.0,30.0,494.0,7655416.445688447,19080.039703980554,355.3448490170763,724.9956673089615,1980.7631005156636,328.4190935709179,174.0621195925865,1035.7080961556594,1272304.0755097177,6573.538026862609,1077.3533173171984,122454167.64273037
1141,1142.0,30.0,494.0,10226796.943406526,0.0,355.3448490170763,724.9956673089615,1980.7631005156636,328.4190935709179,174.0621195925865,1035.7080961556594,1272304.0755097177,6573.538026862609,1077.3533173171984,122454167.64273037
1142,1143.0,30.0,494.0,12076255.529363753,0.0,395.50628000000006,794.3091325119412,2181.2969648936783,361.6684760700948,191.68429231715027,1134.7273321599162,1272304.0755097177,6573.538026862609,1077.3533173171984,122454167.64273037
1143,1144.0,30.0,494.0,12993743.74988648,0.0,444.90628000000004,888.579318299118,2440.177621958817,404.5920092852695,214.43376492119285,1269.3990261415972,1272304.0755097177,6573.538026862609,1077.3533173171984,122454167.64273037
1144,1145.0,30.0,494.0,12971875.72664943,0.0,494.30628,983.5965966417543,2701.109911892088,447.8557121081661,237.36352741732804,1405.1379952025063,1272304.0755097177,6573.538026862609,1077.3533173171984,122454167.64273037
1145,1146.0,30.0,494.0,12012837.39259688,0.0,543.70628,1059.8502661477091,2961.434998229727,491.0187379473089,255.76521773858977,1514.0718087824418,1272304.0755097177,6573.538026862609,1077.3533173171984,122454167.64273037
1146,1147.0,30.0,494.0,11053799.058544332,0.0,541.75004,1059.8502661477091,2961.4349982297263,491.0187379473089,255.76521773858977,1514.0718087824418,1272304.0755097177,6573.538026862609,1077.3533173171984,122454167.64273037
1147,1148.0,30.0,494.0,10084858.931331703,56170.74981415948,540.5051599999999,1059.8502661477091,2964.185496329739,491.47478243472864,258.40095872770905,1514.0718087824416,1272304.0755097177,6573.538026862609,1077.3533173171984,122454167.64273037
1148,1149.0,30.0,494.0,9125820.597279157,56170.74981415948,539.7938,1059.8502661477091,2961.4349982297263,491.0187379473088,255.7652177385894,1514.0718087824416,1272304.0755097177,6573.538026862609,1077.3533173171984,122454167.64273037
1149,1150.0,30.0,494.0,8166782.263226611,56170.74981415948,539.43812,1059.8502661477091,2961.4349982297267,491.01873794730886,255.7652177385897,1514.0718087824416,1272304.0755097177,6573.538026862609,1077.3533173171984,122454167.64273037
1150,1151.0,30.0,494.0,7210718.355279104,56170.74981415948,539.43812,1059.8502661477091,2960.608768756104,490.88174552517717,255.7652177385895,1514.0718087824416,1272304.0755097177,6573.538026862609,1077.3533173171984,122454167.64273037
1151,1152.0,30.0,494.0,6434994.172305356,56170.74981415948,529.352576005244,1059.8502661477091,2910.514400707838,482.575882525641,255.76521773858974,1514.0718087824416,1272304.0755097177,6573.538026862609,1077.3533173171984,122454167.64273037
1152,1153.0,30.0,494.0,5691204.765915009,56170.74981415948,529.352576005244,1056.6200160955138,2901.6436294346704,481.10507026139294,254.98568723853828,1509.457165850734,1272304.0755097177,6573.538026862609,1077.3533173171984,122454167.64273037
1153,1154.0,30.0,494.0,5016939.618865163,49911.63902795408,529.352576005244,1050.8045833879141,2882.3313351734205,477.90300830133145,253.2885943997057,1501.1494048398774,1272304.0755097177,6573.538026862609,1077.3533173171984,122454167.64273037
1154,1155.0,30.0,494.0,4370829.882840619,29005.868500871584,529.352576005244,1050.8045833879141,2874.510387666392,476.6062613604907,252.60131852106008,1501.1494048398774,1272304.0755097177,6573.538026862609,1077.3533173171984,122454167.64273037
1155,1156.0,30.0,494.0,3740291.0409197146,0.0,529.352576005244,1050.8045833879141,2870.1851393042703,475.88911646507773,252.22123172649123,1501.1494048398774,1272304.0755097177,6573.538026862609,1077.3533173171984,122454167.64273037
1156,1157.0,30.0,494.0,2779551.585711953,56170.74981415948,549.0414800000001,1050.8045833879141,2961.9075318839527,491.09708607201003,256.2180362012445,1501.1494048398774,1272304.0755097177,6573.538026862609,1077.3533173171984,122454167.64273037
1157,1158.0,30.0,494.0,1828713.9236642336,56170.74981415948,549.575,1050.8045833879141,2959.1570337839407,490.64104158459037,253.58229521212547,1501.1494048398774,1272304.0755097177,6573.538026862609,1077.3533173171984,122454167.64273037
1158,1159.0,30.0,494.0,877876.2616165123,56170.74981415948,550.10852,1050.8045833879141,2959.157033783941,490.6410415845904,253.58229521212513,1501.1494048398774,1272304.0755097177,6573.538026862609,1077.3533173171984,122454167.64273037
1159,1160.0,30.0,494.0,0.0,56170.74981415948,546.1905643064,1050.8045833879141,2938.8899781086056,487.2806760504626,253.58229521212525,1501.1494048398774,1272304.0755097177,6573.538026862609,1077.3533173171984,122454167.64273037
1160,1161.0,30.0,494.0,0.0,0.0,496.7905643064,992.3067038742652,2695.0354609929077,446.8485418626529,236.82972718720603,1417.5810055346647,1272304.0755097177,6573.538026862609,1077.3533173171984,122454167.64273037
1161,1162.0,30.0,494.0,898660.460856419,56170.74981415948,447.39056430639994,879.5616838937638,2445.407555199458,405.459154848452,214.89335206967957,1256.5166912768054,1272304.0755097177,6573.538026862609,1077.3533173171984,122454167.64273037
1162,1163.0,30.0,494.0,2381724.8203538586,44632.21117825899,415.22025250420876,833.6140570920033,2283.0731389102857,378.5434061457553,200.62800525725032,1190.8772244171478,1272304.0755097177,6573.538026862609,1077.3533173171984,122454167.64273037
1163,1164.0,30.0,494.0,3869604.091090977,30588.918960651383,415.22025250420876,833.6140570920033,2281.7356635659303,378.3216469459033,200.51047288132875,1190.8772244171478,1272304.0755097177,6573.538026862609,1077.3533173171984,122454167.64273037
1164,1165.0,30.0,494.0,5359888.492360702,15294.459480325691,415.22025250420876,833.6140570920033,2281.0675717513222,378.2108744319572,200.45176344893733,1190.8772244171478,1272304.0755097177,6573.538026862609,1077.3533173171984,122454167.64273037
1165,1166.0,30.0,494.0,6850172.89363041,0.0,415.22025250420876,833.6140570920033,2281.0675717513222,378.2108744319572,200.45176344893733,1190.8772244171478,1272304.0755097177,6573.538026862609,1077.3533173171984,122454167.64273037
1166,1167.0,30.0,494.0,7826314.328979978,0.0,443.66140000000007,882.6464585604249,2423.8850622846944,401.89063238727886,213.0020351652578,1260.9235122291784,1272304.0755097177,6573.538026862609,1077.3533173171984,122454167.64273037
1167,1168.0,30.0,494.0,7864772.731859852,0.0,493.06140000000005,977.4944890975222,2684.352571304054,445.07727252336736,235.89095443738472,1396.4206987107461,1272304.0755097177,6573.538026862609,1077.3533173171984,122454167.64273037
1168,1169.0,30.0,494.0,6945518.773169465,0.0,542.4614,1074.3685160026723,2950.3837828513483,489.18639861481677,259.2687912658529,1534.8121657181034,1272304.0755097177,6573.538026862609,1077.3533173171984,122454167.64273037
1169,1170.0,30.0,494.0,5967972.9228704795,14973.480227981912,542.4614,1077.3533173171984,2966.5759749648482,491.871134136928,260.69170109257186,1539.0761675959977,1272304.0755097177,6573.538026862609,1077.3533173171984,122454167.64273037
1170,1171.0,30.0,494.0,4990427.072571492,29946.960455963388,540.14948,1077.3533173171984,2966.5759749648487,491.8711341369281,260.6917010925719,1539.0761675959977,1272304.0755097177,6573.538026862609,1077.3533173171984,122454167.64273037
1171,1172.0,30.0,494.0,4013537.5437606713,41197.26958617685,539.26028,1077.3533173171984,2966.3936634403576,491.8409060972371,260.51699602446536,1539.0761675959977,1272304.0755097177,6573.538026862609,1077.3533173171984,122454167.64273037
1172,1173.0,30.0,494.0,3035991.6934616836,56170.74981415948,538.9046,1077.3533173171984,2966.5759749648487,491.87113413692816,260.6917010925719,1539.0761675959977,1272304.0755097177,6573.538026862609,1077.3533173171984,122454167.64273037
1173,1174.0,30.0,494.0,2063724.9004868018,41197.26958617685,538.72676,1077.3533173171984,2965.109570152597,491.62799787337275,259.28647806395895,1539.0761675959977,1272304.0755097177,6573.538026862609,1077.3533173171984,122454167.64273037
1174,1175.0,30.0,494.0,1086179.050187814,56170.74981415948,539.0824399999999,1077.3533173171984,2966.5759749648487,491.8711341369281,260.6917010925719,1539.0761675959977,1272304.0755097177,6573.538026862609,1077.3533173171984,122454167.64273037
1175,1176.0,30.0,494.0,126135.06278495304,56170.74981415948,539.0824399999999,1077.3533173171984,2961.7143463825914,491.0650550798982,259.9890895782647,1539.0761675959977,1272304.0755097177,6573.538026862609,1077.3533173171984,122454167.64273037
1176,1177.0,30.0,494.0,43789.08628222719,0.0,492.9423058871999,1000.6361216236363,2717.909343354775,450.64113054212515,238.83979918732635,1429.480173748052,1272304.0755097177,6573.538026862609,1077.3533173171984,122454167.64273037
1177,1178.0,30.0,494.0,20415.123592477292,5577.4721094503375,492.9423058872,982.6644161869344,2701.5282284067266,447.92507079650574,237.40028752214806,1403.806308838478,1272304.0755097177,6573.538026862609,1077.3533173171984,122454167.64273037
1178,1179.0,30.0,494.0,11664.157273245975,3547.9498816970736,492.9423058872,982.6644161869344,2697.466284970471,447.2515829972206,237.04333898852695,1403.806308838478,1272304.0755097177,6573.538026862609,1077.3533173171984,122454167.64273037
1179,1180.0,30.0,494.0,5832.078636621695,0.0,492.9423058872,982.6644161869344,2696.6554828364137,447.1171484947488,236.97208870221687,1403.806308838478,1272304.0755097177,6573.538026862609,1077.3533173171984,122454167.64273037
1180,1181.0,30.0,494.0,0.0,3032.905604513362,492.9423058872,981.384805397949,2696.6554828364137,447.1171484947488,236.97208870221687,1401.9782934256416,1272304.0755097177,6573.538026862609,1077.3533173171984,122454167.64273037
1181,1182.0,30.0,494.0,0.0,3031.9193828371353,492.9423058872,981.384805397949,2695.0354609929077,446.8485418626529,236.82972718720603,1401.9782934256416,1272304.0755097177,6573.538026862609,1077.3533173171984,122454167.64273037
1182,1183.0,30.0,494.0,0.0,3030.9331611599773,492.9423058872,981.384805397949,2695.0354609929077,446.8485418626529,236.82972718720603,1401.9782934256416,1272304.0755097177,6573.538026862609,1077.3533173171984,122454167.64273037
1183,1184.0,30.0,494.0,5824.4953440103245,0.0,492.9423058872,981.384805397949,2693.4175456195712,446.58028449242664,236.68755078098613,1401.9782934256416,1272304.0755097177,6573.538026862609,1077.3533173171984,122454167.64273037
1184,1185.0,30.0,494.0,911493.6998427166,56170.74981415948,443.5423058872,878.852739071269,2443.4606819654887,405.13635484140866,214.7222680659466,1255.5039129589557,1272304.0755097177,6573.538026862609,1077.3533173171984,122454167.64273037
1185,1186.0,30.0,494.0,2718746.228798532,52031.768656000495,394.1423058872,799.3831397159421,2193.020869616292,363.6123502068406,192.7145456096255,1141.9759138799172,1272304.0755097177,6573.538026862609,1077.3533173171984,122454167.64273037
1186,1187.0,30.0,494.0,4528320.506240609,46684.996212124825,394.1423058872,799.3831397159421,2192.3759394812196,363.50541799959075,192.65787153978312,1141.9759138799172,1272304.0755097177,6573.538026862609,1077.3533173171984,122454167.64273037
1187,1188.0,30.0,494.0,6340215.025165256,40131.21643735655,394.1423058872,799.3831397159421,2191.7314279582833,363.39855520004465,192.60123425602367,1141.9759138799172,1272304.0755097177,6573.538026862609,1077.3533173171984,122454167.64273037
1188,1189.0,30.0,494.0,8159061.241173749,29961.11077349633,394.1423058872,799.3831397159421,2189.8004009905485,363.0783825725157,192.43154276343333,1141.9759138799172,1272304.0755097177,6573.538026862609,1077.3533173171984,122454167.64273037
1189,1190.0,30.0,494.0,9984845.643922832,16181.707404242828,394.1423058872,799.3831397159421,2187.87312689594,362.75883218759117,192.26218105942334,1141.9759138799172,1272304.0755097177,6573.538026862609,1077.3533173171984,122454167.64273037
1190,1191.0,30.0,494.0,11815248.018189618,0.0,394.1423058872,799.3831397159421,2186.5903570299115,362.54614339277697,192.14945599817182,1141.9759138799172,1272304.0755097177,6573.538026862609,1077.3533173171984,122454167.64273037
1191,1192.0,30.0,494.0,12731096.455236066,0.0,442.69376513713223,888.7451848316738,2440.633117368894,404.6675323953599,214.47379216954076,1269.6359783309626,1272304.0755097177,6573.538026862609,1077.3533173171984,122454167.64273037
1192,1193.0,30.0,494.0,12705604.009782951,0.0,492.0937651371322,983.9632123286387,2702.116695840995,448.0226412436269,237.45199985912225,1405.6617318980555,1272304.0755097177,6573.538026862609,1077.3533173171984,122454167.64273037
1193,1194.0,30.0,494.0,11767238.659087237,0.0,539.0824399999999,1076.3016616710474,2955.6925028528285,490.0666073638862,259.7353019028597,1537.573802387211,1272304.0755097177,6573.538026862609,1077.3533173171984,122454167.64273037
1194,1195.0,30.0,494.0,10789692.80878825,14973.480227983082,539.0824399999999,1077.3533173171984,2966.5759749648487,491.8711341369281,260.6917010925719,1539.0761675959977,1272304.0755097177,6573.538026862609,1077.3533173171984,122454167.64273037
1195,1196.0,30.0,494.0,9812146.958489262,29946.96045596525,537.65972,1077.3533173171984,2966.5759749648487,491.87113413692805,260.6917010925719,1539.0761675959977,1272304.0755097177,6573.538026862609,1077.3533173171984,122454167.64273037
1196,1197.0,30.0,494.0,8834601.108190274,44920.44068394974,536.94836,1077.3533173171984,2966.575974964849,491.8711341369281,260.6917010925719,1539.0761675959977,1272304.0755097177,6573.538026862609,1077.3533173171984,122454167.64273037
1197,1198.0,30.0,494.0,7859446.631006065,46328.17390313862,536.94836,1077.3533173171984,2965.9117046551883,491.76099524503945,260.0551456690218,1539.0761675959977,1272304.0755097177,6573.538026862609,1077.3533173171984,122454167.64273037
1198,1199.0,30.0,494.0,6891763.966070249,56170.74981415948,536.94836,1077.3533173171984,2963.8362012528564,491.41686779945064,260.45093993370887,1539.0761675959977,1272304.0755097177,6573.538026862609,1077.3533173171984,122454167.64273037
1199,1200.0,30.0,494.0,5937733.667675149,56170.74981415948,536.94836,1077.3533173171984,2960.043877213769,490.7880840629603,259.98908957826586,1539.0761675959977,1272304.0755097177,6573.538026862609,1077.3533173171984,122454167.64273037
1200,1201.0,30.0,494.0,5006049.097235909,47286.842175090685,536.94836,1077.3533173171984,2953.8367305593633,489.7589122870064,259.5722235121134,1539.0761675959977,1272304.0755097177,6573.538026862609,1077.3533173171984,122454167.64273037
1201,1202.0,30.0,494.0,4132710.644579323,8050.838677937165,536.94836,1077.3533173171984,2937.629475619737,487.0716792831407,258.1479900200646,1539.0761675959977,1272304.0755097177,6573.538026862609,1077.3533173171984,122454167.64273037
1202,1203.0,30.0,494.0,3285083.413887216,13939.167877615157,536.94836,1065.978413250167,2930.487469518493,485.8875037654133,257.5203769956691,1522.826304643096,1272304.0755097177,6573.538026862609,1077.3533173171984,122454167.64273037
1203,1204.0,30.0,494.0,2447063.2574768383,14829.823699930785,536.94836,1065.9784132501668,2927.818837773568,485.44503307393353,257.28586752918477,1522.8263046430955,1272304.0755097177,6573.538026862609,1077.3533173171984,122454167.64273037
1204,1205.0,30.0,494.0,1618631.370381767,10732.588631969911,536.94836,1065.9784132501668,2925.1554296304275,485.0034284782341,257.05181709346414,1522.8263046430955,1272304.0755097177,6573.538026862609,1077.3533173171984,122454167.64273037
1205,1206.0,30.0,494.0,802954.685510138,0.0,536.94836,1065.9784132501668,2921.6123179016936,484.41596522123564,256.7404615672549,1522.8263046430955,1272304.0755097177,6573.538026862609,1077.3533173171984,122454167.64273037
1206,1207.0,30.0,494.0,0.0,0.0,536.94836,1062.6046718974958,2918.078429190168,483.8300311804018,256.42991652561295,1518.0066741392798,1272304.0755097177,6573.538026862609,1077.3533173171984,122454167.64273037
1207,1208.0,30.0,494.0,0.0,0.0,493.42333818960014,981.3846136326232,2695.0354609929077,446.8485418626529,236.82972718720603,1401.978019475176,1272304.0755097177,6573.538026862609,1077.3533173171984,122454167.64273037
1208,1209.0,30.0,494.0,907401.0204411875,43197.200144217815,444.02333818960017,881.2001979761975,2442.9796219814666,405.0565930143307,214.67999429759527,1258.8574256802822,1272304.0755097177,6573.538026862609,1077.3533173171984,122454167.64273037
1209,1210.0,30.0,494.0,2724479.8092724737,56170.74981415948,394.6233381896002,795.061762394514,2190.291352984217,363.1597845375995,192.47468580492773,1135.8025177064485,1272304.0755097177,6573.538026862609,1077.3533173171984,122454167.64273037
1210,1211.0,30.0,494.0,4585339.692722142,46369.03985879058,392.71235104521304,795.061762394514,2178.1299378124445,361.1433692751113,191.405985715809,1135.8025177064485,1272304.0755097177,6573.538026862609,1077.3533173171984,122454167.64273037
1211,1212.0,30.0,494.0,6450788.897547549,34179.92989098467,392.71235104521304,795.061762394514,2176.8551263191844,360.93200001294093,191.2939600068587,1135.8025177064485,1272304.0755097177,6573.538026862609,1077.3533173171984,122454167.64273037
1212,1213.0,30.0,494.0,8316238.102372953,21990.819923174568,392.71235104521304,795.061762394514,2176.8551263191844,360.93200001294093,191.2939600068587,1135.8025177064485,1272304.0755097177,6573.538026862609,1077.3533173171984,122454167.64273037
1213,1214.0,30.0,494.0,10181687.307198366,9801.709955369122,392.71235104521304,795.061762394514,2176.8551263191844,360.93200001294093,191.2939600068587,1135.8025177064485,1272304.0755097177,6573.538026862609,1077.3533173171984,122454167.64273037
1214,1215.0,30.0,494.0,12042547.190648034,0.0,392.71235104521304,795.061762394514,2178.1299378124445,361.1433692751113,191.405985715809,1135.8025177064485,1272304.0755097177,6573.538026862609,1077.3533173171984,122454167.64273037
1215,1216.0,30.0,494.0,12979393.214703541,0.0,442.112351045213,886.621247738992,2434.800454310822,403.70045162020915,213.96123935871086,1266.6017824842743,1272304.0755097177,6573.538026862609,1077.3533173171984,122454167.64273037
1216,1217.0,30.0,494.0,12993743.74988648,0.0,491.51235104521305,979.9330356983717,2691.0492012198692,446.18760274224076,236.4794294533876,1399.9043367119596,1272304.0755097177,6573.538026862609,1077.3533173171984,122454167.64273037
1217,1218.0,30.0,494.0,12089839.97972986,0.0,540.912351045213,1072.815821648199,2946.119841591968,488.47941870233717,258.8940919122387,1532.5940309259986,1272304.0755097177,6573.538026862609,1077.3533173171984,122454167.64273037
1218,1219.0,30.0,494.0,11151282.45960522,0.0,541.75004,1076.32109989402,2955.7458832497514,490.07545806469307,259.7399927742873,1537.6015712771718,1272304.0755097177,6573.538026862609,1077.3533173171984,122454167.64273037
1219,1220.0,30.0,494.0,10196517.045804916,3122.923265946286,541.75004,1077.3533173171984,2960.2480759374366,490.8219410949889,260.1356287803441,1539.0761675959977,1272304.0755097177,6573.538026862609,1077.3533173171984,122454167.64273037
1220,1221.0,30.0,494.0,9226099.557227157,11250.309130209738,541.75004,1077.3533173171984,2964.5958744867303,491.54282490901807,260.3704568223872,1539.0761675959977,1272304.0755097177,6573.538026862609,1077.3533173171984,122454167.64273037
1221,1222.0,30.0,494.0,8248553.706928171,26223.789358192364,541.75004,1077.3533173171984,2966.5759749648482,491.8711341369281,260.6917010925719,1539.0761675959977,1272304.0755097177,6573.538026862609,1077.3533173171984,122454167.64273037
1222,1223.0,30.0,494.0,7271007.856629185,41197.26958617592,541.75004,1077.3533173171984,2966.5759749648482,491.8711341369281,260.6917010925719,1539.0761675959977,1272304.0755097177,6573.538026862609,1077.3533173171984,122454167.64273037
1223,1224.0,30.0,494.0,6293462.006330196,56170.74981415948,541.9278800000001,1077.3533173171984,2966.575974964849,491.8711341369283,260.691701092572,1539.0761675959977,1272304.0755097177,6573.538026862609,1077.3533173171984,122454167.64273037
1224,1225.0,30.0,494.0,5318555.6846932825,56170.74981415948,542.99492,1077.3533173171984,2965.8427725587226,491.74956600515037,259.98908957826535,1539.0761675959977,1272304.0755097177,6573.538026862609,1077.3533173171984,122454167.64273037
1225,1226.0,30.0,494.0,4379272.950632203,51239.464892073534,543.561287336735,1077.3533173171984,2955.9473315654295,490.10885906717493,259.75769530560274,1539.0761675959977,1272304.0755097177,6573.538026862609,1077.3533173171984,122454167.64273037
1226,1227.0,30.0,494.0,3475349.0989769064,27914.219428981654,543.561287336735,1077.3533173171984,2946.1254197860453,488.4803435910541,258.8945821032587,1539.0761675959977,1272304.0755097177,6573.538026862609,1077.3533173171984,122454167.64273037
1227,1228.0,30.0,494.0,2587414.0903491303,25238.381287002936,543.5612873367346,1071.7208595780671,2941.6840745006234,487.743949323363,258.5042931413824,1531.0297993972388,1272304.0755097177,6573.538026862609,1077.3533173171984,122454167.64273037
1228,1229.0,30.0,494.0,1712232.8798107076,15927.92002228368,543.5612873367346,1071.7208595780671,2938.141352809136,487.1565507362279,258.1929718902008,1531.0297993972388,1272304.0755097177,6573.538026862609,1077.3533173171984,122454167.64273037
1229,1230.0,30.0,494.0,849772.4721419142,0.0,543.5612873367346,1071.7208595780671,2934.607796456461,486.57067180192973,257.8824560550228,1531.0297993972388,1272304.0755097177,6573.538026862609,1077.3533173171984,122454167.64273037
1230,1231.0,30.0,494.0,0.0,0.0,543.5612873367347,1067.3403605069343,2931.083369921217,485.9863066308698,257.57274251436104,1524.7719435813349,1272304.0755097177,6573.538026862609,1077.3533173171984,122454167.64273037
1231,1232.0,30.0,494.0,0.0,0.0,496.9509084072001,981.3846136326232,2695.0354609929077,446.8485418626529,236.82972718720603,1401.978019475176,1272304.0755097177,6573.538026862609,1077.3533173171984,122454167.64273037
1232,1233.0,30.0,494.0,895771.6893761698,27336.41658900585,447.55090840720004,885.4605633216852,2446.2099917217497,405.592202296292,214.96386721703476,1264.9436618881218,1272304.0755097177,6573.538026862609,1077.3533173171984,122454167.64273037
1233,1234.0,30.0,494.0,2688469.685375127,56170.74981415948,398.15090840720006,794.4438745310644,2197.0637954376416,364.28268480327785,193.06982294573726,1134.9198207586635,1272304.0755097177,6573.538026862609,1077.3533173171984,122454167.64273037
1234,1235.0,30.0,494.0,4553171.115638092,47548.34689393081,394.2773909887206,794.4438745310644,2177.062841475418,360.9664400847059,191.31221324489414,1134.9198207586635,1272304.0755097177,6573.538026862609,1077.3533173171984,122454167.64273037
1235,1236.0,30.0,494.0,6420156.366561676,37737.883032402024,394.2773909887206,794.4438745310644,2176.4284468474675,360.8612547101281,191.2564649963679,1134.9198207586635,1272304.0755097177,6573.538026862609,1077.3533173171984,122454167.64273037
1236,1237.0,30.0,494.0,8289423.968164225,26740.122925260104,394.2773909887206,794.4438745310644,2175.7944605477555,360.7561370381391,191.20075263021374,1134.9198207586635,1272304.0755097177,6573.538026862609,1077.3533173171984,122454167.64273037
1237,1238.0,30.0,494.0,10163251.866853025,13370.061462630052,394.2773909887206,794.4438745310644,2174.5277113571296,360.5461045406342,191.08943540653613,1134.9198207586635,1272304.0755097177,6573.538026862609,1077.3533173171984,122454167.64273037
1238,1239.0,30.0,494.0,12037079.765541825,0.0,394.2773909887206,794.4438745310644,2174.5277113571296,360.5461045406342,191.08943540653613,1134.9198207586635,1272304.0755097177,6573.538026862609,1077.3533173171984,122454167.64273037
1239,1240.0,30.0,494.0,12984554.215070974,0.0,443.67739098872045,885.5461667265625,2431.8481139014766,403.2109408044546,213.70179862636095,1265.065952466518,1272304.0755097177,6573.538026862609,1077.3533173171984,122454167.64273037
1240,1241.0,30.0,494.0,12993743.74988648,0.0,493.0773909887204,980.4550785460099,2692.4828124330456,446.42530168515924,236.6054098931344,1400.6501122085856,1272304.0755097177,6573.538026862609,1077.3533173171984,122454167.64273037
1241,1242.0,30.0,494.0,12144830.675188325,0.0,537.0187654580404,1067.2534311798938,2930.8446484090614,485.9467255711167,257.55176455269185,1524.64775882842,1272304.0755097177,6573.538026862609,1077.3533173171984,122454167.64273037
1242,1243.0,30.0,494.0,11250828.399366196,0.0,537.0187654580404,1071.8142707994787,2943.369426499054,488.02338797785353,258.6523956282624,1531.1632439992554,1272304.0755097177,6573.538026862609,1077.3533173171984,122454167.64273037
1243,1244.0,30.0,494.0,10324364.893324113,0.0,537.0187654580404,1075.0977724184263,2952.3864348934862,489.5184469896302,259.444776904504,1535.853960597752,1272304.0755097177,6573.538026862609,1077.3533173171984,122454167.64273037
1244,1245.0,30.0,494.0,9378321.7771677,7481.626607328653,537.0187654580404,1075.6235183143006,2957.8252154808,490.42022034665194,259.92271678372555,1536.6050261632865,1272304.0755097177,6573.538026862609,1077.3533173171984,122454167.64273037
1245,1246.0,30.0,494.0,8415902.972928481,23482.01115983799,537.0187654580404,1075.6235183143006,2962.374017726024,491.1744314432848,260.32244866494096,1536.6050261632865,1272304.0755097177,6573.538026862609,1077.3533173171984,122454167.64273037
1246,1247.0,30.0,494.0,7450202.531231422,41189.52856843453,537.0187654580404,1075.6235183143006,2963.285583686535,491.3255730242256,260.4025537028396,1536.6050261632865,1272304.0755097177,6573.538026862609,1077.3533173171984,122454167.64273037
1247,1248.0,30.0,494.0,6491063.194971602,55483.908844102174,537.0187654580404,1075.6235183143006,2961.463054398413,491.0233897814866,260.24239658418793,1536.6050261632865,1272304.0755097177,6573.538026862609,1077.3533173171984,122454167.64273037
1248,1249.0,30.0,494.0,5558081.758804444,56170.74981415948,537.0187654580404,1075.6235183143006,2954.196971039353,489.8186417174844,259.60388011026674,1536.6050261632865,1272304.0755097177,6573.538026862609,1077.3533173171984,122454167.64273037
1249,1250.0,30.0,494.0,4696328.220377846,19804.294658399187,537.0187654580404,1075.6235183143006,2934.4114438891847,486.53811569658404,257.86520131918957,1536.6050261632865,1272304.0755097177,6573.538026862609,1077.3533173171984,122454167.64273037
1250,1251.0,30.0,494.0,3866613.0061983876,22036.41844604723,537.0187654580404,1064.877515023226,2925.5119093760904,485.0625343626867,257.08314321222394,1521.2535928903228,1272304.0755097177,6573.538026862609,1077.3533173171984,122454167.64273037
1251,1252.0,30.0,494.0,3052838.6917020157,15975.964533023536,537.0187654580404,1064.877515023226,2921.0838816863443,484.32834820998886,256.6940245512941,1521.2535928903228,1272304.0755097177,6573.538026862609,1077.3533173171984,122454167.64273037
1252,1253.0,30.0,494.0,2258125.0560205374,0.0,537.0187654580404,1064.877515023226,2915.789248682207,483.45047514603857,256.22875182740046,1521.2535928903228,1272304.0755097177,6573.538026862609,1077.3533173171984,122454167.64273037
1253,1254.0,30.0,494.0,1476077.286388969,0.0,537.01876545804,1060.4899063242462,2912.270952557232,482.8671264235297,255.91957700447077,1514.9855804632089,1272304.0755097177,6573.538026862609,1077.3533173171984,122454167.64273037
1254,1255.0,30.0,494.0,706662.5300827106,0.0,537.0187654580401,1059.212058275212,2908.7617821890913,482.2852907909948,255.61120411922727,1513.160083250303,1272304.0755097177,6573.538026862609,1077.3533173171984,122454167.64273037
1255,1256.0,30.0,494.0,0.0,0.0,534.0737099569195,1052.8645774495794,2891.330608238105,479.3951267186886,254.07941716090497,1504.0922534993992,1272304.0755097177,6573.538026862609,1077.3533173171984,122454167.64273037
1256,1257.0,30.0,494.0,195882.7765781862,0.0,484.6737099569195,961.5707800329633,2640.6235786100783,437.8268163029411,232.0482126405588,1373.6725429042333,1272304.0755097177,6573.538026862609,1077.3533173171984,122454167.64273037
1257,1258.0,30.0,494.0,1290017.6728827395,56170.74981415948,435.27370995691945,859.7891546055092,2391.10910090831,396.4562361571869,210.12180516330906,1228.2702208650132,1272304.0755097177,6573.538026862609,1077.3533173171984,122454167.64273037
1258,1259.0,30.0,494.0,3278990.9947619326,44936.448276860174,385.87370995691947,782.3814574128735,2142.5428715820203,355.2428796955137,188.27872623862226,1117.687796304105,1272304.0755097177,6573.538026862609,1077.3533173171984,122454167.64273037
1259,1260.0,30.0,494.0,5267964.316641122,33702.146739560645,385.87370995691947,782.3814574128735,2142.5428715820203,355.2428796955137,188.27872623862226,1117.687796304105,1272304.0755097177,6573.538026862609,1077.3533173171984,122454167.64273037
1260,1261.0,30.0,494.0,7256937.638520315,22467.84520226065,385.87370995691947,782.3814574128735,2142.5428715820203,355.2428796955137,188.27872623862226,1117.687796304105,1272304.0755097177,6573.538026862609,1077.3533173171984,122454167.64273037
1261,1262.0,30.0,494.0,9248163.476164239,10061.767769475002,385.87370995691947,782.3814574128735,2141.9171727584844,355.13913612293777,188.22374214515702,1117.687796304105,1272304.0755097177,6573.538026862609,1077.3533173171984,122454167.64273037
1262,1263.0,30.0,494.0,11234882.825413622,0.0,385.87370995691947,782.3814574128735,2143.168975090302,355.3466903665717,188.333745894283,1117.687796304105,1272304.0755097177,6573.538026862609,1077.3533173171984,122454167.64273037
1263,1264.0,30.0,494.0,12280395.29936852,0.0,435.27370995691956,875.6294750380731,2404.6153293387692,398.69562727747706,211.30868245706284,1250.8992500543902,1272304.0755097177,6573.538026862609,1077.3533173171984,122454167.64273037
1264,1265.0,30.0,494.0,12370086.951409321,0.0,484.67370995691954,972.31216989939,2670.121113203796,442.7176351854836,234.6403466483063,1389.0173855705573,1272304.0755097177,6573.538026862609,1077.3533173171984,122454167.64273037
1265,1266.0,30.0,494.0,11503881.788661983,0.0,533.5694,1069.002551552713,2935.6480062005016,486.74314307886965,257.97386583180094,1527.1465022181615,1272304.0755097177,6573.538026862609,1077.3533173171984,122454167.64273037
1266,1267.0,30.0,494.0,10579044.233177371,0.0,533.5694,1074.9333051061399,2951.9347819608556,489.44356097892825,259.405087318832,1535.6190072944855,1272304.0755097177,6573.538026862609,1077.3533173171984,122454167.64273037
1267,1268.0,30.0,494.0,9601498.382878385,14973.480227981912,533.5694,1077.3533173171984,2966.5759749648482,491.8711341369281,260.69170109257186,1539.0761675959977,1272304.0755097177,6573.538026862609,1077.3533173171984,122454167.64273037
1268,1269.0,30.0,494.0,8623952.532579398,29946.960455963388,532.50236,1077.3533173171984,2966.5759749648487,491.87113413692816,260.6917010925719,1539.0761675959977,1272304.0755097177,6573.538026862609,1077.3533173171984,122454167.64273037
1269,1270.0,30.0,494.0,7646406.68228041,44920.44068394601,532.50236,1077.3533173171984,2966.5759749648487,491.87113413692816,260.6917010925719,1539.0761675959977,1272304.0755097177,6573.538026862609,1077.3533173171984,122454167.64273037
1270,1271.0,30.0,494.0,6678806.285206422,54720.220225248486,532.50236,1077.3533173171984,2963.8133490690157,491.4130788084798,260.44893176849433,1539.0761675959977,1272304.0755097177,6573.538026862609,1077.3533173171984,122454167.64273037
1271,1272.0,30.0,494.0,5724694.179904697,56170.74981415948,532.50236,1077.3533173171984,2960.066601354498,490.791851823829,260.0571538342363,1539.0761675959977,1272304.0755097177,6573.538026862609,1077.3533173171984,122454167.64273037
1272,1273.0,30.0,494.0,4803243.880885238,41962.89605877921,532.50236,1077.3533173171984,2950.9938773872022,489.2875549289693,259.32240411235375,1539.0761675959977,1272304.0755097177,6573.538026862609,1077.3533173171984,122454167.64273037
1273,1274.0,30.0,494.0,3953454.4530526847,0.0,532.50236,1075.5015276116385,2931.0880798352837,485.9870875550035,257.57315640415186,1536.4307537309123,1272304.0755097177,6573.538026862609,1077.3533173171984,122454167.64273037
1274,1275.0,30.0,494.0,3132682.1158573776,8338.418283300474,532.50236,1062.7855947015466,2923.027776880493,484.6506544451429,256.86484685592575,1518.2651352879238,1272304.0755097177,6573.538026862609,1077.3533173171984,122454167.64273037
1275,1276.0,30.0,494.0,2327956.3222448155,8329.302102893313,532.50236,1062.7855947015464,2918.5704036630636,483.9116026769662,256.4731494187921,1518.2651352879236,1272304.0755097177,6573.538026862609,1077.3533173171984,122454167.64273037
1276,1277.0,30.0,494.0,1539224.4998583812,0.0,532.50236,1062.7855947015464,2914.127633878028,483.17497222107477,256.0827352771696,1518.2651352879236,1272304.0755097177,6573.538026862609,1077.3533173171984,122454167.64273037
1277,1278.0,30.0,494.0,763250.1757465303,0.0,532.50236,1059.8755682951128,2910.5838843573106,482.5874032154055,255.77132370416493,1514.107954707304,1272304.0755097177,6573.538026862609,1077.3533173171984,122454167.64273037
1278,1279.0,30.0,494.0,0.0,0.0,532.50236,1058.588501801509,2907.0493987002774,482.0013701984232,255.46072620516432,1512.26928828787,1272304.0755097177,6573.538026862609,1077.3533173171984,122454167.64273037
1279,1280.0,30.0,494.0,9166.745879589369,0.0,490.6759459837939,980.4573836807034,2692.489142693022,446.4263512696568,236.6059661729181,1400.6534052581478,1272304.0755097177,6573.538026862609,1077.3533173171984,122454167.64273037
1280,1281.0,30.0,494.0,927242.7357232803,56170.74981415948,441.2759459837938,877.5977743182345,2440.014352702994,404.5649385361267,214.41941742414716,1253.7111061689066,1272304.0755097177,6573.538026862609,1077.3533173171984,122454167.64273037
1281,1282.0,30.0,494.0,2750126.204978358,50634.09568626527,391.8759459837938,798.0738166477847,2188.678941755386,362.8924397783507,192.3329930825259,1140.1054523539783,1272304.0755097177,6573.538026862609,1077.3533173171984,122454167.64273037
1282,1283.0,30.0,494.0,4575334.65093616,43887.97092980612,391.8759459837938,798.0738166477847,2188.033114893518,362.78535888991775,192.27624021165641,1140.1054523539783,1272304.0755097177,6573.538026862609,1077.3533173171984,122454167.64273037
1283,1284.0,30.0,494.0,6402866.55909093,35933.16340224678,391.87594598379394,798.0738166477847,2187.3877087276983,362.6783477547101,192.21952430999636,1140.1054523539783,1272304.0755097177,6573.538026862609,1077.3533173171984,122454167.64273037
1284,1285.0,30.0,494.0,8235040.85403779,25563.350827578455,391.87594598379394,798.0738166477847,2186.098156841002,362.46453447152084,192.10620326990605,1140.1054523539783,1272304.0755097177,6573.538026862609,1077.3533173171984,122454167.64273037
1285,1286.0,30.0,494.0,10071851.495480949,12781.675413789228,391.87594598379394,798.0738166477847,2184.8102828142523,362.2509993847714,191.99302967392885,1140.1054523539783,1272304.0755097177,6573.538026862609,1077.3533173171984,122454167.64273037
1286,1287.0,30.0,494.0,11908662.136924108,0.0,391.87594598379394,798.0738166477847,2184.8102828142523,362.2509993847714,191.99302967392885,1140.1054523539783,1272304.0755097177,6573.538026862609,1077.3533173171984,122454167.64273037
1287,1288.0,30.0,494.0,12808339.781884775,0.0,441.2759459837939,890.380884453455,2445.125004059389,405.4123066467237,214.86852252276358,1271.9726920763644,1272304.0755097177,6573.538026862609,1077.3533173171984,122454167.64273037
1288,1289.0,30.0,494.0,12764606.628092932,0.0,490.675945983794,985.808287051782,2707.18355926842,448.86274912611384,237.89725703684036,1408.2975529311173,1272304.0755097177,6573.538026862609,1077.3533173171984,122454167.64273037
1289,1290.0,30.0,494.0,11852620.11860999,0.0,535.5256400000001,1073.6334027282653,2948.3650469603913,488.8516834682681,259.0913922381821,1533.762003897522,1272304.0755097177,6573.538026862609,1077.3533173171984,122454167.64273037
1290,1291.0,30.0,494.0,10904683.418330789,0.0,535.5256400000001,1077.2698178881699,2958.3512110704637,490.5074326915985,259.96893932654723,1538.9568826973857,1272304.0755097177,6573.538026862609,1077.3533173171984,122454167.64273037
1291,1292.0,30.0,494.0,9933732.664388567,11542.660759246637,535.5256400000001,1077.3533173171984,2964.7440037546357,491.5673853826478,260.5307142528033,1539.0761675959977,1272304.0755097177,6573.538026862609,1077.3533173171984,122454167.64273037
1292,1293.0,30.0,494.0,8956186.81408958,26516.140987230465,535.5256400000001,1077.3533173171984,2966.5759749648487,491.87113413692816,260.691701092572,1539.0761675959977,1272304.0755097177,6573.538026862609,1077.3533173171984,122454167.64273037
1293,1294.0,30.0,494.0,7978692.499605411,41197.26958617592,535.3478,1077.3533173171984,2966.561659460732,491.86876056439695,260.6779828642333,1539.0761675959977,1272304.0755097177,6573.538026862609,1077.3533173171984,122454167.64273037
1294,1295.0,30.0,494.0,7001146.649306421,56170.74981415948,535.16996,1077.3533173171984,2966.575974964849,491.8711341369283,260.691701092572,1539.0761675959977,1272304.0755097177,6573.538026862609,1077.3533173171984,122454167.64273037
1295,1296.0,30.0,494.0,6032234.616936833,56170.74981415948,535.16996,1077.3533173171984,2964.177692206682,491.4734884773544,259.98908957826507,1539.0761675959977,1272304.0755097177,6573.538026862609,1077.3533173171984,122454167.64273037
1296,1297.0,30.0,494.0,5087598.718548218,54024.221838861704,535.16996,1077.3533173171984,2957.434321656412,490.3554084590241,259.88836648328277,1539.0761675959977,1272304.0755097177,6573.538026862609,1077.3533173171984,122454167.64273037
1297,1298.0,30.0,494.0,4188672.205151653,28099.32286618557,535.16996,1077.3533173171984,2944.737270269731,488.25018239420524,258.77259666892877,1539.0761675959977,1272304.0755097177,6573.538026862609,1077.3533173171984,122454167.64273037
1298,1299.0,30.0,494.0,3322137.7703952696,27665.396184948157,535.16996,1069.1202325376296,2935.739470647459,486.7583082799761,257.98190338838737,1527.3146179108994,1272304.0755097177,6573.538026862609,1077.3533173171984,122454167.64273037
1299,1300.0,30.0,494.0,2474936.6032797713,17174.156095605995,535.16996,1069.1202325376296,2930.3691185249904,485.86788065854154,257.509976749027,1527.3146179108994,1272304.0755097177,6573.538026862609,1077.3533173171984,122454167.64273037
1300,1301.0,30.0,494.0,1640582.0681153648,0.0,535.16996,1069.1202325376296,2926.800609649687,485.2762064447389,257.1963894157116,1527.3146179108996,1272304.0755097177,6573.538026862609,1077.3533173171984,122454167.64273037
1301,1302.0,30.0,494.0,815840.4392808191,0.0,535.16996,1064.8084535531164,2924.130357891392,484.8334671480319,256.9617375884569,1521.1549336473092,1272304.0755097177,6573.538026862609,1077.3533173171984,122454167.64273037
1302,1303.0,30.0,494.0,692.8634904325008,0.0,535.16996,1063.8380008472484,2921.465343156904,484.39159617253466,256.72754597144336,1519.7685726389263,1272304.0755097177,6573.538026862609,1077.3533173171984,122454167.64273037
1303,1304.0,30.0,494.0,0.0,0.0,491.21650762029213,981.4546978030978,2695.2279230735835,446.88045290848464,236.84664004149687,1402.0781397187113,1272304.0755097177,6573.538026862609,1077.3533173171984,122454167.64273037
1304,1305.0,30.0,494.0,913473.698366309,56170.74981415948,441.8165076202921,878.0633029323523,2441.2927670022664,404.7769051591246,214.53175973433605,1254.3761470462175,1272304.0755097177,6573.538026862609,1077.3533173171984,122454167.64273037
1305,1306.0,30.0,494.0,2735817.266905808,52034.941003194544,392.4165076202921,797.8560418171373,2188.8289141763803,362.9173058547385,192.3461721030114,1139.7943454530534,1272304.0755097177,6573.538026862609,1077.3533173171984,122454167.64273037
1306,1307.0,30.0,494.0,4562803.577412097,45483.94238053728,392.4165076202921,797.8560418171373,2187.539263630049,362.7034762133548,192.23284239307804,1139.7943454530534,1272304.0755097177,6573.538026862609,1077.3533173171984,122454167.64273037
1307,1308.0,30.0,494.0,6396742.685489448,35316.04538694164,392.4165076202921,797.8560418171373,2185.607930971422,362.3832529009531,192.06312403750516,1139.7943454530534,1272304.0755097177,6573.538026862609,1077.3533173171984,122454167.64273037
1308,1309.0,30.0,494.0,8235309.465509947,22740.798122991342,392.4165076202921,797.8560418171373,2184.322466542769,362.1701173359953,191.9501621880775,1139.7943454530534,1272304.0755097177,6573.538026862609,1077.3533173171984,122454167.64273037
1309,1310.0,30.0,494.0,10076187.827968929,8963.048028980847,392.41650762029207,797.8560418171373,2183.6803603098574,362.0636533439439,191.89373627229025,1139.7943454530534,1272304.0755097177,6573.538026862609,1077.3533173171984,122454167.64273037
1310,1311.0,30.0,494.0,11907810.843611399,0.0,392.41650762029207,797.8560418171373,2186.2512899811104,362.4899246088154,192.11966004267217,1139.7943454530534,1272304.0755097177,6573.538026862609,1077.3533173171984,122454167.64273037
1311,1312.0,30.0,494.0,12925654.74246624,0.0,435.6586000000001,878.4281924779059,2412.301044644341,399.9699521341158,211.98407463108137,1254.8974178255799,1272304.0755097177,6573.538026862609,1077.3533173171984,122454167.64273037
1312,1313.0,30.0,494.0,12993743.74988648,0.0,485.05860000000007,974.4973094675622,2676.1218478206188,443.7125829523839,235.1676689647635,1392.139013525089,1272304.0755097177,6573.538026862609,1077.3533173171984,122454167.64273037
1313,1314.0,30.0,494.0,12107920.459306981,0.0,534.4586,1070.98695430212,2941.0974861538793,487.6466904370849,258.452745931655,1529.9813632887428,1272304.0755097177,6573.538026862609,1077.3533173171984,122454167.64273037
1314,1315.0,30.0,494.0,11176448.541682512,0.0,534.4586,1075.6043806839693,2953.777660333038,489.74911818786256,259.5670326395672,1536.5776866913848,1272304.0755097177,6573.538026862609,1077.3533173171984,122454167.64273037
1315,1316.0,30.0,494.0,10221993.191550085,4715.938973253417,534.4586,1077.0122008627663,2960.161947140804,490.80766056779555,260.1280601009317,1538.5888583753806,1272304.0755097177,6573.538026862609,1077.3533173171984,122454167.64273037
1316,1317.0,30.0,494.0,9251055.59587958,18006.067893330383,534.4586,1077.0122008627663,2964.7403486791586,491.5667793553168,260.5303930583179,1538.5888583753806,1272304.0755097177,6573.538026862609,1077.3533173171984,122454167.64273037
1317,1318.0,30.0,494.0,8273509.745580595,34733.86131553421,534.4586,1077.0122008627663,2966.5759749648482,491.87113413692805,260.69170109257186,1538.5888583753806,1272304.0755097177,6573.538026862609,1077.3533173171984,122454167.64273037
1318,1319.0,30.0,494.0,7299269.121671703,49742.25073902328,534.4586,1077.0122008627663,2965.6578565231557,491.7189061262523,260.6110202469137,1538.5888583753806,1272304.0755097177,6573.538026862609,1077.3533173171984,122454167.64273037
1319,1320.0,30.0,494.0,6341521.701236077,56170.74981415948,534.4586,1077.0122008627663,2961.0764111139147,490.9592826517663,260.2084198054361,1538.5888583753806,1272304.0755097177,6573.538026862609,1077.3533173171984,122454167.64273037
1320,1321.0,30.0,494.0,5423135.388628915,42123.30013225414,534.4586,1077.0122008627663,2950.142770050453,489.14643764947533,259.24761195422195,1538.5888583753806,1272304.0755097177,6573.538026862609,1077.3533173171984,122454167.64273037
1321,1322.0,30.0,494.0,4582541.281364452,0.0,534.4586,1074.602596968517,2928.533824121925,485.5635809045055,257.34869787938794,1535.1465670978814,1272304.0755097177,6573.538026862609,1077.3533173171984,122454167.64273037
1322,1323.0,30.0,494.0,3777193.889335502,10484.079888570122,534.4586,1060.8081266239235,2918.7430698898384,483.940231484557,256.4883226868152,1515.4401808913194,1272304.0755097177,6573.538026862609,1077.3533173171984,122454167.64273037
1323,1324.0,30.0,494.0,2994144.51278075,9368.561914622791,534.4586,1060.8081266239237,2912.549176702561,482.9132571908056,255.944026311127,1515.4401808913196,1272304.0755097177,6573.538026862609,1077.3533173171984,122454167.64273037
1324,1325.0,30.0,494.0,2226960.0397924427,0.0,534.4586,1060.8081266239237,2908.1422590452153,482.1825711728308,255.5567627216004,1515.4401808913196,1272304.0755097177,6573.538026862609,1077.3533173171984,122454167.64273037
1325,1326.0,30.0,494.0,1472430.333839262,0.0,534.4586,1057.7064133381195,2904.6270459799025,481.5997336349556,255.24785882652648,1511.0091619115994,1272304.0755097177,6573.538026862609,1077.3533173171984,122454167.64273037
1326,1327.0,30.0,494.0,727370.1134549882,0.0,534.4586,1056.7485608172685,2901.996633321872,481.1635998334713,255.01670791173981,1509.6408011675267,1272304.0755097177,6573.538026862609,1077.3533173171984,122454167.64273037
1327,1328.0,30.0,494.0,619535.041027722,0.0,500.1738802384905,992.2922912682235,2724.98964777826,451.8150756546738,239.46199009697713,1417.5604160974622,1272304.0755097177,6573.538026862609,1077.3533173171984,122454167.64273037
1328,1329.0,30.0,494.0,1420414.0072823428,56170.74981415948,450.7738802384904,889.4524272097952,2472.5690814777395,409.9626534435104,217.28020632506053,1270.6463245854218,1272304.0755097177,6573.538026862609,1077.3533173171984,122454167.64273037
1329,1330.0,30.0,494.0,3127068.356302418,55526.20453441702,401.3738802384905,808.8793212912817,2220.9648084873315,368.2455761955712,195.17015538365274,1155.541887558974,1272304.0755097177,6573.538026862609,1077.3533173171984,122454167.64273037
1330,1331.0,30.0,494.0,4843091.668921045,50007.85287232557,401.3738802384905,808.8793212912817,2218.3623185988445,367.81407211010946,194.94145821835804,1155.541887558974,1272304.0755097177,6573.538026862609,1077.3533173171984,122454167.64273037
1331,1332.0,30.0,494.0,6568459.769333943,39628.271265823394,401.3738802384905,808.8793212912817,2215.766544211547,367.38368148380545,194.7133511864169,1155.541887558974,1272304.0755097177,6573.538026862609,1077.3533173171984,122454167.64273037
1332,1333.0,30.0,494.0,8298491.226940818,26822.775649080984,401.3738802384905,808.8793212912817,2214.4711672132203,367.16890237190034,194.5995182571072,1155.541887558974,1272304.0755097177,6573.538026862609,1077.3533173171984,122454167.64273037
1333,1334.0,30.0,494.0,10030852.109064871,12805.49561674241,401.3738802384905,808.8793212912817,2213.8241048473374,367.06161663155524,194.5426568147243,1155.541887558974,1272304.0755097177,6573.538026862609,1077.3533173171984,122454167.64273037
1334,1335.0,30.0,494.0,11760883.566671755,0.0,401.3738802384905,808.8793212912817,2214.4711672132203,367.16890237190034,194.5995182571072,1155.541887558974,1272304.0755097177,6573.538026862609,1077.3533173171984,122454167.64273037
1335,1336.0,30.0,494.0,12548528.807060804,0.0,450.7738802384905,901.7131284655557,2476.2451164403938,410.5721559479016,217.60324265238785,1288.161612093651,1272304.0755097177,6573.538026862609,1077.3533173171984,122454167.64273037
1336,1337.0,30.0,494.0,12387434.554663248,0.0,500.17388023849054,997.6795363748113,2739.783864436673,454.2680207967673,240.76205102228667,1425.2564805354448,1272304.0755097177,6573.538026862609,1077.3533173171984,122454167.64273037
1337,1338.0,30.0,494.0,11508777.534428982,0.0,536.1823921368543,1070.2620754198058,2939.106855502426,487.3166352608679,258.27781668826,1528.945822028294,1272304.0755097177,6573.538026862609,1077.3533173171984,122454167.64273037
1338,1339.0,30.0,494.0,10578160.724231977,0.0,536.1823921368543,1075.5178852984454,2953.5401304920756,489.70973471235027,259.54615939754564,1536.454121854922,1272304.0755097177,6573.538026862609,1077.3533173171984,122454167.64273037
1339,1340.0,30.0,494.0,9621357.643630553,4182.933090504259,536.1823921368542,1077.3533173171984,2960.814094493303,490.91578942092633,260.185368393091,1539.0761675959977,1272304.0755097177,6573.538026862609,1077.3533173171984,122454167.64273037
1340,1341.0,30.0,494.0,8651409.355185946,15204.10364553146,536.1823921368542,1077.3533173171984,2964.4655411164094,491.5212150722175,260.5062439882753,1539.0761675959977,1272304.0755097177,6573.538026862609,1077.3533173171984,122454167.64273037
1341,1342.0,30.0,494.0,7674875.384215908,29651.196522371843,536.1823921368542,1077.3533173171984,2966.2948973734738,491.8245302559499,260.66700103565347,1539.0761675959977,1272304.0755097177,6573.538026862609,1077.3533173171984,122454167.64273037
1342,1343.0,30.0,494.0,6697329.53391692,44624.67675035447,536.05916,1077.3533173171984,2966.575974964849,491.8711341369282,260.691701092572,1539.0761675959977,1272304.0755097177,6573.538026862609,1077.3533173171984,122454167.64273037
1343,1344.0,30.0,494.0,5726372.22046973,56170.74981415948,536.05916,1077.3533173171984,2964.7458258393494,491.56768749217815,260.53087437085446,1539.0761675959977,1272304.0755097177,6573.538026862609,1077.3533173171984,122454167.64273037
1344,1345.0,30.0,494.0,4788226.964736262,50647.7399830604,536.05916,1077.3533173171984,2955.631365363315,490.05647050356004,259.72992936688684,1539.0761675959977,1272304.0755097177,6573.538026862609,1077.3533173171984,122454167.64273037
1345,1346.0,30.0,494.0,3927952.8704395164,4615.557539789937,536.05916,1077.3533173171984,2934.000487186448,486.4699772969064,257.8290879673604,1539.0761675959977,1272304.0755097177,6573.538026862609,1077.3533173171984,122454167.64273037
1346,1347.0,30.0,494.0,3102961.6657210477,14121.647381956012,536.05916,1062.985292166022,2924.199684525816,484.8449618040217,256.9678297561315,1518.5504173800314,1272304.0755097177,6573.538026862609,1077.3533173171984,122454167.64273037
1347,1348.0,30.0,494.0,2300291.4902478643,12016.16742220462,536.05916,1062.985292166022,2917.9993986243476,483.8169275705938,256.4229716124147,1518.5504173800314,1272304.0755097177,6573.538026862609,1077.3533173171984,122454167.64273037
1348,1349.0,30.0,494.0,1516672.7219887078,0.0,536.05916,1062.985292166022,2912.707341064896,482.9394815265173,255.95792520905414,1518.5504173800314,1272304.0755097177,6573.538026862609,1077.3533173171984,122454167.64273037
1349,1350.0,30.0,494.0,752031.1413753927,0.0,536.05916,1058.7292444690463,2907.4359000521617,482.0654537951021,255.49469051140412,1512.4703492414947,1272304.0755097177,6573.538026862609,1077.3533173171984,122454167.64273037
1350,1351.0,30.0,494.0,0.0,0.0,536.05916,1057.4536798224574,2903.9330002638503,481.4846578518379,255.18686866147408,1510.648114032082,1272304.0755097177,6573.538026862609,1077.3533173171984,122454167.64273037
1351,1352.0,30.0,494.0,0.0,0.0,495.02677919760004,981.3846136326232,2695.0354609929077,446.8485418626529,236.82972718720603,1401.978019475176,1272304.0755097177,6573.538026862609,1077.3533173171984,122454167.64273037
1352,1353.0,30.0,494.0,901859.2882047258,49799.741631416604,445.62677919760006,880.476924906108,2444.5189920471507,405.3118272326532,214.8152684333062,1257.8241784372972,1272304.0755097177,6573.538026862609,1077.3533173171984,122454167.64273037
1353,1354.0,30.0,494.0,2699198.1454211203,56170.74981415948,396.2267791976001,798.3423132887375,2195.774667321687,364.06894178311126,192.95653914504896,1140.4890189839107,1272304.0755097177,6573.538026862609,1077.3533173171984,122454167.64273037
1354,1355.0,30.0,494.0,4528075.158595333,46135.368519804906,394.6094787420333,798.3423132887375,2187.0140684445155,362.6163965788766,192.1866901868046,1140.4890189839107,1272304.0755097177,6573.538026862609,1077.3533173171984,122454167.64273037
1355,1356.0,30.0,494.0,6356952.171769546,36099.98722545011,394.6094787420333,798.3423132887375,2187.0140684445155,362.6163965788766,192.1866901868046,1140.4890189839107,1272304.0755097177,6573.538026862609,1077.3533173171984,122454167.64273037
1356,1357.0,30.0,494.0,8188134.1851072805,24865.52725071367,394.60947874203316,798.3423132887375,2186.373790621314,362.5102357450674,192.13042494488573,1140.4890189839107,1272304.0755097177,6573.538026862609,1077.3533173171984,122454167.64273037
1357,1358.0,30.0,494.0,10021619.708761584,12432.763625356834,394.60947874203316,798.3423132887375,2185.73392664449,362.4041435287783,192.07419607025253,1140.4890189839107,1272304.0755097177,6573.538026862609,1077.3533173171984,122454167.64273037
1358,1359.0,30.0,494.0,11855105.232415888,0.0,394.60947874203316,798.3423132887375,2185.73392664449,362.4041435287783,192.07419607025253,1140.4890189839107,1272304.0755097177,6573.538026862609,1077.3533173171984,122454167.64273037
1359,1360.0,30.0,494.0,12872922.779115492,0.0,437.0813200000001,878.4308580375225,2412.308364687462,399.9711658289419,211.9847178893392,1254.9012257678894,1272304.0755097177,6573.538026862609,1077.3533173171984,122454167.64273037
1360,1361.0,30.0,494.0,12946995.977523316,0.0,486.4813200000001,973.8919996668345,2674.45957254629,443.43697051861113,235.02159437486392,1391.274285238335,1272304.0755097177,6573.538026862609,1077.3533173171984,122454167.64273037
1361,1362.0,30.0,494.0,12067401.376232505,0.0,535.8813200000001,1070.3569131353267,2939.367294684799,487.3598172043235,258.3007031182915,1529.0813044790382,1272304.0755097177,6573.538026862609,1077.3533173171984,122454167.64273037
1362,1363.0,30.0,494.0,11148858.932667958,0.0,535.8813200000001,1074.2965451915918,2950.1861397608372,489.15362853513415,259.2514231236211,1534.7093502737025,1272304.0755097177,6573.538026862609,1077.3533173171984,122454167.64273037
1363,1364.0,30.0,494.0,10197623.615535187,1286.5400323536442,535.8813200000001,1077.3533173171984,2959.267493529788,490.6593562884527,260.0494588328799,1539.0761675959977,1272304.0755097177,6573.538026862609,1077.3533173171984,122454167.64273037
1364,1365.0,30.0,494.0,9226947.21568518,11250.309130208567,535.8813200000001,1077.3533173171984,2964.667794284576,491.5547495227248,260.4566267698507,1539.0761675959977,1272304.0755097177,6573.538026862609,1077.3533173171984,122454167.64273037
1365,1366.0,30.0,494.0,8249401.365386194,26223.789358191192,535.8813200000001,1077.3533173171984,2966.5759749648482,491.8711341369281,260.6917010925719,1539.0761675959977,1272304.0755097177,6573.538026862609,1077.3533173171984,122454167.64273037
1366,1367.0,30.0,494.0,7271855.515087208,41197.26958617685,535.8813200000001,1077.3533173171984,2966.5759749648482,491.8711341369281,260.6917010925719,1539.0761675959977,1272304.0755097177,6573.538026862609,1077.3533173171984,122454167.64273037
1367,1368.0,30.0,494.0,6294309.66478822,56170.74981415948,536.77052,1077.3533173171984,2966.5759749648487,491.8711341369281,260.6917010925719,1539.0761675959977,1272304.0755097177,6573.538026862609,1077.3533173171984,122454167.64273037
1368,1369.0,30.0,494.0,5319403.343151284,56170.74981415948,538.9046,1077.3533173171984,2965.842772558723,491.7495660051505,259.98908957826563,1539.0761675959977,1272304.0755097177,6573.538026862609,1077.3533173171984,122454167.64273037
1369,1370.0,30.0,494.0,4370641.153957052,56170.74981415948,541.599307283688,1077.3533173171984,2958.580513546861,490.5454520344631,259.98908957826546,1539.0761675959977,1272304.0755097177,6573.538026862609,1077.3533173171984,122454167.64273037
1370,1371.0,30.0,494.0,3463870.3963021263,34326.48658405058,541.599307283688,1077.3533173171984,2946.9162270081642,488.6114628506011,258.9640753108186,1539.0761675959977,1272304.0755097177,6573.538026862609,1077.3533173171984,122454167.64273037
1371,1372.0,30.0,494.0,2573155.5656629615,4129.807556747459,541.599307283688,1077.3533173171984,2942.456247281564,487.87197891192443,258.57214882331994,1539.0761675959977,1272304.0755097177,6573.538026862609,1077.3533173171984,122454167.64273037
1372,1373.0,30.0,494.0,1698444.4862914588,11592.863154331222,541.599307283688,1068.4117879450473,2938.0107608183243,487.13489801903074,258.1814959500863,1526.3025542072105,1272304.0755097177,6573.538026862609,1077.3533173171984,122454167.64273037
1373,1374.0,30.0,494.0,839685.2363544154,10757.655311150476,541.599307283688,1068.4117879450473,2933.5796970865313,486.40020847742346,257.79211049303444,1526.3025542072105,1272304.0755097177,6573.538026862609,1077.3533173171984,122454167.64273037
1374,1375.0,30.0,494.0,0.0,0.0,541.599307283688,1068.4117879450473,2928.2813599802457,485.5217212573079,257.3265122663732,1526.3025542072105,1272304.0755097177,6573.538026862609,1077.3533173171984,122454167.64273037
1375,1376.0,30.0,494.0,22721.912222902607,0.0,494.5709576728225,979.0862584851454,2688.723818708768,445.8020442590971,236.27508345732147,1398.6946549787792,1272304.0755097177,6573.538026862609,1077.3533173171984,122454167.64273037
1376,1377.0,30.0,494.0,948419.5626807753,56170.74981415948,445.1709576728227,876.8268320342802,2437.89722475461,404.2139095606773,214.23337206715897,1252.6097600489718,1272304.0755097177,6573.538026862609,1077.3533173171984,122454167.64273037
1377,1378.0,30.0,494.0,2772461.544851479,50397.162802126724,395.7709576728228,798.0027016298164,2188.3571326121587,362.83908242981465,192.30471368780178,1140.0038594711664,1272304.0755097177,6573.538026862609,1077.3533173171984,122454167.64273037
1378,1379.0,30.0,494.0,4601104.753565457,42229.982618622016,395.7709576728228,798.0027016298164,2187.079014127914,362.62716485422845,192.19239737274108,1140.0038594711664,1272304.0755097177,6573.538026862609,1077.3533173171984,122454167.64273037
1379,1380.0,30.0,494.0,6434343.258027123,31672.294508784544,395.7709576728228,798.0027016298164,2185.8025430868893,362.4155204318572,192.08022582888432,1140.0038594711664,1272304.0755097177,6573.538026862609,1077.3533173171984,122454167.64273037
1380,1381.0,30.0,494.0,8269877.189896515,19920.507539208047,395.7709576728228,798.0027016298164,2185.164924362521,362.30980048814143,192.02419425871497,1140.0038594711664,1272304.0755097177,6573.538026862609,1077.3533173171984,122454167.64273037
1381,1382.0,30.0,494.0,10103115.694358181,9362.819429371972,395.7709576728228,798.0027016298164,2185.8025430868893,362.4155204318572,192.08022582888432,1140.0038594711664,1272304.0755097177,6573.538026862609,1077.3533173171984,122454167.64273037
1382,1383.0,30.0,494.0,11934057.291578544,0.0,395.7709576728228,798.0027016298164,2186.4405728761403,362.5213085319094,192.136293521912,1140.0038594711664,1272304.0755097177,6573.538026862609,1077.3533173171984,122454167.64273037
1383,1384.0,30.0,494.0,12933823.026195914,0.0,439.92676000000006,880.2568256239429,2417.3227569325277,400.8025737623312,212.42536409403553,1257.509750891347,1272304.0755097177,6573.538026862609,1077.3533173171984,122454167.64273037
1384,1385.0,30.0,494.0,12993743.74988648,0.0,489.32676000000004,975.3235434910011,2678.3908155233057,444.0887876161643,235.3670574365671,1393.3193478442874,1272304.0755097177,6573.538026862609,1077.3533173171984,122454167.64273037
1385,1386.0,30.0,494.0,12100755.561317284,0.0,538.72676,1071.7116943686347,2943.0877355954617,487.97668240705565,258.6276416757395,1531.0167062409068,1272304.0755097177,6573.538026862609,1077.3533173171984,122454167.64273037
1386,1387.0,30.0,494.0,11168920.293888777,0.0,538.72676,1075.6411340559675,2953.8785908341592,489.76585290171266,259.5759020379077,1536.6301915085253,1272304.0755097177,6573.538026862609,1077.3533173171984,122454167.64273037
1387,1388.0,30.0,494.0,10211854.649170915,0.0,538.72676,1077.3533173171984,2960.8870289700917,490.9278822727927,259.98908957826546,1539.0761675959977,1272304.0755097177,6573.538026862609,1077.3533173171984,122454167.64273037
1388,1389.0,30.0,494.0,9240864.73295353,11563.033273733708,538.72676,1077.3533173171984,2964.754882164403,491.5691890700622,260.53167020713295,1539.0761675959975,1272304.0755097177,6573.538026862609,1077.3533173171984,122454167.64273037
1389,1390.0,30.0,494.0,8263374.00974107,26223.789358194226,538.72676,1077.3533173171984,2966.5606618852576,491.86859516206647,260.6770269099038,1539.0761675959977,1272304.0755097177,6573.538026862609,1077.3533173171984,122454167.64273037
1390,1391.0,30.0,494.0,7285828.159442082,41197.26958617685,538.9046,1077.3533173171984,2966.5759749648487,491.87113413692816,260.6917010925719,1539.0761675959977,1272304.0755097177,6573.538026862609,1077.3533173171984,122454167.64273037
1391,1392.0,30.0,494.0,6308282.309143094,56170.74981415948,539.6159600000001,1077.3533173171984,2966.5759749648487,491.87113413692805,260.6917010925719,1539.0761675959977,1272304.0755097177,6573.538026862609,1077.3533173171984,122454167.64273037
1392,1393.0,30.0,494.0,5333375.987506159,56170.74981415948,541.21652,1077.3533173171984,2965.842772558723,491.7495660051505,259.9890895782656,1539.0761675959977,1272304.0755097177,6573.538026862609,1077.3533173171984,122454167.64273037
1393,1394.0,30.0,494.0,4384613.798311928,56170.74981415948,543.5498804841567,1077.3533173171984,2958.5805135468604,490.545452034463,259.9890895782654,1539.0761675959977,1272304.0755097177,6573.538026862609,1077.3533173171984,122454167.64273037
1394,1395.0,30.0,494.0,3477692.9873543847,34404.54545751214,543.5498804841567,1077.3533173171984,2946.9579084811144,488.6183738191876,258.96773812416944,1539.0761675959977,1272304.0755097177,6573.538026862609,1077.3533173171984,122454167.64273037
1395,1396.0,30.0,494.0,2589964.618164854,2654.286386830732,543.5498804841567,1077.3533173171984,2941.6266746566657,487.7344321808442,258.49924905584743,1539.0761675959977,1272304.0755097177,6573.538026862609,1077.3533173171984,122454167.64273037
1396,1397.0,30.0,494.0,1714989.7794210874,7831.659538559616,543.5498804841567,1068.8829058504107,2938.0840273106205,487.1470459205051,258.1879343378677,1526.975579786301,1272304.0755097177,6573.538026862609,1077.3533173171984,122454167.64273037
1397,1398.0,30.0,494.0,852735.4765957778,6391.712802761234,543.5498804841567,1068.8829058504107,2934.5505451110494,486.56117928111235,257.8774250189896,1526.975579786301,1272304.0755097177,6573.538026862609,1077.3533173171984,122454167.64273037
1398,1399.0,30.0,494.0,0.0,0.0,543.5498804841567,1068.8829058504107,2931.906426713957,486.12277300878173,257.64506969465435,1526.975579786301,1272304.0755097177,6573.538026862609,1077.3533173171984,122454167.64273037
1399,1400.0,30.0,494.0,23047.471647354585,0.0,495.51252923157483,979.0533276661347,2688.6333855353096,445.78705004759956,236.26713652522778,1398.6476109516211,1272304.0755097177,6573.538026862609,1077.3533173171984,122454167.64273037
1400,1401.0,30.0,494.0,944733.1093359217,56170.74981415948,446.1125292315749,877.2326530809254,2439.011672746083,404.3986898602983,214.33130562595812,1253.189504401322,1272304.0755097177,6573.538026862609,1077.3533173171984,122454167.64273037
1401,1402.0,30.0,494.0,2763320.0101909637,51984.79251211882,396.71252923157505,798.2457854249291,2189.8724329776205,363.09032578768165,192.43787266747128,1140.3511220356131,1272304.0755097177,6573.538026862609,1077.3533173171984,122454167.64273037
1402,1403.0,30.0,494.0,4588800.690495312,44212.63851658907,396.71252923157505,798.2457854249291,2187.9574942417,362.7728206586073,192.26959494906188,1140.3511220356131,1272304.0755097177,6573.538026862609,1077.3533173171984,122454167.64273037
1403,1404.0,30.0,494.0,6418869.833218461,34053.5313445786,396.71252923157505,798.2457854249291,2186.6829213475885,362.5614909572084,192.15759020732045,1140.3511220356131,1272304.0755097177,6573.538026862609,1077.3533173171984,122454167.64273037
1404,1405.0,30.0,494.0,8251230.99426389,22702.09874510113,396.71252923157505,798.2457854249291,2186.0462495913994,362.45592802491456,192.1016418532047,1140.3511220356131,1272304.0755097177,6573.538026862609,1077.3533173171984,122454167.64273037
1405,1406.0,30.0,494.0,10085882.700270182,10159.107172010466,396.71252923157505,798.2457854249291,2185.4099871022713,362.35043295087047,192.04572946396135,1140.3511220356131,1272304.0755097177,6573.538026862609,1077.3533173171984,122454167.64273037
1406,1407.0,30.0,494.0,11915951.84299333,0.0,396.71252923157505,798.2457854249291,2186.6829213475885,362.5614909572084,192.15759020732045,1140.3511220356131,1272304.0755097177,6573.538026862609,1077.3533173171984,122454167.64273037
1407,1408.0,30.0,494.0,12929232.081058858,0.0,439.0375600000001,878.889813540586,2413.5687281969276,400.1801395528772,212.09547396302494,1255.5568764865516,1272304.0755097177,6573.538026862609,1077.3533173171984,122454167.64273037
1408,1409.0,30.0,494.0,12993743.74988648,0.0,488.4375600000001,974.8591625760487,2677.1155529852354,443.87734356881253,235.25499209147065,1392.6559465372125,1272304.0755097177,6573.538026862609,1077.3533173171984,122454167.64273037
1409,1410.0,30.0,494.0,12087958.075836113,0.0,537.83756,1073.0061790203613,2946.642592673565,488.5660930938061,258.9400293397172,1532.8659700290877,1272304.0755097177,6573.538026862609,1077.3533173171984,122454167.64273037
1410,1411.0,30.0,494.0,11136627.313666295,1336.1912692082894,537.83756,1077.3533173171984,2959.294006040079,490.6637521773884,260.05178865401587,1539.0761675959977,1272304.0755097177,6573.538026862609,1077.3533173171984,122454167.64273037
1411,1412.0,30.0,494.0,10165648.229128227,12893.589820677415,537.83756,1077.3533173171984,2964.7518733645934,491.56869019803344,260.5314058049577,1539.0761675959977,1272304.0755097177,6573.538026862609,1077.3533173171984,122454167.64273037
1412,1413.0,30.0,494.0,9188102.378829239,27867.07004866004,537.83756,1077.3533173171984,2966.5759749648487,491.8711341369281,260.6917010925719,1539.0761675959977,1272304.0755097177,6573.538026862609,1077.3533173171984,122454167.64273037
1413,1414.0,30.0,494.0,8210556.528530251,42840.5502766408,537.83756,1077.3533173171984,2966.5759749648487,491.8711341369281,260.6917010925719,1539.0761675959977,1272304.0755097177,6573.538026862609,1077.3533173171984,122454167.64273037
1414,1415.0,30.0,494.0,7240796.159503685,53763.96371591557,537.9492505771939,1077.3533173171984,2964.413341278068,491.51256011313217,260.50165685996006,1539.0761675959977,1272304.0755097177,6573.538026862609,1077.3533173171984,122454167.64273037
1415,1416.0,30.0,494.0,6287407.38287963,56170.74981415948,537.9492505771939,1077.3533173171984,2959.865676721812,490.7585376502534,260.1020249546343,1539.0761675959977,1272304.0755097177,6573.538026862609,1077.3533173171984,122454167.64273037
1416,1417.0,30.0,494.0,5366600.350256078,41628.26396922581,537.9492505771939,1077.3533173171984,2950.815192277227,489.2579281644979,259.3067019271839,1539.0761675959977,1272304.0755097177,6573.538026862609,1077.3533173171984,122454167.64273037
1417,1418.0,30.0,494.0,4513522.561099257,0.0,537.9492505771939,1075.7690828897562,2932.001513536469,486.13853881543054,257.6534255721782,1536.8129755567945,1272304.0755097177,6573.538026862609,1077.3533173171984,122454167.64273037
1418,1419.0,30.0,494.0,3689188.1511746533,2068.3672894211486,537.9492505771939,1064.3650802274424,2924.0172415275197,484.81471196540485,256.9517973416646,1520.5215431820607,1272304.0755097177,6573.538026862609,1077.3533173171984,122454167.64273037
1419,1420.0,30.0,494.0,2864853.741250081,4136.73457884416,537.9492505771939,1064.3650802274424,2924.0172415275197,484.81471196540485,256.9517973416646,1520.5215431820607,1272304.0755097177,6573.538026862609,1077.3533173171984,122454167.64273037
1420,1421.0,30.0,494.0,2043702.6482639704,4549.116096878424,537.9492505771939,1064.3650802274424,2923.132986822383,484.66809870879115,256.8740923156593,1520.5215431820607,1272304.0755097177,6573.538026862609,1077.3533173171984,122454167.64273037
1421,1422.0,30.0,494.0,1232089.088553043,0.0,537.9492505771941,1064.3650802274424,2920.483672023721,484.22883085059345,256.64128035081455,1520.5215431820607,1272304.0755097177,6573.538026862609,1077.3533173171984,122454167.64273037
1422,1423.0,30.0,494.0,423650.5741458088,0.0,537.949250577194,1063.1593693300833,2919.6017149949166,484.08259855865856,256.56377723608904,1518.7990990429762,1272304.0755097177,6573.538026862609,1077.3533173171984,122454167.64273037
1423,1424.0,30.0,494.0,388851.91510062944,0.0,495.3399243198236,984.9045496466878,2704.7017551721246,448.45125526725013,237.6791652916426,1407.0064994952684,1272304.0755097177,6573.538026862609,1077.3533173171984,122454167.64273037
1424,1425.0,30.0,494.0,1248356.562164153,54085.852754912805,445.9399243198236,883.9277492282927,2456.284170141929,407.26254467310906,215.8491486767478,1262.7539274689896,1272304.0755097177,6573.538026862609,1077.3533173171984,122454167.64273037
1425,1426.0,30.0,494.0,3012104.8027010113,56170.74981415948,396.5399243198236,802.5734645206553,2205.105394177114,365.6160166732984,193.77648883684816,1146.5335207437934,1272304.0755097177,6573.538026862609,1077.3533173171984,122454167.64273037
1426,1427.0,30.0,494.0,4787517.256182757,52187.83426021645,396.5399243198236,802.5734645206553,2201.865335025756,365.07880084505126,193.4917644478772,1146.5335207437934,1272304.0755097177,6573.538026862609,1077.3533173171984,122454167.64273037
1427,1428.0,30.0,494.0,6574556.165522511,42156.747617896646,396.5399243198236,802.5734645206553,2198.635763954087,364.5433239858023,193.20796171247522,1146.5335207437934,1272304.0755097177,6573.538026862609,1077.3533173171984,122454167.64273037
1428,1429.0,30.0,494.0,8368552.901166527,28506.146619239822,396.5399243198236,802.5734645206553,2196.7030344251257,364.22286906625436,193.0381206051148,1146.5335207437934,1272304.0755097177,6573.538026862609,1077.3533173171984,122454167.64273037
1429,1430.0,30.0,494.0,10164865.913128369,13650.600998656824,396.5399243198236,802.5734645206553,2196.0596243368404,364.11618888933975,192.98158011135007,1146.5335207437934,1272304.0755097177,6573.538026862609,1077.3533173171984,122454167.64273037
1430,1431.0,30.0,494.0,11958862.648772385,0.0,396.5399243198236,802.5734645206553,2196.7030344251257,364.22286906625436,193.0381206051148,1146.5335207437934,1272304.0755097177,6573.538026862609,1077.3533173171984,122454167.64273037
1431,1432.0,30.0,494.0,12957919.16296968,0.0,437.25916000000007,880.328564322129,2417.51976260477,400.83523815530646,212.44267622231243,1257.6122347458986,1272304.0755097177,6573.538026862609,1077.3533173171984,122454167.64273037
1432,1433.0,30.0,494.0,12993743.74988648,0.0,486.65916000000004,977.7609034915598,2685.084186849352,445.1985775467529,235.95524609977906,1396.8012907022285,1272304.0755097177,6573.538026862609,1077.3533173171984,122454167.64273037
1433,1434.0,30.0,494.0,12075181.84787813,0.0,536.05916,1074.2985134420644,2950.1915448841155,489.1545247279637,259.25189810582077,1534.7121620600922,1272304.0755097177,6573.538026862609,1077.3533173171984,122454167.64273037
1434,1435.0,30.0,494.0,11120657.714099582,4393.628463512349,536.05916,1077.0818299186724,2960.1810537091706,490.8108285195121,260.1297391153414,1538.6883284552462,1272304.0755097177,6573.538026862609,1077.3533173171984,122454167.64273037
1435,1436.0,30.0,494.0,10149700.400652392,17335.922434023556,536.05916,1077.0818299186724,2964.7458258393494,491.56768749217815,260.53087437085446,1538.6883284552464,1272304.0755097177,6573.538026862609,1077.3533173171984,122454167.64273037
1436,1437.0,30.0,494.0,9172154.550353404,33705.62356871532,536.05916,1077.0818299186722,2966.575974964849,491.8711341369282,260.691701092572,1538.688328455246,1272304.0755097177,6573.538026862609,1077.3533173171984,122454167.64273037
1437,1438.0,30.0,494.0,8197904.061006002,48361.052781109705,536.05916,1077.0818299186722,2965.6605969227417,491.71936049636236,260.6112610630721,1538.688328455246,1272304.0755097177,6573.538026862609,1077.3533173171984,122454167.64273037
1438,1439.0,30.0,494.0,7236813.186662199,56170.74981415948,536.05916,1077.0818299186722,2962.005148310631,491.11327129797615,260.29003378792737,1538.688328455246,1272304.0755097177,6573.538026862609,1077.3533173171984,122454167.64273037
1439,1440.0,30.0,494.0,6298667.930928731,52043.960889766924,536.05916,1077.0818299186722,2955.631365363315,490.05647050356004,259.72992936688684,1538.688328455246,1272304.0755097177,6573.538026862609,1077.3533173171984,122454167.64273037
1440,1441.0,30.0,494.0,5396366.3867497705,29270.999600239098,536.05916,1077.0818299186722,2945.674778820397,488.40562536885693,258.8549814454942,1538.688328455246,1272304.0755097177,6573.538026862609,1077.3533173171984,122454167.64273037
1441,1442.0,30.0,494.0,4564978.983508522,23758.893556678624,536.05916,1066.552481896035,2925.976406337699,485.139549968974,257.12396148355623,1523.6464027086215,1272304.0755097177,6573.538026862609,1077.3533173171984,122454167.64273037
1442,1443.0,30.0,494.0,3768667.55058489,0.0,536.05916,1066.552481896035,2916.233081249472,483.52406450632117,256.26775418835024,1523.6464027086215,1272304.0755097177,6573.538026862609,1077.3533173171984,122454167.64273037
1443,1444.0,30.0,494.0,2978706.5813467093,0.0,536.05916,1061.290338210016,2914.4690635590687,483.2315827396857,256.11273885203343,1516.1290545857373,1272304.0755097177,6573.538026862609,1077.3533173171984,122454167.64273037
1444,1445.0,30.0,494.0,2188745.6121085286,0.0,536.05916,1061.290338210016,2914.4690635590687,483.2315827396857,256.11273885203343,1516.1290545857373,1272304.0755097177,6573.538026862609,1077.3533173171984,122454167.64273037
1445,1446.0,30.0,494.0,1405126.8438493721,0.0,536.05916,1060.64881516726,2912.707341064896,482.9394815265172,255.95792520905414,1515.2125930960856,1272304.0755097177,6573.538026862609,1077.3533173171984,122454167.64273037
1446,1447.0,30.0,494.0,627842.0299784765,0.0,536.05916,1060.0081262794,2910.9479092903784,482.64776012458066,255.80331286602777,1514.2973232562856,1272304.0755097177,6573.538026862609,1077.3533173171984,122454167.64273037
1447,1448.0,30.0,494.0,449765.64253962226,0.0,503.23115100912594,999.3973045408193,2744.501124170368,455.05016287396734,241.1765863232027,1427.7104350583134,1272304.0755097177,6573.538026862609,1077.3533173171984,122454167.64273037
1448,1449.0,30.0,494.0,1171301.3849114086,56170.74981415948,453.83115100912596,897.4781120746782,2494.6088658896338,413.6169450734223,219.21698088891384,1282.1115886781117,1272304.0755097177,6573.538026862609,1077.3533173171984,122454167.64273037
1449,1450.0,30.0,494.0,2794247.3126799073,49490.668047551066,404.431151009126,818.5201288883884,2244.2171477238803,372.1009146625907,197.21348477117309,1169.314469840555,1272304.0755097177,6573.538026862609,1077.3533173171984,122454167.64273037
1450,1451.0,30.0,494.0,4419574.05042338,41572.07075794507,404.431151009126,818.5201288883884,2243.5558116197208,371.9912622746715,197.1553690055759,1169.314469840555,1272304.0755097177,6573.538026862609,1077.3533173171984,122454167.64273037
1451,1452.0,30.0,494.0,6047280.053303792,32415.761581882834,404.431151009126,818.5201288883884,2242.8949046372377,371.8816810369832,197.0972909496011,1169.314469840555,1272304.0755097177,6573.538026862609,1077.3533173171984,122454167.64273037
1452,1453.0,30.0,494.0,7677363.777986219,22022.543373975903,404.431151009126,818.5201288883884,2242.2344263589002,371.77217088029744,197.03925056655766,1169.314469840555,1272304.0755097177,6573.538026862609,1077.3533173171984,122454167.64273037
1453,1454.0,30.0,494.0,9307447.502668645,11629.325166066177,404.431151009126,818.5201288883884,2242.2344263589002,371.77217088029744,197.03925056655766,1169.314469840555,1272304.0755097177,6573.538026862609,1077.3533173171984,122454167.64273037
1454,1455.0,30.0,494.0,10939907.407319328,0.0,404.431151009126,818.5201288883884,2241.574376367718,371.66273173547535,196.98124781980195,1169.314469840555,1272304.0755097177,6573.538026862609,1077.3533173171984,122454167.64273037
1455,1456.0,30.0,494.0,12432119.605241697,0.0,410.83669758727007,830.4451349224281,2280.532072681138,378.12208636881513,200.40470577547202,1186.350192746326,1272304.0755097177,6573.538026862609,1077.3533173171984,122454167.64273037
1456,1457.0,30.0,494.0,12993743.74988648,0.0,460.2366975872701,924.5754977831677,2539.0287541471353,420.9819547680457,223.12043602706422,1320.8221396902397,1272304.0755097177,6573.538026862609,1077.3533173171984,122454167.64273037
1457,1458.0,30.0,494.0,12602130.561996138,0.0,509.6366975872694,1020.9968688591287,2803.816902073558,464.8849755319516,246.38903703193438,1458.566955513041,1272304.0755097177,6573.538026862609,1077.3533173171984,122454167.64273037
1458,1459.0,30.0,494.0,12173525.723476894,8329.534043979831,509.6366975872694,1023.118997607281,2814.0923605815865,466.58869101834864,247.2920062397248,1461.5985680104016,1272304.0755097177,6573.538026862609,1077.3533173171984,122454167.64273037
1459,1460.0,30.0,494.0,11729421.171384178,24722.13740659505,509.6366975872694,1023.118997607281,2818.3978365742173,467.3025575693376,247.67035551174894,1461.5985680104016,1272304.0755097177,6573.538026862609,1077.3533173171984,122454167.64273037
1460,1461.0,30.0,494.0,11285316.619291557,41114.7407692112,509.6366975872694,1023.118997607281,2818.3978365742173,467.3025575693376,247.67035551174894,1461.5985680104016,1272304.0755097177,6573.538026862609,1077.3533173171984,122454167.64273037
1461,1462.0,30.0,494.0,10850518.03125578,52666.31059193984,509.6366975872694,1023.118997607281,2815.8128465584014,466.8739550384932,247.4431961704014,1461.5985680104016,1272304.0755097177,6573.538026862609,1077.3533173171984,122454167.64273037
1462,1463.0,30.0,494.0,10431188.517646527,56170.74981415948,509.6366975872694,1023.118997607281,2811.5158814399224,466.1614996272684,247.06559480245227,1461.5985680104016,1272304.0755097177,6573.538026862609,1077.3533173171984,122454167.64273037
1463,1464.0,30.0,494.0,10033430.313318353,48453.62928286381,509.6366975872694,1023.118997607281,2805.5238510840672,465.16799506450315,246.53903738418668,1461.5985680104016,1272304.0755097177,6573.538026862609,1077.3533173171984,122454167.64273037
1464,1465.0,30.0,494.0,9669370.108484842,38100.14965728205,509.6366975872694,1020.2230203199047,2796.1632956688827,463.61597447002885,245.7164664691153,1457.461457599864,1272304.0755097177,6573.538026862609,1077.3533173171984,122454167.64273037
1465,1466.0,30.0,494.0,9350872.46108312,55752.8227812089,509.6366975872694,1010.1686591947775,2783.507029715608,461.51751080656254,244.60428072747817,1443.098084563968,1272304.0755097177,6573.538026862609,1077.3533173171984,122454167.64273037
1466,1467.0,30.0,494.0,9065505.32730655,56170.74981415948,509.6366975872694,1010.1686591947775,2774.3041092641765,459.991626771224,243.79556218874873,1443.098084563968,1272304.0755097177,6573.538026862609,1077.3533173171984,122454167.64273037
1467,1468.0,30.0,494.0,8783138.328732727,55027.983612982556,509.6366975872694,1010.1686591947775,2773.4707383745254,459.8534502714112,243.72232864384793,1443.098084563968,1272304.0755097177,6573.538026862609,1077.3533173171984,122454167.64273037
1468,1469.0,30.0,494.0,8497771.19495616,55445.91064593382,509.6366975872694,1010.1686591947775,2774.3041092641765,459.991626771224,243.79556218874873,1443.098084563968,1272304.0755097177,6573.538026862609,1077.3533173171984,122454167.64273037
1469,1470.0,30.0,494.0,8212404.061179591,55863.83767888509,509.6366975872694,1010.1686591947775,2774.3041092641765,459.991626771224,243.79556218874873,1443.098084563968,1272304.0755097177,6573.538026862609,1077.3533173171984,122454167.64273037
1470,1471.0,30.0,494.0,7930037.062605768,54721.0714777112,509.6366975872694,1010.1686591947775,2773.4707383745254,459.8534502714112,243.72232864384793,1443.098084563968,1272304.0755097177,6573.538026862609,1077.3533173171984,122454167.64273037
1471,1472.0,30.0,494.0,7659651.15677103,47345.64937548898,509.6366975872694,1010.1686591947775,2770.142657058113,459.30163998729296,243.4298691932653,1443.098084563968,1272304.0755097177,6573.538026862609,1077.3533173171984,122454167.64273037
1472,1473.0,30.0,494.0,7398230.702913137,35306.33071674965,509.6366975872694,1010.1686591947775,2767.6522537312117,458.8887203387827,243.21102177955484,1443.098084563968,1272304.0755097177,6573.538026862609,1077.3533173171984,122454167.64273037
1473,1474.0,30.0,494.0,7133823.701062385,24820.637121842243,509.6366975872694,1010.1686591947775,2768.4818503958945,459.02627105576335,243.28392365955457,1443.098084563968,1272304.0755097177,6573.538026862609,1077.3533173171984,122454167.64273037
1474,1475.0,30.0,494.0,6869416.699211633,14334.943526934832,509.6366975872694,1010.1686591947775,2768.4818503958945,459.02627105576335,243.28392365955457,1443.098084563968,1272304.0755097177,6573.538026862609,1077.3533173171984,122454167.64273037
1475,1476.0,30.0,494.0,6602021.213995887,5403.881791207939,509.6366975872694,1010.1686591947775,2769.3119846639484,459.1639109097092,243.3568727821459,1443.098084563968,1272304.0755097177,6573.538026862609,1077.3533173171984,122454167.64273037
1476,1477.0,30.0,494.0,6325648.647621427,1142.766201174818,509.6366975872694,1010.1686591947775,2771.8056183191466,459.57736616062994,243.57600406513387,1443.098084563968,1272304.0755097177,6573.538026862609,1077.3533173171984,122454167.64273037
1477,1478.0,30.0,494.0,6043281.649047604,0.0,509.6366975872694,1010.1686591947775,2773.4707383745254,459.8534502714112,243.72232864384793,1443.098084563968,1272304.0755097177,6573.538026862609,1077.3533173171984,122454167.64273037
1478,1479.0,30.0,494.0,5757914.515271034,0.0,509.6366975872694,1010.249922784518,2774.3041092641765,459.991626771224,243.79556218874873,1443.2141754064544,1272304.0755097177,6573.538026862609,1077.3533173171984,122454167.64273037
1479,1480.0,30.0,494.0,5454505.583194964,0.0,509.6366975872694,1012.074877461951,2779.315719902927,460.82257350224916,244.23596395619205,1445.821253517073,1272304.0755097177,6573.538026862609,1077.3533173171984,122454167.64273037
1480,1481.0,30.0,494.0,5117836.458472814,0.0,509.6366975872694,1015.4391953162012,2788.5546623046157,462.3544301328208,245.04784797039505,1450.6274218802876,1272304.0755097177,6573.538026862609,1077.3533173171984,122454167.64273037
1481,1482.0,30.0,494.0,4738489.1206179205,0.0,509.6366975872694,1019.7561599218436,2800.4097215081556,464.3200502500587,246.08962663253115,1456.7945141740624,1272304.0755097177,6573.538026862609,1077.3533173171984,122454167.64273037
1482,1483.0,30.0,494.0,4325332.980871305,1581.1875495612621,509.6366975872694,1022.8685172809542,2809.8010553669674,465.8771740436764,246.9149022431485,1461.2407389727919,1272304.0755097177,6573.538026862609,1077.3533173171984,122454167.64273037
1483,1484.0,30.0,494.0,3890534.3928355277,14420.94190768525,509.6366975872694,1022.8685172809542,2815.8128465584014,466.8739550384932,247.4431961704014,1461.2407389727919,1272304.0755097177,6573.538026862609,1077.3533173171984,122454167.64273037
1484,1485.0,30.0,494.0,3449533.8767667953,30486.986571231857,509.6366975872694,1022.8685172809542,2817.5356043453335,467.1595957345861,247.59458573933065,1461.2407389727919,1272304.0755097177,6573.538026862609,1077.3533173171984,122454167.64273037
1485,1486.0,30.0,494.0,3008533.3606980816,46553.03123478033,509.6366975872697,1022.8685172809542,2817.535604345335,467.15959573458633,247.59458573933077,1461.2407389727919,1272304.0755097177,6573.538026862609,1077.3533173171984,122454167.64273037
1486,1487.0,30.0,494.0,2579928.5221788306,56170.74981415948,509.6366975872697,1022.8685172809542,2814.0923605815883,466.588691018349,247.29200623972497,1461.2407389727919,1272304.0755097177,6573.538026862609,1077.3533173171984,122454167.64273037
1487,1488.0,30.0,494.0,2172937.6341766566,54544.72634355351,509.6366975872697,1022.8685172809542,2808.088485437956,465.59322253851343,246.76440794541213,1461.2407389727919,1272304.0755097177,6573.538026862609,1077.3533173171984,122454167.64273037
1488,1489.0,30.0,494.0,1793590.296321759,38538.31706813071,509.6366975872697,1022.8685172809542,2800.409721508157,464.32005025005896,246.08962663253126,1461.2407389727919,1272304.0755097177,6573.538026862609,1077.3533173171984,122454167.64273037
1489,1490.0,30.0,494.0,1453885.669076303,1909.4671193724498,509.6366975872697,1022.8685172809542,2789.397857449979,462.4942355367439,245.12194483447428,1461.2407389727919,1272304.0755097177,6573.538026862609,1077.3533173171984,122454167.64273037
1490,1491.0,30.0,494.0,1150476.7370002307,7299.677390770987,509.6366975872697,1011.0267810202907,2779.315719902928,460.8225735022493,244.23596395619217,1444.3239728861297,1272304.0755097177,6573.538026862609,1077.3533173171984,122454167.64273037
1491,1492.0,30.0,494.0,859103.4851291273,6428.834944672883,509.6366975872697,1011.0267810202907,2775.972475401548,460.26824909644665,243.94217202111673,1444.3239728861297,1272304.0755097177,6573.538026862609,1077.3533173171984,122454167.64273037
1492,1493.0,30.0,494.0,570734.2675531432,3995.2709268294275,509.6366975872697,1011.0267810202907,2775.138021430681,460.1298930170814,243.86884329905314,1444.3239728861297,1272304.0755097177,6573.538026862609,1077.3533173171984,122454167.64273037
1493,1494.0,30.0,494.0,285367.1337765714,0.0,509.6366975872696,1011.0267810202907,2774.3041092641774,459.99162677122416,243.79556218874882,1444.3239728861297,1272304.0755097177,6573.538026862609,1077.3533173171984,122454167.64273037
1494,1495.0,30.0,494.0,0.0,0.0,509.63669758726957,1010.2499227845183,2774.3041092641774,459.99162677122416,243.79556218874882,1443.2141754064548,1272304.0755097177,6573.538026862609,1077.3533173171984,122454167.64273037
1495,1496.0,30.0,494.0,0.0,0.0,494.06471459279993,981.3846136326232,2695.0354609929077,446.8485418626529,236.82972718720603,1401.978019475176,1272304.0755097177,6573.538026862609,1077.3533173171984,122454167.64273037
1496,1497.0,30.0,494.0,898386.8914710283,37821.37140389066,444.6647145927999,883.1572905340406,2445.4835466953996,405.4717545673229,214.90002992068113,1261.6532721914866,1272304.0755097177,6573.538026862609,1077.3533173171984,122454167.64273037
1497,1498.0,30.0,494.0,2692254.0957583757,56170.74981415948,395.2647145927999,796.3643485912436,2196.7390153575334,364.2288348605506,193.04128247609182,1137.663355130348,1272304.0755097177,6573.538026862609,1077.3533173171984,122454167.64273037
1498,1499.0,30.0,494.0,4544836.515842638,43976.02476180298,392.1528223778951,796.3643485912436,2180.4292331917236,361.52460239890996,191.60803927142229,1137.663355130348,1272304.0755097177,6573.538026862609,1077.3533173171984,122454167.64273037
1499,1500.0,30.0,494.0,6395113.400576411,32980.656798168275,392.1528223778951,796.3643485912436,2181.06965967797,361.63078788169537,191.66431757729856,1137.663355130348,1272304.0755097177,6573.538026862609,1077.3533173171984,122454167.64273037
1500,1501.0,30.0,494.0,8240774.723711604,24386.339211201295,392.1528223778951,796.3643485912436,2182.35176012202,361.8433656834488,191.77698381222785,1137.663355130348,1272304.0755097177,6573.538026862609,1077.3533173171984,122454167.64273037
1501,1502.0,30.0,494.0,10088744.576614846,14591.106816635001,392.1528223778953,796.3643485912436,2181.7105018531183,361.7370422874996,191.7206324123748,1137.663355130348,1272304.0755097177,6573.538026862609,1077.3533173171984,122454167.64273037
1502,1503.0,30.0,494.0,11945933.583780421,0.0,392.1528223778953,796.3643485912436,2179.1496256691366,361.312437934323,191.49559210519118,1137.663355130348,1272304.0755097177,6573.538026862609,1077.3533173171984,122454167.64273037
1503,1504.0,30.0,494.0,12937262.367611399,0.0,438.6818800000001,881.1102357189508,2419.6663543731916,401.19115235961897,212.63131075059806,1258.7289081699298,1272304.0755097177,6573.538026862609,1077.3533173171984,122454167.64273037
1504,1505.0,30.0,494.0,12993743.74988648,0.0,488.08188000000007,975.6714379801914,2679.346188138719,444.2471925300557,235.45101204092953,1393.816339971702,1272304.0755097177,6573.538026862609,1077.3533173171984,122454167.64273037
1505,1506.0,30.0,494.0,12094481.72822235,0.0,537.48188,1072.346301898437,2944.8304670107213,488.2656348171586,258.7807864530941,1531.9232884263388,1272304.0755097177,6573.538026862609,1077.3533173171984,122454167.64273037
1506,1507.0,30.0,494.0,11152969.740670305,0.0,537.48188,1076.6199486596179,2956.566568646254,490.2115312548469,259.81211156506885,1538.0284980851686,1272304.0755097177,6573.538026862609,1077.3533173171984,122454167.64273037
1507,1508.0,30.0,494.0,10188557.421893155,9182.472460453937,537.48188,1077.150870397796,2962.927771764338,491.2662462591387,260.37111051734354,1538.7869577111371,1272304.0755097177,6573.538026862609,1077.3533173171984,122454167.64273037
1508,1509.0,30.0,494.0,9211011.571594168,25197.108273935686,537.48188,1077.150870397796,2966.575974964849,491.87113413692816,260.691701092572,1538.7869577111373,1272304.0755097177,6573.538026862609,1077.3533173171984,122454167.64273037
1509,1510.0,30.0,494.0,8233465.721295182,41211.74408741392,537.30404,1077.150870397796,2966.5759749648482,491.87113413692805,260.69170109257186,1538.7869577111373,1272304.0755097177,6573.538026862609,1077.3533173171984,122454167.64273037
1510,1511.0,30.0,494.0,7262493.152961953,53806.90844488088,537.30404,1077.1508703977963,2964.750063307694,491.56839008276665,260.53124674386635,1538.7869577111378,1272304.0755097177,6573.538026862609,1077.3533173171984,122454167.64273037
1511,1512.0,30.0,494.0,6311188.352513103,56170.74981415948,537.30404,1077.1508703977963,2959.286794450921,490.66255646469887,260.0511549262904,1538.7869577111378,1272304.0755097177,6573.538026862609,1077.3533173171984,122454167.64273037
1512,1513.0,30.0,494.0,5395739.507189881,39882.049619141966,537.30404,1077.1508703977963,2949.3268069160245,489.01114743080836,259.17590813832845,1538.7869577111378,1272304.0755097177,6573.538026862609,1077.3533173171984,122454167.64273037
1513,1514.0,30.0,494.0,4538407.674928466,0.0,537.30404,1075.8598439848781,2933.183192176634,486.3344662475369,257.75726711119455,1536.9426342641118,1272304.0755097177,6573.538026862609,1077.3533173171984,122454167.64273037
1514,1515.0,30.0,494.0,3722625.581704259,3721.2311439821497,537.30404,1063.1786105050523,2921.641597999632,484.42081998817974,256.7430345937353,1518.826586435789,1272304.0755097177,6573.538026862609,1077.3533173171984,122454167.64273037
1515,1516.0,30.0,494.0,2913204.5567574967,4133.3860125547035,537.30404,1063.1786105050526,2919.8746345892305,484.12784980842133,256.58776039846333,1518.8265864357895,1272304.0755097177,6573.538026862609,1077.3533173171984,122454167.64273037
1516,1517.0,30.0,494.0,2106960.9622603618,2892.6173061809095,537.30404,1063.1786105050526,2918.9920150198895,483.9815076643985,256.5101990621312,1518.8265864357895,1272304.0755097177,6573.538026862609,1077.3533173171984,122454167.64273037
1517,1518.0,30.0,494.0,1303892.7317780908,0.0,537.30404,1063.1786105050526,2918.109969460205,483.83526069366053,256.4326881676401,1518.8265864357895,1272304.0755097177,6573.538026862609,1077.3533173171984,122454167.64273037
1518,1519.0,30.0,494.0,507169.03807943873,0.0,537.30404,1061.9743978271038,2916.3475981314223,483.5430519009061,256.2778175074802,1517.1062826101484,1272304.0755097177,6573.538026862609,1077.3533173171984,122454167.64273037
1519,1520.0,30.0,494.0,403427.37276397925,56136.60437683202,499.2992602631115,980.9627862119698,2723.852590247202,451.6265465955497,239.36206969564137,1401.3754088742428,1272304.0755097177,6573.538026862609,1077.3533173171984,122454167.64273037
1520,1521.0,30.0,494.0,1198981.5465825107,56170.74981415948,449.8992602631115,900.9064887193433,2474.0481904877597,410.20789611803167,217.41018494255678,1287.009269599062,1272304.0755097177,6573.538026862609,1077.3533173171984,122454167.64273037
1521,1522.0,30.0,494.0,1997185.9127576724,54826.24495721422,449.8992602631115,900.9064887193433,2473.3120259442517,410.08583685105776,217.3454935310606,1287.009269599062,1272304.0755097177,6573.538026862609,1077.3533173171984,122454167.64273037
1522,1523.0,30.0,494.0,2800685.504748905,50727.12320941873,449.8992602631115,900.9064887193433,2471.841129884232,409.8419559191871,217.21623663716917,1287.009269599062,1272304.0755097177,6573.538026862609,1077.3533173171984,122454167.64273037
1523,1524.0,30.0,494.0,3612115.063302815,42502.7723219865,449.8992602631115,900.9064887193433,2469.6383613945995,409.4767273714,217.022665506842,1287.009269599062,1272304.0755097177,6573.538026862609,1077.3533173171984,122454167.64273037
1524,1525.0,30.0,494.0,4428822.704248186,31532.722684048116,449.8992602631115,900.9064887193433,2468.1722273969713,409.23363601008106,216.89382708534296,1287.009269599062,1272304.0755097177,6573.538026862609,1077.3533173171984,122454167.64273037
1525,1526.0,30.0,494.0,5253434.659052698,16450.788638676517,449.8992602631115,900.9064887193433,2465.976584658321,408.8695889426426,216.7008821396006,1287.009269599062,1272304.0755097177,6573.538026862609,1077.3533173171984,122454167.64273037
1526,1527.0,30.0,494.0,6080677.975846237,0.0,449.8992602631115,900.9064887193433,2465.2456507724805,408.74839694134494,216.63665037891283,1287.009269599062,1272304.0755097177,6573.538026862609,1077.3533173171984,122454167.64273037
1527,1528.0,30.0,494.0,6870926.597672092,0.0,449.8992602631115,901.449792569024,2475.52195493017,410.4522526401152,217.53969389926107,1287.7854179557487,1272304.0755097177,6573.538026862609,1077.3533173171984,122454167.64273037
1528,1529.0,30.0,494.0,6722807.838017524,0.0,499.2992602631115,996.3670460243361,2736.179560896954,453.6704116727076,240.44531818653505,1423.3814943204802,1272304.0755097177,6573.538026862609,1077.3533173171984,122454167.64273037
1529,1530.0,30.0,494.0,5839917.092081399,0.0,536.237,1070.6903230586672,2940.282890419609,487.5116269392814,258.38116227781916,1529.5576043695248,1272304.0755097177,6573.538026862609,1077.3533173171984,122454167.64273037
1530,1531.0,30.0,494.0,4905027.028962784,0.0,536.237,1075.950131174255,2954.727145192523,489.9065468863426,259.6504698497616,1537.0716159632216,1272304.0755097177,6573.538026862609,1077.3533173171984,122454167.64273037
1531,1532.0,30.0,494.0,3940645.1594279455,12328.138406307258,536.237,1076.5361331444915,2962.919313641474,491.26484386576647,260.37036724885627,1537.9087616349877,1272304.0755097177,6573.538026862609,1077.3533173171984,122454167.64273037
1532,1533.0,30.0,494.0,2963099.3091289597,31504.280093925838,536.237,1076.5361331444915,2966.5759749648482,491.87113413692805,260.6917010925719,1537.908761634988,1272304.0755097177,6573.538026862609,1077.3533173171984,122454167.64273037
1533,1534.0,30.0,494.0,1988847.7272558706,48966.7181994535,536.237,1076.5361331444913,2965.660900402099,491.7194108145531,260.61128773171316,1537.9087616349875,1272304.0755097177,6573.538026862609,1077.3533173171984,122454167.64273037
1534,1535.0,30.0,494.0,1034315.9761376167,56170.74981415948,536.237,1076.5361331444913,2960.1831696368668,490.8111793494806,260.1299250552247,1537.9087616349875,1272304.0755097177,6573.538026862609,1077.3533173171984,122454167.64273037
1535,1536.0,30.0,494.0,109217.5984914666,48063.31586778164,536.237,1076.5361331444913,2952.0072325612828,489.4555736020001,259.41145400906004,1537.9087616349875,1272304.0755097177,6573.538026862609,1077.3533173171984,122454167.64273037
1536,1537.0,30.0,494.0,30992.234355052056,0.0,492.55589932544785,998.6428700769862,2716.7647288085773,450.4513484971888,238.73921470351007,1426.632671538552,1272304.0755097177,6573.538026862609,1077.3533173171984,122454167.64273037
1537,1538.0,30.0,494.0,0.0,15201.815636110492,492.5558993254478,981.5636155434953,2703.6444149804224,448.2759436879581,237.5862501546178,1402.2337364907078,1272304.0755097177,6573.538026862609,1077.3533173171984,122454167.64273037
1538,1539.0,30.0,494.0,9933.580979523556,9113.709726240486,492.5558993254466,981.5636155434953,2692.27613294304,446.39103333133664,236.58724766560843,1402.2337364907078,1272304.0755097177,6573.538026862609,1077.3533173171984,122454167.64273037
1539,1540.0,30.0,494.0,25683.308476867154,0.0,492.5558993254466,981.5636155434953,2690.6605366880895,446.1231604809744,236.44527505491644,1402.2337364907078,1272304.0755097177,6573.538026862609,1077.3533173171984,122454167.64273037
1540,1541.0,30.0,494.0,35616.889456389035,0.0,492.55589932544655,980.3798171721317,2692.27613294304,446.39103333133664,236.58724766560843,1400.5425959601882,1272304.0755097177,6573.538026862609,1077.3533173171984,122454167.64273037
1541,1542.0,30.0,494.0,28056.551937070235,9100.469943661243,492.5558993254465,980.3798171721317,2697.135554748274,447.1967464951866,237.0142756424489,1400.5425959601882,1272304.0755097177,6573.538026862609,1077.3533173171984,122454167.64273037
1542,1543.0,30.0,494.0,0.0,28863.22708615102,492.5558993254464,980.3798171721317,2702.8289476420937,448.1407356744299,237.51458990744786,1400.5425959601882,1272304.0755097177,6573.538026862609,1077.3533173171984,122454167.64273037
1543,1544.0,30.0,494.0,0.0,34030.75174010731,491.01817667759997,980.3798171721317,2695.0354609929077,446.8485418626529,236.82972718720603,1400.5425959601882,1272304.0755097177,6573.538026862609,1077.3533173171984,122454167.64273037
1544,1545.0,30.0,494.0,909214.7332376596,56170.74981415948,441.6181766776,885.1111941928283,2442.4758128713356,404.9730592836998,214.6357214203609,1264.4445631326118,1272304.0755097177,6573.538026862609,1077.3533173171984,122454167.64273037
1545,1546.0,30.0,494.0,2531345.0751699232,50740.49315407965,403.162998651256,818.3596050578055,2244.4436993450568,372.13847790175566,197.2333932879305,1169.0851500825795,1272304.0755097177,6573.538026862609,1077.3533173171984,122454167.64273037
1546,1547.0,30.0,494.0,4160637.235511074,41584.60388765298,403.162998651256,818.3596050578055,2242.4543053425873,371.8086277672917,197.0585727166646,1169.0851500825795,1272304.0755097177,6573.538026862609,1077.3533173171984,122454167.64273037
1547,1548.0,30.0,494.0,5792313.562530138,31188.45291574113,403.1629986512563,818.3596050578055,2241.792036820946,371.69882078051904,197.0003750136751,1169.0851500825795,1272304.0755097177,6573.538026862609,1077.3533173171984,122454167.64273037
1548,1549.0,30.0,494.0,7423989.8895491995,20792.301943823695,403.1629986512563,818.3596050578055,2241.792036820946,371.69882078051904,197.0003750136751,1169.0851500825795,1272304.0755097177,6573.538026862609,1077.3533173171984,122454167.64273037
1549,1550.0,30.0,494.0,9055666.216568261,10396.150971911848,403.1629986512563,818.3596050578055,2241.792036820946,371.69882078051904,197.0003750136751,1169.0851500825795,1272304.0755097177,6573.538026862609,1077.3533173171984,122454167.64273037
1550,1551.0,30.0,494.0,10687342.543587323,0.0,403.1629986512563,818.3596050578055,2241.792036820946,371.69882078051904,197.0003750136751,1169.0851500825795,1272304.0755097177,6573.538026862609,1077.3533173171984,122454167.64273037
1551,1552.0,30.0,494.0,12297505.36905495,0.0,403.1629986512563,818.514253872126,2247.7680094741218,372.68966290669226,197.5255213405469,1169.30607696018,1272304.0755097177,6573.538026862609,1077.3533173171984,122454167.64273037
1552,1553.0,30.0,494.0,12993743.74988648,0.0,452.5629986512563,910.9590679849873,2501.635910761928,414.78205952190945,219.834491546612,1301.3700971214105,1272304.0755097177,6573.538026862609,1077.3533173171984,122454167.64273037
1553,1554.0,30.0,494.0,12761032.662721997,0.0,501.96299865125627,1004.923685512343,2759.677429649708,457.56645999601227,242.5102237978865,1435.605265017633,1272304.0755097177,6573.538026862609,1077.3533173171984,122454167.64273037
1554,1555.0,30.0,494.0,12336016.418717295,0.0,510.6175332482177,1024.3756375652474,2813.095528771991,466.4234119906523,247.20440835504573,1463.3937679503535,1272304.0755097177,6573.538026862609,1077.3533173171984,122454167.64273037
1555,1556.0,30.0,494.0,11886242.81479115,2497.098787035793,510.6175332482178,1026.394334282279,2819.9725731946146,467.5636557154758,247.8087375292022,1466.277620403256,1272304.0755097177,6573.538026862609,1077.3533173171984,122454167.64273037
1556,1557.0,30.0,494.0,11420929.413906552,13078.118575555272,510.6175332482181,1026.394334282279,2824.2891834608513,468.2793683772108,248.18806523992174,1466.277620403256,1272304.0755097177,6573.538026862609,1077.3533173171984,122454167.64273037
1557,1558.0,30.0,494.0,10946267.470768092,28522.321407023817,510.6175332482181,1026.394334282279,2826.886000753591,468.7099319217502,248.41626391852762,1466.277620403256,1272304.0755097177,6573.538026862609,1077.3533173171984,122454167.64273037
1558,1559.0,30.0,494.0,10468485.223961456,45589.73002564162,510.6175332482181,1026.394334282279,2827.752751772529,468.8536429914471,248.49243078546698,1466.277620403256,1272304.0755097177,6573.538026862609,1077.3533173171984,122454167.64273037
1559,1560.0,30.0,494.0,10003171.823076857,56170.74981415948,510.6175332482181,1026.394334282279,2824.2891834608513,468.2793683772108,248.18806523992174,1466.277620403256,1272304.0755097177,6573.538026862609,1077.3533173171984,122454167.64273037
1560,1561.0,30.0,494.0,9565793.206815626,52219.8814002499,510.6175332482181,1026.394334282279,2816.5295210654735,466.9927827730853,247.50617486973522,1466.277620403256,1272304.0755097177,6573.538026862609,1077.3533173171984,122454167.64273037
1561,1562.0,30.0,494.0,9189902.858939908,16282.346398907714,510.6175332482181,1026.394334282279,2799.44944651394,464.1608325005475,246.00524122529018,1466.277620403256,1272304.0755097177,6573.538026862609,1077.3533173171984,122454167.64273037
1562,1563.0,30.0,494.0,8859603.17635108,16612.900384382036,510.6175332482181,1014.7306424041891,2786.7853728231375,462.061074280412,244.89236936861838,1449.615203434556,1272304.0755097177,6573.538026862609,1077.3533173171984,122454167.64273037
1563,1564.0,30.0,494.0,8541385.891712103,10658.098724850453,510.6175332482181,1014.7306424041891,2783.429151170401,461.50459820675746,244.59743704958146,1449.615203434556,1272304.0755097177,6573.538026862609,1077.3533173171984,122454167.64273037
1564,1565.0,30.0,494.0,8232209.799016608,0.0,510.6175332482181,1014.7306424041891,2780.917708963878,461.0881902209628,244.37674081711032,1449.615203434556,1272304.0755097177,6573.538026862609,1077.3533173171984,122454167.64273037
1565,1566.0,30.0,494.0,7932057.292856846,22500.201841133647,510.6175332482181,1007.370445900117,2778.4111571483973,460.67259308316557,244.15647433407776,1439.1006370001674,1272304.0755097177,6573.538026862609,1077.3533173171984,122454167.64273037
1566,1567.0,30.0,494.0,7643908.937985662,38755.75254775584,510.6175332482181,1007.370445900117,2775.076670679348,460.11972079702264,243.86345202242202,1439.1006370001674,1272304.0755097177,6573.538026862609,1077.3533173171984,122454167.64273037
1567,1568.0,30.0,494.0,7367733.6484285295,48782.8232811084,510.6175332482181,1007.370445900117,2771.7508192032224,459.56828023007336,243.5711885219389,1439.1006370001674,1272304.0755097177,6573.538026862609,1077.3533173171984,122454167.64273037
1568,1569.0,30.0,494.0,7100517.8302546255,56170.74981415948,510.6175332482181,1006.977348998998,2769.262077152325,459.1556360283136,243.3524870950062,1438.5390699985687,1272304.0755097177,6573.538026862609,1077.3533173171984,122454167.64273037
1569,1570.0,30.0,494.0,6848195.895156274,55810.76467822306,510.6175332482181,1006.977348998998,2765.1248874091166,458.4696720657167,242.98892619482984,1438.5390699985687,1272304.0755097177,6573.538026862609,1077.3533173171984,122454167.64273037
1570,1571.0,30.0,494.0,6604787.230473154,50814.02823246736,510.6175332482181,1006.977348998998,2762.648978960445,458.05915573074174,242.77135253729313,1438.5390699985687,1272304.0755097177,6573.538026862609,1077.3533173171984,122454167.64273037
1571,1572.0,30.0,494.0,6370274.602935667,41189.50535527151,510.617533248218,1006.977348998998,2760.1778575310987,457.6494331042861,242.55419954527164,1438.5390699985687,1272304.0755097177,6573.538026862609,1077.3533173171984,122454167.64273037
1572,1573.0,30.0,494.0,6144640.829205216,26946.134950552136,510.617533248218,1006.977348998998,2757.711509251367,457.2405018866918,242.33746599994666,1438.5390699985687,1272304.0755097177,6573.538026862609,1077.3533173171984,122454167.64273037
1573,1574.0,30.0,494.0,5921962.863493019,11165.130651450716,510.617533248218,1006.977348998998,2756.8904514685178,457.10436695327024,242.26531448523323,1438.5390699985687,1272304.0755097177,6573.538026862609,1077.3533173171984,122454167.64273037
1574,1575.0,30.0,494.0,5690411.760690886,0.0,510.617533248218,1006.977348998998,2759.355211771278,457.51303487741086,242.48190848502776,1438.5390699985687,1272304.0755097177,6573.538026862609,1077.3533173171984,122454167.64273037
1575,1576.0,30.0,494.0,5411246.112509674,0.0,510.617533248218,1009.6226333116832,2772.5814743765773,459.70600645237226,243.64418341975733,1442.318047588119,1272304.0755097177,6573.538026862609,1077.3533173171984,122454167.64273037
1576,1577.0,30.0,494.0,5099058.24786548,0.0,510.617533248218,1012.9628795217849,2781.754312282961,461.2269026715633,244.45025841592857,1447.0898278882642,1272304.0755097177,6573.538026862609,1077.3533173171984,122454167.64273037
1577,1578.0,30.0,494.0,4735369.110236012,0.0,510.617533248218,1018.1723097275775,2796.0602214455375,463.59888431775727,245.70740868841136,1454.5318710393965,1272304.0755097177,6573.538026862609,1077.3533173171984,122454167.64273037
1578,1579.0,30.0,494.0,4344182.263934889,0.0,510.617533248218,1020.9537437745606,2803.6984738543306,464.8653396207204,246.37862999898184,1458.5053482493724,1272304.0755097177,6573.538026862609,1077.3533173171984,122454167.64273037
1579,1580.0,30.0,494.0,3934573.3156278944,7491.630443272181,510.617533248218,1021.3604608168525,2808.8157244115173,465.71380190736585,246.8283150109039,1459.0863725955037,1272304.0755097177,6573.538026862609,1077.3533173171984,122454167.64273037
1580,1581.0,30.0,494.0,3518807.524318599,18186.097614862025,510.617533248218,1021.3604608168525,2810.525958578823,465.99736613313036,246.9786040505591,1459.0863725955037,1272304.0755097177,6573.538026862609,1077.3533173171984,122454167.64273037
1581,1582.0,30.0,494.0,3099960.2758667143,30483.562314460054,510.617533248218,1021.3604608168525,2811.3819188962093,466.13928805781455,247.05382267064172,1459.0863725955037,1272304.0755097177,6573.538026862609,1077.3533173171984,122454167.64273037
1582,1583.0,30.0,494.0,2681113.0274148295,42781.02701404877,510.617533248218,1021.3604608168525,2811.3819188962093,466.13928805781455,247.05382267064172,1459.0863725955037,1272304.0755097177,6573.538026862609,1077.3533173171984,122454167.64273037
1583,1584.0,30.0,494.0,2265347.2361055342,53475.494185638614,510.617533248218,1021.3604608168525,2810.525958578823,465.99736613313036,246.9786040505591,1459.0863725955037,1272304.0755097177,6573.538026862609,1077.3533173171984,122454167.64273037
1584,1585.0,30.0,494.0,1864958.40397041,56170.74981415948,510.617533248218,1021.3604608168525,2806.2545810304423,465.2891532517549,246.6032512234301,1459.0863725955037,1272304.0755097177,6573.538026862609,1077.3533173171984,122454167.64273037
1585,1586.0,30.0,494.0,1504314.5868283818,38190.34524802584,510.617533248218,1021.3604608168525,2795.2142990879156,463.45862673024,245.6330721670272,1459.0863725955037,1272304.0755097177,6573.538026862609,1077.3533173171984,122454167.64273037
1586,1587.0,30.0,494.0,1180060.034651476,1279.9672680478543,510.617533248218,1021.3604608168525,2785.106169930937,461.782655174344,244.74480724240232,1459.0863725955037,1272304.0755097177,6573.538026862609,1077.3533173171984,122454167.64273037
1587,1588.0,30.0,494.0,876901.6192942625,6815.478708148003,510.617533248218,1010.9731878773108,2779.246131925467,460.811035514453,244.2298488226601,1444.2474112533012,1272304.0755097177,6573.538026862609,1077.3533173171984,122454167.64273037
1588,1589.0,30.0,494.0,585755.1456355071,6102.2863830477,510.617533248218,1010.9731878773108,2775.909481453673,460.2578044272906,243.936636346464,1444.2474112533012,1272304.0755097177,6573.538026862609,1077.3533173171984,122454167.64273037
1589,1590.0,30.0,494.0,294608.67197674606,5389.09405794926,510.6175332482183,1010.9731878773108,2775.9094814536743,460.2578044272908,243.93663634646413,1444.2474112533012,1272304.0755097177,6573.538026862609,1077.3533173171984,122454167.64273037
1590,1591.0,30.0,494.0,12450.72795761035,0.0,510.6175332482183,1010.9731878773108,2773.4126676648903,459.84382189645993,243.7172256051238,1444.2474112533012,1272304.0755097177,6573.538026862609,1077.3533173171984,122454167.64273037
1591,1592.0,30.0,494.0,0.0,0.0,495.8753162684565,982.6440232461493,2698.4939965366884,447.4219820221932,237.13365047176242,1403.7771760659277,1272304.0755097177,6573.538026862609,1077.3533173171984,122454167.64273037
1592,1593.0,30.0,494.0,876055.2974320493,56170.74981415948,446.4753162684566,881.8482297269796,2451.6867672617827,406.500275380893,215.44514595187331,1259.7831853242567,1272304.0755097177,6573.538026862609,1077.3533173171984,122454167.64273037
1593,1594.0,30.0,494.0,2646430.311807601,50840.89943419304,397.0753162684566,803.344912957266,2203.264623666367,365.3108089569117,193.6147287471632,1147.6355899389516,1272304.0755097177,6573.538026862609,1077.3533173171984,122454167.64273037
1594,1595.0,30.0,494.0,4419133.7554013245,44299.782400771044,397.0753162684566,803.344912957266,2202.617837772429,365.2035690568115,193.5578916001101,1147.6355899389516,1272304.0755097177,6573.538026862609,1077.3533173171984,122454167.64273037
1595,1596.0,30.0,494.0,6194164.120298852,36548.18314245832,397.0753162684566,803.344912957266,2201.9714707435946,365.096398606358,193.50109126136974,1147.6355899389516,1272304.0755097177,6573.538026862609,1077.3533173171984,122454167.64273037
1596,1597.0,30.0,494.0,7973843.809916334,26377.969674007967,397.0753162684566,803.344912957266,2200.679991654718,364.8822657847075,193.387600865895,1147.6355899389516,1272304.0755097177,6573.538026862609,1077.3533173171984,122454167.64273037
1597,1598.0,30.0,494.0,9760486.213802867,12585.699092626106,397.0753162684566,803.344912957266,2198.74590435776,364.56158574135014,193.21764044291558,1147.6355899389516,1272304.0755097177,6573.538026862609,1077.3533173171984,122454167.64273037
1598,1599.0,30.0,494.0,11544809.214030249,0.0,397.0753162684566,803.344912957266,2199.3901831519684,364.66840995346604,193.27425727533702,1147.6355899389516,1272304.0755097177,6573.538026862609,1077.3533173171984,122454167.64273037
1599,1600.0,30.0,494.0,12734403.987784507,0.0,428.1828033356988,861.0553365520315,2364.5924682833916,392.0596637205529,207.79162177189306,1230.0790522171878,1272304.0755097177,6573.538026862609,1077.3533173171984,122454167.64273037
1600,1601.0,30.0,494.0,12993743.74988648,0.0,477.58280333569877,955.1520117580376,2622.996638186804,434.9041933023746,230.49922245025854,1364.5028739400539,1272304.0755097177,6573.538026862609,1077.3533173171984,122454167.64273037
1601,1602.0,30.0,494.0,12321825.47594337,0.0,526.9828033356987,1049.3501443701753,2881.679425977135,477.7949189355316,253.23130703583175,1499.0716348145363,1272304.0755097177,6573.538026862609,1077.3533173171984,122454167.64273037
1602,1603.0,30.0,494.0,11627805.737016812,3589.7409804603085,526.9828033356987,1050.8877351677963,2887.81872180584,478.81284075096835,253.77080559801323,1501.268193096852,1272304.0755097177,6573.538026862609,1077.3533173171984,122454167.64273037
1603,1604.0,30.0,494.0,10917937.029227478,15424.236547107808,526.9828033356988,1050.8877351677963,2892.2212131566116,479.5427928681588,254.15768022012418,1501.268193096852,1272304.0755097177,6573.538026862609,1077.3533173171984,122454167.64273037
1604,1605.0,30.0,494.0,10204892.280284755,28910.932966193184,526.9828033356988,1050.8877351677963,2893.103446810331,479.68907102570165,254.2352076436219,1501.268193096852,1272304.0755097177,6573.538026862609,1077.3533173171984,122454167.64273037
1605,1606.0,30.0,494.0,9491847.531342031,42397.62938527856,526.9828033356988,1050.8877351677963,2893.103446810331,479.68907102570165,254.2352076436219,1501.268193096852,1272304.0755097177,6573.538026862609,1077.3533173171984,122454167.64273037
1606,1607.0,30.0,494.0,8785152.779511372,52581.008833698,526.9828033356988,1050.8877351677963,2891.3395587236464,479.3966107479235,254.08020369639945,1501.268193096852,1272304.0755097177,6573.538026862609,1077.3533173171984,122454167.64273037
1607,1608.0,30.0,494.0,8091133.040584814,56170.74981415948,526.9828033356988,1050.8877351677963,2887.8187218058406,478.8128407509684,253.77080559801325,1501.268193096852,1272304.0755097177,6573.538026862609,1077.3533173171984,122454167.64273037
1608,1609.0,30.0,494.0,7422363.859618269,46624.9577926239,526.9828033356988,1050.8877351677963,2880.8046779280594,477.64988192363165,253.15443741952478,1501.268193096852,1272304.0755097177,6573.538026862609,1077.3533173171984,122454167.64273037
1609,1610.0,30.0,494.0,6791223.789792441,17504.214912283234,526.9828033356988,1050.8877351677963,2870.3521470556375,475.91680707295967,252.23590774866864,1501.268193096852,1272304.0755097177,6573.538026862609,1077.3533173171984,122454167.64273037
1610,1611.0,30.0,494.0,6197419.8339369,16498.373102452606,526.9828033356988,1041.6443455024475,2859.9810042861136,474.197226721945,251.32453016263088,1488.0633507177822,1272304.0755097177,6573.538026862609,1077.3533173171984,122454167.64273037
1611,1612.0,30.0,494.0,5612904.526404792,10660.505529484712,526.9828033356988,1041.6443455024475,2857.400824196271,473.76942169764135,251.09779349974994,1488.0633507177822,1272304.0755097177,6573.538026862609,1077.3533173171984,122454167.64273037
1612,1613.0,30.0,494.0,5037659.820927635,0.0,526.9828033356988,1041.6443455024475,2854.825656958785,473.34244782595096,250.87149734775403,1488.0633507177822,1272304.0755097177,6573.538026862609,1077.3533173171984,122454167.64273037
1613,1614.0,30.0,494.0,4468585.51706991,0.0,526.9828033356988,1038.947324144738,2853.1116565089424,473.05825913424377,250.72087734114922,1484.2104630639117,1272304.0755097177,6573.538026862609,1077.3533173171984,122454167.64273037
1614,1615.0,30.0,494.0,3902593.419919431,0.0,526.9828033356988,1038.635554361381,2852.255487979152,472.9163026870418,250.64564042413218,1483.765077659116,1272304.0755097177,6573.538026862609,1077.3533173171984,122454167.64273037
1615,1616.0,30.0,494.0,3330434.9139322713,3207.812948383391,526.9828033356988,1038.635554361381,2853.968379322674,473.20030748412165,250.7961629665845,1483.7650776591158,1272304.0755097177,6573.538026862609,1077.3533173171984,122454167.64273037
1616,1617.0,30.0,494.0,3643331.5265708063,56170.74981415948,477.5828033356988,939.4363079968272,2608.119735259981,432.4375384191644,229.19189536215714,1342.051868566896,1272304.0755097177,6573.538026862609,1077.3533173171984,122454167.64273037
1617,1618.0,30.0,494.0,4848035.386603737,50010.4848214183,428.1828033356988,860.7248593526732,2360.3954998726495,391.3637881961942,207.42280774398293,1229.6069419323903,1272304.0755097177,6573.538026862609,1077.3533173171984,122454167.64273037
1618,1619.0,30.0,494.0,6052739.246636668,43850.219828678295,428.1828033356988,860.7248593526732,2360.3954998726495,391.3637881961942,207.42280774398293,1229.6069419323903,1272304.0755097177,6573.538026862609,1077.3533173171984,122454167.64273037
1619,1620.0,30.0,494.0,7259955.576218702,36382.94899745099,428.1828033356988,860.7248593526732,2359.6975916645647,391.248071995183,207.361478157447,1229.6069419323903,1272304.0755097177,6573.538026862609,1077.3533173171984,122454167.64273037
1620,1621.0,30.0,494.0,8472191.963596683,26304.205779950134,428.1828033356988,860.7248593526732,2358.303131165691,391.0168644101157,207.23893813736134,1229.6069419323903,1272304.0755097177,6573.538026862609,1077.3533173171984,122454167.64273037
1621,1622.0,30.0,494.0,9686935.942381665,14920.994370726869,428.1828033356988,860.7248593526732,2357.6065779970795,390.90137288051295,207.17772762667187,1229.6069419323903,1272304.0755097177,6573.538026862609,1077.3533173171984,122454167.64273037
1622,1623.0,30.0,494.0,10904185.88968303,2234.1590098608285,428.1828033356988,860.7248593526732,2356.9104756314173,390.78595609598995,207.1165567308747,1229.6069419323903,1272304.0755097177,6573.538026862609,1077.3533173171984,122454167.64273037
1623,1624.0,30.0,494.0,12101342.559460126,0.0,428.1828033356988,860.7248593526732,2362.491941610381,391.71138730840045,207.60703527345225,1229.6069419323903,1272304.0755097177,6573.538026862609,1077.3533173171984,122454167.64273037
1624,1625.0,30.0,494.0,12993743.74988648,0.0,443.695572412359,891.1169086300409,2447.1462414300313,405.747436549429,215.04614137119736,1273.0241551857728,1272304.0755097177,6573.538026862609,1077.3533173171984,122454167.64273037
1625,1626.0,30.0,494.0,12958777.561062125,2560.5419027013704,493.0955724123591,984.423612384768,2704.7482912218948,448.45897114568106,237.68325470721098,1406.3194462639544,1272304.0755097177,6573.538026862609,1077.3533173171984,122454167.64273037
1626,1627.0,30.0,494.0,12906160.671897156,14303.11285995692,493.0955724123591,984.423612384768,2709.6512635387326,449.27190517281434,238.11410974159162,1406.3194462639544,1272304.0755097177,6573.538026862609,1077.3533173171984,122454167.64273037
1627,1628.0,30.0,494.0,12850595.261576304,27579.527030156925,493.09557241236075,984.423612384768,2710.4702971931442,449.4077044969818,238.18608338340036,1406.3194462639544,1272304.0755097177,6573.538026862609,1077.3533173171984,122454167.64273037
1628,1629.0,30.0,494.0,12803869.631944122,36257.41980727762,493.09557241236075,984.423612384768,2708.0148025574026,449.0005728605289,237.97030361608034,1406.3194462639544,1272304.0755097177,6573.538026862609,1077.3533173171984,122454167.64273037
1629,1630.0,30.0,494.0,12757144.00231194,44935.31258439459,493.09557241236075,984.423612384768,2708.0148025574026,449.0005728605289,237.97030361608034,1406.3194462639544,1272304.0755097177,6573.538026862609,1077.3533173171984,122454167.64273037
1630,1631.0,30.0,494.0,12713361.114835987,52082.36842830293,493.09557241236075,984.423612384768,2707.197374180675,448.865039698348,237.89847104012446,1406.3194462639544,1272304.0755097177,6573.538026862609,1077.3533173171984,122454167.64273037
1631,1632.0,30.0,494.0,12675457.945881696,56170.74981415948,493.09557241236075,984.423612384768,2705.5641190357665,448.59423892761413,237.7549466316355,1406.3194462639544,1272304.0755097177,6573.538026862609,1077.3533173171984,122454167.64273037
1632,1633.0,30.0,494.0,12652220.52717492,52629.89596963674,493.09557241236075,984.423612384768,2701.490299522568,447.91878202337966,237.39695447239123,1406.3194462639544,1272304.0755097177,6573.538026862609,1077.3533173171984,122454167.64273037
1633,1634.0,30.0,494.0,12649435.014916819,38449.80427002348,493.09557241236075,984.423612384768,2695.809214397935,446.97683352552787,236.89772176852978,1406.3194462639544,1272304.0755097177,6573.538026862609,1077.3533173171984,122454167.64273037
1634,1635.0,30.0,494.0,12655386.12212195,41537.29742229823,493.09557241236075,980.1823044148765,2693.3823756581487,446.5744531606291,236.68446017513344,1400.260434878395,1272304.0755097177,6573.538026862609,1077.3533173171984,122454167.64273037
1635,1636.0,30.0,494.0,12658426.916170588,46138.75769455917,493.09557241236075,980.1823044148765,2694.1907959793866,446.7084927482285,236.7555011565611,1400.260434878395,1272304.0755097177,6573.538026862609,1077.3533173171984,122454167.64273037
1636,1637.0,30.0,494.0,12661467.710219264,50740.21796682011,493.09557241236075,980.1823044148765,2694.1907959793866,446.7084927482285,236.7555011565611,1400.260434878395,1272304.0755097177,6573.538026862609,1077.3533173171984,122454167.64273037
1637,1638.0,30.0,494.0,12673233.772966357,55720.54179188516,493.09557241236075,979.2260626220715,2691.7671102298264,446.3066351627534,236.54251663625934,1398.894375174388,1272304.0755097177,6573.538026862609,1077.3533173171984,122454167.64273037
1638,1639.0,30.0,494.0,12693708.119696029,56170.74981415948,493.09557241236075,979.2260626220715,2689.3481424568877,445.90555983821866,236.3299467142559,1398.894375174388,1272304.0755097177,6573.538026862609,1077.3533173171984,122454167.64273037
1639,1640.0,30.0,494.0,12722873.815238204,52099.65183839319,493.09557241236075,979.2260626220715,2686.933878897859,445.5052644927071,236.11779018113478,1398.894375174388,1272304.0755097177,6573.538026862609,1077.3533173171984,122454167.64273037
1640,1641.0,30.0,494.0,12749144.273144659,49534.67858164571,493.09557241236075,979.2260626220715,2687.738111574448,445.6386097507022,236.18846316787216,1398.894375174388,1272304.0755097177,6573.538026862609,1077.3533173171984,122454167.64273037
1641,1642.0,30.0,494.0,12769618.61987433,49984.88660391979,493.09557241236075,979.2260626220715,2689.3481424568877,445.90555983821866,236.3299467142559,1398.894375174388,1272304.0755097177,6573.538026862609,1077.3533173171984,122454167.64273037
1642,1643.0,30.0,494.0,12795889.077780785,47419.9133471651,493.09557241236075,979.2260626220715,2687.738111574448,445.6386097507022,236.18846316787216,1398.894375174388,1272304.0755097177,6573.538026862609,1077.3533173171984,122454167.64273037
1643,1644.0,30.0,494.0,12833729.236318635,38836.29350417014,493.09557241236075,979.2260626220715,2684.524305843505,445.10574685316817,235.90604583217913,1398.894375174388,1272304.0755097177,6573.538026862609,1077.3533173171984,122454167.64273037
1644,1645.0,30.0,494.0,12874457.138620544,28750.447311397642,493.09557241236075,979.2260626220715,2683.722154797933,444.97274673860363,235.83555577145992,1398.894375174388,1272304.0755097177,6573.538026862609,1077.3533173171984,122454167.64273037
1645,1646.0,30.0,494.0,12918070.915764712,17163.34699623473,493.09557241236075,979.2260626220715,2682.9205228973055,444.8398327005175,235.76511133127428,1398.894375174388,1272304.0755097177,6573.538026862609,1077.3533173171984,122454167.64273037
1646,1647.0,30.0,494.0,12961684.69290888,5576.246681070887,493.09557241236075,979.2260626220715,2682.9205228973055,444.8398327005175,235.76511133127428,1398.894375174388,1272304.0755097177,6573.538026862609,1077.3533173171984,122454167.64273037
1647,1648.0,30.0,494.0,12993743.74988648,0.0,493.09557241236075,979.2260626220715,2686.130167388019,445.3720056464142,236.04716299259954,1398.894375174388,1272304.0755097177,6573.538026862609,1077.3533173171984,122454167.64273037
1648,1649.0,30.0,494.0,12993743.74988648,0.0,494.7060909959999,981.3846136326232,2695.0354609929077,446.84854186265284,236.829727187206,1401.978019475176,1272304.0755097177,6573.538026862609,1077.3533173171984,122454167.64273037
1649,1650.0,30.0,494.0,12100854.139854567,4092.459486749023,543.8347898601585,1070.9059669919563,2943.0603526684386,487.972142199259,258.6252353656073,1529.8656671313663,1272304.0755097177,6573.538026862609,1077.3533173171984,122454167.64273037
1650,1651.0,30.0,494.0,11201572.002531422,11510.360468022525,543.8347898601585,1070.9059669919563,2944.836054693781,488.26656127918994,258.78127747797066,1529.8656671313663,1272304.0755097177,6573.538026862609,1077.3533173171984,122454167.64273037
1651,1652.0,30.0,494.0,10292685.504401429,23924.523256305605,543.8347898601585,1070.9059669919563,2947.5039326956835,488.7089069968149,259.0157207083119,1529.8656671313663,1272304.0755097177,6573.538026862609,1077.3533173171984,122454167.64273037
1652,1653.0,30.0,494.0,9383799.006271435,36338.686044595204,543.8347898601585,1070.9059669919563,2947.5039326956835,488.7089069968149,259.0157207083119,1529.8656671313663,1272304.0755097177,6573.538026862609,1077.3533173171984,122454167.64273037
1653,1654.0,30.0,494.0,8474912.508141441,48752.8488328848,543.8347898601585,1070.9059669919563,2947.5039326956835,488.7089069968149,259.0157207083119,1529.8656671313663,1272304.0755097177,6573.538026862609,1077.3533173171984,122454167.64273037
1654,1655.0,30.0,494.0,7575630.370818296,56170.74981415948,543.8347898601585,1070.9059669919563,2944.836054693781,488.26656127918994,258.78127747797066,1529.8656671313663,1272304.0755097177,6573.538026862609,1077.3533173171984,122454167.64273037
1655,1656.0,30.0,494.0,6692314.022199132,55283.125636104494,543.8347898601585,1070.9059669919563,2940.40111338712,487.5312288188899,258.39155127401165,1529.8656671313663,1272304.0755097177,6573.538026862609,1077.3533173171984,122454167.64273037
1656,1657.0,30.0,494.0,5824911.831124483,46116.835222000256,543.8347898601585,1070.9059669919563,2935.980514069199,486.798274322386,258.0030853908646,1529.8656671313663,1272304.0755097177,6573.538026862609,1077.3533173171984,122454167.64273037
1657,1658.0,30.0,494.0,4973372.4164826535,28698.607418369502,543.8347898601585,1070.9059669919563,2931.574187282305,486.06768627328904,257.6158737248432,1529.8656671313663,1272304.0755097177,6573.538026862609,1077.3533173171984,122454167.64273037
1658,1659.0,30.0,494.0,4134486.3955893144,25217.93769568065,543.8347898601585,1066.9159766949056,2928.059355685502,485.4849119845435,257.3070033518081,1524.1656809927224,1272304.0755097177,6573.538026862609,1077.3533173171984,122454167.64273037
1659,1660.0,30.0,494.0,3301914.839284243,18452.435292437673,543.8347898601585,1066.9159766949056,2926.3053377443166,485.1940882196009,257.1528667563885,1524.1656809927224,1272304.0755097177,6573.538026862609,1077.3533173171984,122454167.64273037
1660,1661.0,30.0,494.0,2472497.4640976135,10046.103793812916,543.8347898601585,1066.9159766949056,2925.429176322527,485.04881686438887,257.0758729381261,1524.1656809927224,1272304.0755097177,6573.538026862609,1077.3533173171984,122454167.64273037
1661,1662.0,30.0,494.0,1646232.2385325152,0.0,543.8347898601585,1066.9159766949056,2924.553579205435,484.9036390733377,256.99892870886896,1524.1656809927224,1272304.0755097177,6573.538026862609,1077.3533173171984,122454167.64273037
1662,1663.0,30.0,494.0,819967.0129673845,29723.564042586833,543.83478986016,1059.1829857267192,2924.5535792054425,484.90363907333887,256.9989287088696,1513.1185510381704,1272304.0755097177,6573.538026862609,1077.3533173171984,122454167.64273037
1663,1664.0,30.0,494.0,0.0,56170.74981415948,543.83478986016,1059.1829857267192,2922.8040757060703,484.61356382238466,256.8451888258639,1513.1185510381704,1272304.0755097177,6573.538026862609,1077.3533173171984,122454167.64273037
1664,1665.0,30.0,494.0,35881.65734713141,53065.9068353083,496.23816133755383,978.3588502009324,2685.068333952038,445.1959490677768,235.9538530059217,1397.6555002870464,1272304.0755097177,6573.538026862609,1077.3533173171984,122454167.64273037
1665,1666.0,30.0,494.0,74634.0366108194,48467.692401685286,496.23816133755383,978.3588502009324,2684.270911197438,445.0637329243165,235.88377844988776,1397.6555002870464,1272304.0755097177,6573.538026862609,1077.3533173171984,122454167.64273037
1666,1667.0,30.0,494.0,116255.29123883694,42377.06710385904,496.2381613375537,978.3588502009324,2683.474001374014,444.93160182706487,235.81374896834438,1397.6555002870464,1272304.0755097177,6573.538026862609,1077.3533173171984,122454167.64273037
1667,1668.0,30.0,494.0,160743.57646002434,34794.99060586654,496.2381613375538,978.3588502009324,2682.6776039870224,444.79955569399124,235.74376451781538,1397.6555002870464,1272304.0755097177,6573.538026862609,1077.3533173171984,122454167.64273037
1668,1669.0,30.0,494.0,208097.04928201958,25722.421646398492,496.2381613375537,978.3588502009324,2681.8817185423536,444.6675944431701,235.67382505488018,1397.6555002870464,1272304.0755097177,6573.538026862609,1077.3533173171984,122454167.64273037
1669,1670.0,30.0,494.0,258313.86848899722,15160.31804001145,496.2381613375537,978.3588502009324,2681.0863445465347,444.53571799278154,235.60393053617423,1397.6555002870464,1272304.0755097177,6573.538026862609,1077.3533173171984,122454167.64273037
1670,1671.0,30.0,494.0,308530.6876959391,4598.214433624409,496.2381613375537,978.3588502009324,2681.0863445465347,444.53571799278154,235.60393053617423,1397.6555002870464,1272304.0755097177,6573.538026862609,1077.3533173171984,122454167.64273037
1671,1672.0,30.0,494.0,347283.06695963256,0.0,496.2381613375537,978.3588502009324,2684.2709111974373,445.0637329243164,235.8837784498877,1397.6555002870464,1272304.0755097177,6573.538026862609,1077.3533173171984,122454167.64273037
1672,1673.0,30.0,494.0,374541.4613984283,0.0,496.2381613375537,978.6273865755082,2687.463684759909,445.59310859730385,236.16434755657104,1398.0391236792975,1272304.0755097177,6573.538026862609,1077.3533173171984,122454167.64273037
1673,1674.0,30.0,494.0,384503.2316292953,0.0,496.2381613375537,980.3769657875168,2692.2683025954443,446.38973502582036,236.5865595636848,1400.5385225535956,1272304.0755097177,6573.538026862609,1077.3533173171984,122454167.64273037
1674,1675.0,30.0,494.0,374200.744912399,0.0,496.2381613375537,982.4267254560168,2697.897262858712,447.3230409960941,237.08121172792988,1403.4667506514527,1272304.0755097177,6573.538026862609,1077.3533173171984,122454167.64273037
1675,1676.0,30.0,494.0,346455.7082609199,0.0,496.2381613375537,984.1910652718741,2702.7424156183183,448.1263882904314,237.50698579392866,1405.9872361026773,1272304.0755097177,6573.538026862609,1077.3533173171984,122454167.64273037
1676,1677.0,30.0,494.0,304123.30566105805,6317.034597158432,496.2381613375537,984.4382867067974,2706.7944617150915,448.79823506800085,237.86306458604045,1406.3404095811393,1272304.0755097177,6573.538026862609,1077.3533173171984,122454167.64273037
1677,1678.0,30.0,494.0,253015.7298242785,17198.98129781708,496.2381613375537,984.4382867067974,2709.2320098364576,449.20239109470896,238.07726728019577,1406.3404095811393,1272304.0755097177,6573.538026862609,1077.3533173171984,122454167.64273037
1678,1679.0,30.0,494.0,198979.29286913387,29604.54390982911,496.2381613375537,984.4382867067974,2710.0455823693364,449.33728494129406,238.14876101888586,1406.3404095811393,1272304.0755097177,6573.538026862609,1077.3533173171984,122454167.64273037
1679,1680.0,30.0,494.0,144942.85591398925,42010.106521844864,496.2381613375537,984.4382867067974,2710.0455823693364,449.33728494129406,238.14876101888586,1406.3404095811393,1272304.0755097177,6573.538026862609,1077.3533173171984,122454167.64273037
1680,1681.0,30.0,494.0,93835.2800772097,52892.05322250258,496.2381613375537,984.4382867067974,2709.2320098364576,449.20239109470896,238.07726728019577,1406.3404095811393,1272304.0755097177,6573.538026862609,1077.3533173171984,122454167.64273037
1681,1682.0,30.0,494.0,57343.50304605439,56170.74981415948,496.2381613375537,984.4382867067974,2705.1720657237843,448.52923479192566,237.72049443972062,1406.3404095811393,1272304.0755097177,6573.538026862609,1077.3533173171984,122454167.64273037
1682,1683.0,30.0,494.0,35420.182793481275,51870.82398066949,496.2381613375537,984.4382867067974,2701.125272174178,447.8582589094063,237.36487722198535,1406.3404095811393,1272304.0755097177,6573.538026862609,1077.3533173171984,122454167.64273037
1683,1684.0,30.0,494.0,19311.040975505486,44546.31814272795,496.2381613375537,984.4382867067974,2699.510222609012,447.5904767025761,237.22295265236534,1406.3404095811393,1272304.0755097177,6573.538026862609,1077.3533173171984,122454167.64273037
1684,1685.0,30.0,494.0,9008.554258611053,37527.766267374776,496.2381613375536,983.7914438762241,2697.8972628587117,447.323040996094,237.08121172792983,1405.4163483946058,1272304.0755097177,6573.538026862609,1077.3533173171984,122454167.64273037
1685,1686.0,30.0,494.0,1606.5784039275886,29000.34650032781,496.2381613375548,983.7914438762241,2697.0915653969855,447.1894528703845,237.0104100213038,1405.4163483946058,1272304.0755097177,6573.538026862609,1077.3533173171984,122454167.64273037
1686,1687.0,30.0,494.0,0.0,17458.116739988327,496.2381613375548,983.7914438762241,2695.4817327717765,446.92253565477483,236.86894389703068,1405.4163483946058,1272304.0755097177,6573.538026862609,1077.3533173171984,122454167.64273037
1687,1688.0,30.0,494.0,4181.332124956404,56113.18396754097,496.2381613375548,973.4454026098095,2693.8739798470865,446.65596326251085,236.72766052913076,1390.6362894425852,1272304.0755097177,6573.538026862609,1077.3533173171984,122454167.64273037
1688,1689.0,30.0,494.0,82559.00219697692,56170.74981415948,492.6032843535447,973.4454026098095,2673.263885972902,443.2387205105588,234.91652187059617,1390.6362894425852,1272304.0755097177,6573.538026862609,1077.3533173171984,122454167.64273037
1689,1690.0,30.0,494.0,169524.39950958826,51760.9143954413,492.6032843535447,973.4454026098095,2670.8784061838487,442.84319763866733,234.7068947484937,1390.6362894425852,1272304.0755097177,6573.538026862609,1077.3533173171984,122454167.64273037
1690,1691.0,30.0,494.0,265060.9309052285,42892.30959862191,492.6032843535447,973.4454026098095,2668.49753560523,442.44843899381164,234.49767266672018,1390.6362894425852,1272304.0755097177,6573.538026862609,1077.3533173171984,122454167.64273037
1691,1692.0,30.0,494.0,366302.35700244084,31055.975029490888,492.6032843535447,973.4454026098095,2666.912842632571,442.1856900413835,234.35841572193328,1390.6362894425852,1272304.0755097177,6573.538026862609,1077.3533173171984,122454167.64273037
1692,1693.0,30.0,494.0,467543.7830996532,19219.640460360795,492.6032843535447,973.4454026098095,2666.912842632571,442.1856900413835,234.35841572193328,1390.6362894425852,1272304.0755097177,6573.538026862609,1077.3533173171984,122454167.64273037
1693,1694.0,30.0,494.0,568785.2091968656,7383.30589122884,492.6032843535447,973.4454026098095,2666.912842632571,442.1856900413835,234.35841572193328,1390.6362894425852,1272304.0755097177,6573.538026862609,1077.3533173171984,122454167.64273037
1694,1695.0,30.0,494.0,661466.5366127454,0.0,492.6032843535447,973.4454026098095,2669.2906478218297,442.57994043141815,234.56736842865163,1390.6362894425852,1272304.0755097177,6573.538026862609,1077.3533173171984,122454167.64273037
1695,1696.0,30.0,494.0,716862.1112145936,0.0,492.6032843535464,975.7812690380028,2679.647801381283,444.29720131086657,235.4775166947593,1393.9732414828613,1272304.0755097177,6573.538026862609,1077.3533173171984,122454167.64273037
1696,1697.0,30.0,494.0,743362.2474162318,0.0,492.6032843535464,978.7040855216792,2687.6743120480082,445.62803151313403,236.18285670196104,1398.148693602399,1272304.0755097177,6573.538026862609,1077.3533173171984,122454167.64273037
1697,1698.0,30.0,494.0,699635.8901948612,0.0,495.1871232984001,985.8075995685906,2707.1816713321773,448.86243609811504,237.89709113200098,1408.2965708122724,1272304.0755097177,6573.538026862609,1077.3533173171984,122454167.64273037
1698,1699.0,30.0,494.0,638299.2417519689,0.0,495.1871232984001,987.5889066646,2712.073418893711,449.6735090122451,238.32695977648993,1410.841295235143,1272304.0755097177,6573.538026862609,1077.3533173171984,122454167.64273037
1699,1700.0,30.0,494.0,562234.6357235927,2185.398320565972,495.1871232984001,988.6537228727448,2716.1645182230122,450.3518309847657,238.6864704219258,1412.3624612467784,1272304.0755097177,6573.538026862609,1077.3533173171984,122454167.64273037
1700,1701.0,30.0,494.0,474352.9900941048,10518.110847499884,495.1871232984001,988.6537228727448,2719.4470292233214,450.89608551327416,238.9749253220353,1412.3624612467784,1272304.0755097177,6573.538026862609,1077.3533173171984,122454167.64273037
1701,1702.0,30.0,494.0,380551.22522140853,21930.514596230685,495.1871232984001,988.6537228727447,2721.0915067908786,451.1687470102468,239.1194359154308,1412.3624612467781,1272304.0755097177,6573.538026862609,1077.3533173171984,122454167.64273037
1702,1703.0,30.0,494.0,283786.4942225255,34884.275941728316,495.1871232984001,988.6537228727448,2721.9145529370417,451.3052116229103,239.19176216014245,1412.3624612467784,1272304.0755097177,6573.538026862609,1077.3533173171984,122454167.64273037
1703,1704.0,30.0,494.0,187021.76322364248,47838.03728722599,495.1871232984001,988.6537228727448,2721.9145529370417,451.3052116229103,239.19176216014245,1412.3624612467784,1272304.0755097177,6573.538026862609,1077.3533173171984,122454167.64273037
1704,1705.0,30.0,494.0,99140.11759415455,56170.74981415948,495.1871232984001,988.6537228727448,2719.4470292233214,450.89608551327416,238.9749253220353,1412.3624612467784,1272304.0755097177,6573.538026862609,1077.3533173171984,122454167.64273037
1705,1706.0,30.0,494.0,37803.469151262194,50694.552172272466,495.1871232984001,988.6537228727448,2712.0734188937113,449.6735090122451,238.32695977648993,1412.3624612467784,1272304.0755097177,6573.538026862609,1077.3533173171984,122454167.64273037
1706,1707.0,30.0,494.0,11618.775534842163,26932.03929572832,495.1871232984001,988.6537228727448,2702.3089869974688,448.0545239494863,237.46889769322775,1412.3624612467784,1272304.0755097177,6573.538026862609,1077.3533173171984,122454167.64273037
1707,1708.0,30.0,494.0,0.0,23492.090751626296,495.1871232984001,983.2287489072951,2698.2628986414747,447.3836649911195,237.1133424452933,1404.612498438993,1272304.0755097177,6573.538026862609,1077.3533173171984,122454167.64273037
1708,1709.0,30.0,494.0,0.0,14007.966481885174,495.1871232984001,983.228748907295,2695.0354609929077,446.8485418626529,236.82972718720603,1404.6124984389928,1272304.0755097177,6573.538026862609,1077.3533173171984,122454167.64273037
1709,1710.0,30.0,494.0,5798.108416786417,1507.621953628026,495.1871232984001,983.228748907295,2693.4248753215784,446.58149978873774,236.688194888031,1404.6124984389928,1272304.0755097177,6573.538026862609,1077.3533173171984,122454167.64273037
1710,1711.0,30.0,494.0,11596.216833572835,0.0,495.1871232984001,981.0912750733394,2693.4248753215784,446.58149978873774,236.688194888031,1401.558964390485,1272304.0755097177,6573.538026862609,1077.3533173171984,122454167.64273037
1711,1712.0,30.0,494.0,14496.209466546774,0.0,495.1871232984001,981.0912750733394,2694.2299074837483,446.71497760490183,236.75893813059798,1401.5589643904848,1272304.0755097177,6573.538026862609,1077.3533173171984,122454167.64273037
1712,1713.0,30.0,494.0,761405.888794314,56170.74981415948,453.90295161538023,894.9115006890498,2487.560550068528,412.44830380957484,218.5976010190747,1278.445000984357,1272304.0755097177,6573.538026862609,1077.3533173171984,122454167.64273037
1713,1714.0,30.0,494.0,2402056.11454965,49201.15633249469,404.5029516153802,816.7856068131267,2239.2992871719807,371.2855121016572,196.78132141387835,1166.8365811616097,1272304.0755097177,6573.538026862609,1077.3533173171984,122454167.64273037
1714,1715.0,30.0,494.0,4040335.8919366244,43464.68818696588,404.5029516153802,816.7856068131267,2239.9577450520815,371.3946872675723,196.83918425181332,1166.8365811616097,1272304.0755097177,6573.538026862609,1077.3533173171984,122454167.64273037
1715,1716.0,30.0,494.0,5678615.669323599,37728.2200414408,404.5029516153802,816.7856068131267,2239.9577450520815,371.3946872675723,196.83918425181332,1166.8365811616097,1272304.0755097177,6573.538026862609,1077.3533173171984,122454167.64273037
1716,1717.0,30.0,494.0,7316895.4467105735,31991.751895915717,404.5029516153802,816.7856068131267,2239.9577450520815,371.3946872675723,196.83918425181332,1166.8365811616097,1272304.0755097177,6573.538026862609,1077.3533173171984,122454167.64273037
1717,1718.0,30.0,494.0,8962281.966804007,22558.301944871433,404.5029516153802,816.7856068131267,2237.983649855843,371.06737374138504,196.6657080829341,1166.8365811616097,1272304.0755097177,6573.538026862609,1077.3533173171984,122454167.64273037
1718,1719.0,30.0,494.0,10612398.65462638,10664.182633297052,404.5029516153802,816.7856068131267,2236.669714375582,370.84951755286573,196.55024430301884,1166.8365811616097,1272304.0755097177,6573.538026862609,1077.3533173171984,122454167.64273037
1719,1720.0,30.0,494.0,12260151.023667227,0.0,404.5029516153795,816.7856068131267,2237.3264695926728,370.95841040988574,196.60795751723944,1166.8365811616097,1272304.0755097177,6573.538026862609,1077.3533173171984,122454167.64273037
1720,1721.0,30.0,494.0,12993743.74988648,0.0,453.9029516153795,907.1806205039697,2491.259703709782,413.0616394909211,218.9226689301882,1295.9723150056711,1272304.0755097177,6573.538026862609,1077.3533173171984,122454167.64273037
1721,1722.0,30.0,494.0,12796511.341966812,0.0,503.30295161537947,1001.3349644457319,2749.822240970593,455.93242706591445,241.64418634493467,1430.4785206367599,1272304.0755097177,6573.538026862609,1077.3533173171984,122454167.64273037
1722,1723.0,30.0,494.0,11883924.801471263,0.0,540.5051599999999,1073.6940967558164,2948.531722241671,488.8793189511708,259.1060390441205,1533.8487096511662,1272304.0755097177,6573.538026862609,1077.3533173171984,122454167.64273037
1723,1724.0,30.0,494.0,10938965.121968148,729.6327616025208,540.5051599999999,1076.826814780899,2957.5242608548842,490.37032076733146,259.8962700066857,1538.3240211155703,1272304.0755097177,6573.538026862609,1077.3533173171984,122454167.64273037
1724,1725.0,30.0,494.0,9967953.649238797,15011.607226954116,540.5051599999999,1076.826814780899,2964.760870084394,491.57018189310867,260.5321964033476,1538.32402111557,1272304.0755097177,6573.538026862609,1077.3533173171984,122454167.64273037
1725,1726.0,30.0,494.0,8990407.79893981,32692.814784475817,540.5051599999999,1076.826814780899,2966.575974964849,491.8711341369282,260.691701092572,1538.32402111557,1272304.0755097177,6573.538026862609,1077.3533173171984,122454167.64273037
1726,1727.0,30.0,494.0,8016130.212060602,48673.84676259924,540.5051599999999,1076.8268147808992,2965.6681240149096,491.7206085208164,260.61192251603273,1538.3240211155703,1272304.0755097177,6573.538026862609,1077.3533173171984,122454167.64273037
1727,1728.0,30.0,494.0,7058161.745577795,56170.74981415948,540.5051599999999,1076.8268147808992,2961.1378127936873,490.9694633159806,260.21381555746973,1538.3240211155703,1272304.0755097177,6573.538026862609,1077.3533173171984,122454167.64273037
1728,1729.0,30.0,494.0,6126176.7682761755,50150.84344760794,540.5051599999999,1076.8268147808992,2953.920176910024,489.77274805304967,259.5795564681163,1538.3240211155703,1272304.0755097177,6573.538026862609,1077.3533173171984,122454167.64273037
1729,1730.0,30.0,494.0,5245752.417233603,17308.70571088791,540.5051599999999,1076.8268147808992,2939.5977807269555,487.3980327875126,258.32095737738166,1538.3240211155703,1272304.0755097177,6573.538026862609,1077.3533173171984,122454167.64273037
1730,1731.0,30.0,494.0,4416353.914008999,19770.323304007565,540.5051599999999,1064.80085544454,2925.4239341108528,485.0479476830083,257.07541227199437,1521.144079206486,1272304.0755097177,6573.538026862609,1077.3533173171984,122454167.64273037
1731,1732.0,30.0,494.0,3605953.9259686954,12348.768272289817,540.5051599999999,1064.80085544454,2920.1465687818813,484.17293767432415,256.6116569673918,1521.144079206486,1272304.0755097177,6573.538026862609,1077.3533173171984,122454167.64273037
1732,1733.0,30.0,494.0,2805025.5660300814,0.0,540.5051599999999,1064.80085544454,2917.5155609758563,483.7367051947268,256.38045375320524,1521.144079206486,1272304.0755097177,6573.538026862609,1077.3533173171984,122454167.64273037
1733,1734.0,30.0,494.0,2019842.5052490532,0.0,540.5051599999999,1060.8070456777264,2913.1418667654157,483.0115277680193,255.99610971705022,1515.4386366824663,1272304.0755097177,6573.538026862609,1077.3533173171984,122454167.64273037
1734,1735.0,30.0,494.0,1247219.152693089,0.0,540.5051599999999,1059.5366125483881,2909.65305892512,482.4330683307172,255.68952621528013,1513.623732211983,1272304.0755097177,6573.538026862609,1077.3533173171984,122454167.64273037
1735,1736.0,30.0,494.0,1372555.9268952291,0.0,491.10515999999996,968.706612884721,2660.219690381202,441.07593643432443,233.77024631019196,1383.8665898353158,1272304.0755097177,6573.538026862609,1077.3533173171984,122454167.64273037
1736,1737.0,30.0,494.0,2389011.1696348228,56170.74981415948,441.70516,867.646566863503,2412.6867824541314,400.0339091322113,212.017971840072,1239.49509551929,1272304.0755097177,6573.538026862609,1077.3533173171984,122454167.64273037
1737,1738.0,30.0,494.0,3834827.631972462,49738.453410694376,418.09587014877496,836.3888567426811,2293.41977701023,380.25892351651277,201.53722946375177,1194.841223918116,1272304.0755097177,6573.538026862609,1077.3533173171984,122454167.64273037
1738,1739.0,30.0,494.0,5283059.65551435,42049.563629491255,418.09587014877496,836.3888567426811,2292.7487877868275,380.1476705996504,201.47826541781473,1194.841223918116,1272304.0755097177,6573.538026862609,1077.3533173171984,122454167.64273037
1739,1740.0,30.0,494.0,6736118.144628736,31849.909614453092,418.09587014877496,836.3888567426811,2291.4081029055815,379.9253792446931,201.36045099968734,1194.841223918116,1272304.0755097177,6573.538026862609,1077.3533173171984,122454167.64273037
1740,1741.0,30.0,494.0,8191587.5411029495,20396.083187064156,418.09587014877496,836.3888567426811,2290.7384064167372,379.8143406688146,201.30160055447175,1194.841223918116,1272304.0755097177,6573.538026862609,1077.3533173171984,122454167.64273037
1741,1742.0,30.0,494.0,9649466.296643922,7688.889781203121,418.09587014877496,836.3888567426811,2290.069140009304,379.70337340229526,201.2427879032165,1194.841223918116,1272304.0755097177,6573.538026862609,1077.3533173171984,122454167.64273037
1742,1743.0,30.0,494.0,11097698.32018581,0.0,418.09587014877496,836.3888567426811,2292.7487877868275,380.1476705996504,201.47826541781473,1194.841223918116,1272304.0755097177,6573.538026862609,1077.3533173171984,122454167.64273037
1743,1744.0,30.0,494.0,12511970.499562578,0.0,418.0958701487751,838.3288834846741,2302.182077832694,381.7117509106419,202.30722798264023,1197.6126906923917,1272304.0755097177,6573.538026862609,1077.3533173171984,122454167.64273037
1744,1745.0,30.0,494.0,12993743.74988648,0.0,467.49587014877505,932.6525342663955,2561.2095581251574,424.65962805226616,225.06960286770106,1332.360763237708,1272304.0755097177,6573.538026862609,1077.3533173171984,122454167.64273037
1745,1746.0,30.0,494.0,12958965.909537284,0.0,493.5681456844848,984.9024438046877,2704.6959722010174,448.45029642561553,237.67865710557624,1407.0034911495538,1272304.0755097177,6573.538026862609,1077.3533173171984,122454167.64273037
1746,1747.0,30.0,494.0,12900661.990026874,6624.990676641464,493.5681456844848,985.9939490000313,2711.2309941902436,449.53383135092236,238.25293061598887,1408.562784285759,1272304.0755097177,6573.538026862609,1077.3533173171984,122454167.64273037
1747,1748.0,30.0,494.0,12830548.81494463,19393.246248201467,493.56814568448505,985.9939490000313,2714.511342960198,450.0777273722812,238.54119550730903,1408.562784285759,1272304.0755097177,6573.538026862609,1077.3533173171984,122454167.64273037
1748,1749.0,30.0,494.0,12754519.405083498,35239.17231356577,493.56814568448516,985.9939490000313,2716.154741509889,450.35020996342234,238.68561128061384,1408.562784285759,1272304.0755097177,6573.538026862609,1077.3533173171984,122454167.64273037
1749,1750.0,30.0,494.0,12681449.081445176,49545.75913751498,493.56814568448516,985.9939490000313,2715.3327731146637,450.21392404652823,238.61337974465997,1408.562784285759,1272304.0755097177,6573.538026862609,1077.3533173171984,122454167.64273037
1750,1751.0,30.0,494.0,12623145.16193476,56170.74981415948,493.56814568448516,985.9939490000313,2711.2309941902454,449.53383135092264,238.25293061598902,1408.562784285759,1272304.0755097177,6573.538026862609,1077.3533173171984,122454167.64273037
1751,1752.0,30.0,494.0,12582497.318087606,53610.91515237838,493.56814568448516,985.9939490000313,2706.3265287282284,448.72064975385723,237.82194436954435,1408.562784285759,1272304.0755097177,6573.538026862609,1077.3533173171984,122454167.64273037
1752,1753.0,30.0,494.0,12559436.542171197,41902.15350145381,493.56814568448516,985.9939490000313,2701.4412320808274,447.9106464292058,237.3926426074791,1408.562784285759,1272304.0755097177,6573.538026862609,1077.3533173171984,122454167.64273037
1753,1754.0,30.0,494.0,12550979.233358689,31974.572367988527,493.56814568448516,984.1704459703645,2697.3847134408265,447.238058084615,237.03617078484595,1405.9577799576637,1272304.0755097177,6573.538026862609,1077.3533173171984,122454167.64273037
1754,1755.0,30.0,494.0,12554170.552247524,15987.286183994263,493.56814568448516,984.1704459703645,2694.148983523787,446.7015600621519,236.7518268329405,1405.9577799576637,1272304.0755097177,6573.538026862609,1077.3533173171984,122454167.64273037
1755,1756.0,30.0,494.0,12557361.87113636,0.0,493.56814568448516,984.1704459703645,2694.148983523787,446.7015600621519,236.7518268329405,1405.9577799576637,1272304.0755097177,6573.538026862609,1077.3533173171984,122454167.64273037
1756,1757.0,30.0,494.0,12563460.61984938,0.0,493.56814568448516,980.7677161479295,2693.34136412818,446.567653271488,236.68085623388865,1401.096737354185,1272304.0755097177,6573.538026862609,1077.3533173171984,122454167.64273037
1757,1758.0,30.0,494.0,12569559.3685624,0.0,493.56814568448516,980.7677161479295,2693.34136412818,446.567653271488,236.68085623388865,1401.096737354185,1272304.0755097177,6573.538026862609,1077.3533173171984,122454167.64273037
1758,1759.0,30.0,494.0,12569841.368629348,3025.9170480817556,493.56814568448516,980.7677161479295,2694.957127640978,446.8355538539251,236.8228435425803,1401.096737354185,1272304.0755097177,6573.538026862609,1077.3533173171984,122454167.64273037
1759,1760.0,30.0,494.0,12567212.159035146,7566.267584734596,493.56814568448516,980.7677161479295,2695.765796991297,446.9696347316238,236.89390640776062,1401.096737354185,1272304.0755097177,6573.538026862609,1077.3533173171984,122454167.64273037
1760,1761.0,30.0,494.0,12567494.159102093,28999.62334500719,493.56814568448516,977.1884919538924,2694.957127640978,446.8355538539251,236.8228435425803,1395.983559934132,1272304.0755097177,6573.538026862609,1077.3533173171984,122454167.64273037
1761,1762.0,30.0,494.0,12579402.107824668,44385.0718674548,493.56814568448516,977.1884919538924,2691.7276974588594,446.30010035477324,236.53905318802984,1395.983559934132,1272304.0755097177,6573.538026862609,1077.3533173171984,122454167.64273037
1762,1763.0,30.0,494.0,12611583.022735931,56170.74981415948,493.56814568448516,975.8378067224737,2686.096317962001,445.36639326510135,236.04418843050374,1394.054009603534,1272304.0755097177,6573.538026862609,1077.3533173171984,122454167.64273037
1763,1764.0,30.0,494.0,12669694.574826661,54467.11235749349,493.56814568448516,975.8378067224737,2678.8933631899267,444.17211219400247,235.41121946282132,1394.054009603534,1272304.0755097177,6573.538026862609,1077.3533173171984,122454167.64273037
1764,1765.0,30.0,494.0,12750729.43740394,40838.59379967023,493.56814568448516,975.8378067224737,2672.525776943664,443.11633883943625,234.85165958490123,1394.054009603534,1272304.0755097177,6573.538026862609,1077.3533173171984,122454167.64273037
1765,1766.0,30.0,494.0,12846031.505560877,19788.165989990346,493.56814568448516,975.8378067224737,2668.5626642826473,442.4592376103637,234.50339593349275,1394.054009603534,1272304.0755097177,6573.538026862609,1077.3533173171984,122454167.64273037
1766,1767.0,30.0,494.0,12935632.197795749,1703.6374566657469,493.56814568448516,975.8378067224737,2670.1463798165546,442.72182449921706,234.64256698458505,1394.054009603534,1272304.0755097177,6573.538026862609,1077.3533173171984,122454167.64273037
1767,1768.0,30.0,494.0,12993743.74988648,0.0,493.56814568448516,975.8378067224737,2678.8933631899267,444.17211219400247,235.41121946282132,1394.054009603534,1272304.0755097177,6573.538026862609,1077.3533173171984,122454167.64273037
1768,1769.0,30.0,494.0,12972394.380329803,0.0,496.84935228251214,983.5441340521469,2700.9658414253176,447.8318246013285,237.3508670387041,1405.0630486459243,1272304.0755097177,6573.538026862609,1077.3533173171984,122454167.64273037
1769,1770.0,30.0,494.0,12038971.393967042,0.0,546.2493522825122,1075.8017341828183,2954.319623871452,489.8389780878113,259.61465838654,1536.8596202611693,1272304.0755097177,6573.538026862609,1077.3533173171984,122454167.64273037
1770,1771.0,30.0,494.0,11089490.917830953,7405.280330772512,546.2493522825122,1075.986057487648,2958.780037697377,490.5785340020345,260.00662302107827,1537.1229392680686,1272304.0755097177,6573.538026862609,1077.3533173171984,122454167.64273037
1771,1772.0,30.0,494.0,10127126.867468262,21512.69432153087,546.2493522825122,1075.986057487648,2962.3588083158775,491.17190965726564,260.3211121183508,1537.1229392680686,1272304.0755097177,6573.538026862609,1077.3533173171984,122454167.64273037
1772,1773.0,30.0,494.0,9161536.686796697,37298.365925772116,546.2493522825122,1075.986057487648,2963.2549556239014,491.3204947589018,260.39986222221796,1537.1229392680686,1272304.0755097177,6573.538026862609,1077.3533173171984,122454167.64273037
1773,1774.0,30.0,494.0,8208838.455073757,46377.54727569781,546.2493522825122,1075.986057487648,2959.6738586937245,490.7267333911279,260.0851686972978,1537.1229392680686,1272304.0755097177,6573.538026862609,1077.3533173171984,122454167.64273037
1774,1775.0,30.0,494.0,7262573.645939315,52110.01308528893,546.2493522825122,1075.986057487648,2957.8867968635864,490.43043080640365,259.92812832739395,1537.1229392680686,1272304.0755097177,6573.538026862609,1077.3533173171984,122454167.64273037
1775,1776.0,30.0,494.0,6319522.417254166,56170.74981415948,546.2493522825122,1075.986057487648,2956.9941356276754,490.2824237106094,259.849684566623,1537.1229392680686,1272304.0755097177,6573.538026862609,1077.3533173171984,122454167.64273037
1776,1777.0,30.0,494.0,5386099.430891405,55222.801389321685,546.2493522825122,1075.986057487648,2954.319623871452,489.8389780878113,259.61465838654,1537.1229392680686,1272304.0755097177,6573.538026862609,1077.3533173171984,122454167.64273037
1777,1778.0,30.0,494.0,4471876.86550844,44286.647403572686,546.2493522825122,1075.986057487648,2948.986173599287,488.9546689528451,259.1459745450079,1537.1229392680686,1272304.0755097177,6573.538026862609,1077.3533173171984,122454167.64273037
1778,1779.0,30.0,494.0,3579960.801508532,21746.481120740063,546.2493522825122,1075.986057487648,2942.789923215104,487.92730382564633,258.6014710275926,1537.1229392680686,1272304.0755097177,6573.538026862609,1077.3533173171984,122454167.64273037
1779,1780.0,30.0,494.0,2700746.113164068,24128.33695165906,546.2493522825122,1069.8553457431085,2939.2617633108143,487.3423196458429,258.29142941229674,1528.3647796330122,1272304.0755097177,6573.538026862609,1077.3533173171984,122454167.64273037
1780,1781.0,30.0,494.0,1834200.08897514,19919.85698209144,546.2493522825122,1069.8553457431085,2935.7426899342768,486.7588420516616,257.98218628738067,1528.3647796330122,1272304.0755097177,6573.538026862609,1077.3533173171984,122454167.64273037
1781,1782.0,30.0,494.0,973976.1695164824,12422.569871782325,546.2493522825129,1069.8553457431085,2933.9865497314236,486.46766640655073,257.8278631954719,1528.3647796330122,1272304.0755097177,6573.538026862609,1077.3533173171984,122454167.64273037
1782,1783.0,30.0,494.0,123220.16718148688,0.0,546.2493522825129,1069.8553457431085,2931.356572752628,486.0316048425688,257.59675056656147,1528.3647796330122,1272304.0755097177,6573.538026862609,1077.3533173171984,122454167.64273037
1783,1784.0,30.0,494.0,0.0,0.0,506.0616467358809,993.8485164387067,2729.2632852099873,452.52366323448757,239.83754151427843,1419.7835949124383,1272304.0755097177,6573.538026862609,1077.3533173171984,122454167.64273037
1784,1785.0,30.0,494.0,768605.0480135996,56170.74981415948,456.66164673588094,892.7169819440453,2481.534058766908,411.44908547287633,218.06801530062447,1275.309974205779,1272304.0755097177,6573.538026862609,1077.3533173171984,122454167.64273037
1785,1786.0,30.0,494.0,2423204.6254139533,44570.923974793404,407.26164673588096,816.2749321476549,2235.4244672705877,370.6430501942061,196.44081660292926,1166.1070459252214,1272304.0755097177,6573.538026862609,1077.3533173171984,122454167.64273037
1786,1787.0,30.0,494.0,4075458.7847942794,34191.20249329228,407.26164673588096,816.2749321476549,2236.075972276151,370.75107254343516,196.49806844802063,1166.1070459252214,1272304.0755097177,6573.538026862609,1077.3533173171984,122454167.64273037
1787,1788.0,30.0,494.0,5725366.019435172,25032.369176592445,407.26164673588096,816.2749321476549,2236.7278958148822,370.85916428727467,196.5553570722556,1166.1070459252214,1272304.0755097177,6573.538026862609,1077.3533173171984,122454167.64273037
1788,1789.0,30.0,494.0,7375273.254076086,15873.535859894007,407.26164673588096,816.2749321476549,2236.7278958148822,370.85916428727467,196.5553570722556,1166.1070459252214,1272304.0755097177,6573.538026862609,1077.3533173171984,122454167.64273037
1789,1790.0,30.0,494.0,9025180.488716979,6714.70254319394,407.26164673588096,816.2749321476549,2236.7278958148822,370.85916428727467,196.5553570722556,1166.1070459252214,1272304.0755097177,6573.538026862609,1077.3533173171984,122454167.64273037
1790,1791.0,30.0,494.0,10670389.34790947,0.0,407.26164673588096,816.2749321476549,2238.0330001061047,371.07555622643554,196.67004480001086,1166.1070459252214,1272304.0755097177,6573.538026862609,1077.3533173171984,122454167.64273037
1791,1792.0,30.0,494.0,12296744.145142179,0.0,407.26164673588073,816.876411894347,2243.270239539377,371.94391318797295,197.13027398962566,1166.9663027062102,1272304.0755097177,6573.538026862609,1077.3533173171984,122454167.64273037
1792,1793.0,30.0,494.0,12993743.74988648,0.0,456.6616467358807,910.8820690563258,2501.424459675046,414.7470000166763,219.81591000883844,1301.2600986518942,1272304.0755097177,6573.538026862609,1077.3533173171984,122454167.64273037
1793,1794.0,30.0,494.0,12752316.201261954,0.0,506.06164673588063,1005.805368526869,2762.0986689441643,457.9679119486444,242.72299333278156,1436.8648121812414,1272304.0755097177,6573.538026862609,1077.3533173171984,122454167.64273037
1794,1795.0,30.0,494.0,11826669.940189408,0.0,541.9278800000001,1075.0151068767211,2952.159422401948,489.480807336165,259.42482788816744,1535.7358669667444,1272304.0755097177,6573.538026862609,1077.3533173171984,122454167.64273037
1795,1796.0,30.0,494.0,10875141.831961125,1468.8112669485106,541.9278800000001,1077.3474919421503,2959.3488243896527,490.6728412969674,260.0566058873927,1539.0678456316432,1272304.0755097177,6573.538026862609,1077.3533173171984,122454167.64273037
1796,1797.0,30.0,494.0,9904113.215821309,13081.935607422565,541.9278800000001,1077.3474919421503,2964.7656321428567,491.5709714630089,260.5326148753947,1539.0678456316434,1272304.0755097177,6573.538026862609,1077.3533173171984,122454167.64273037
1797,1798.0,30.0,494.0,8926567.36552232,28085.37490708256,541.9278800000001,1077.3474919421503,2966.575974964849,491.8711341369283,260.691701092572,1539.0678456316434,1272304.0755097177,6573.538026862609,1077.3533173171984,122454167.64273037
1798,1799.0,30.0,494.0,7949021.51522333,43088.81420674256,541.9278800000001,1077.3474919421503,2966.575974964849,491.8711341369283,260.691701092572,1539.0678456316434,1272304.0755097177,6573.538026862609,1077.3533173171984,122454167.64273037
1799,1800.0,30.0,494.0,6977992.899083514,54701.93854721128,541.9278800000001,1077.34749194215,2964.7656321428567,491.5709714630089,260.5326148753947,1539.0678456316432,1272304.0755097177,6573.538026862609,1077.3533173171984,122454167.64273037
1800,1801.0,30.0,494.0,6026464.790855231,56170.74981415948,541.9278800000001,1077.34749194215,2959.3488243896527,490.6728412969674,260.0566058873927,1539.0678456316432,1272304.0755097177,6573.538026862609,1077.3533173171984,122454167.64273037
1801,1802.0,30.0,494.0,5116926.147432944,35796.320960681885,541.9278800000001,1077.34749194215,2947.685084165765,488.73894269446487,259.0316396280664,1539.0678456316432,1272304.0755097177,6573.538026862609,1077.3533173171984,122454167.64273037
1802,1803.0,30.0,494.0,4261762.888195403,0.0,541.9278800000001,1074.8460423655558,2932.5808107811135,486.2345888054292,257.7043320668775,1535.4943462365084,1272304.0755097177,6573.538026862609,1077.3533173171984,122454167.64273037
1803,1804.0,30.0,494.0,3425648.1521152984,1647.4374813446775,541.9278800000001,1065.6385251662894,2927.289554348492,485.357275591648,257.23935606357344,1522.3407502375562,1272304.0755097177,6573.538026862609,1077.3533173171984,122454167.64273037
1804,1805.0,30.0,494.0,2592700.9831933733,1647.0823472475656,541.9278800000001,1065.6385251662894,2926.4096745823313,485.21138771884847,257.1620354909897,1522.3407502375562,1272304.0755097177,6573.538026862609,1077.3533173171984,122454167.64273037
1805,1806.0,30.0,494.0,1762919.3333968353,0.0,541.9278800000001,1065.6385251662894,2925.5303637141683,485.06559417179886,257.0847649110534,1522.3407502375564,1272304.0755097177,6573.538026862609,1077.3533173171984,122454167.64273037
1806,1807.0,30.0,494.0,929972.1644749101,56170.74981415948,541.9278800000001,1054.7163658707948,2926.4096745823313,485.2113877188484,257.1620354909897,1506.7376655297069,1272304.0755097177,6573.538026862609,1077.3533173171984,122454167.64273037
1807,1808.0,30.0,494.0,989609.4484978132,51018.72860609911,492.5278800000001,976.3539957356617,2678.4695487643235,444.1018419282333,235.37397622196366,1394.7914224795168,1272304.0755097177,6573.538026862609,1077.3533173171984,122454167.64273037
1808,1809.0,30.0,494.0,1052123.6954552066,44370.089318099555,492.5278800000001,976.3539957356617,2677.6703923936316,443.96933834372305,235.30374932217325,1394.7914224795168,1272304.0755097177,6573.538026862609,1077.3533173171984,122454167.64273037
1809,1810.0,30.0,494.0,1111760.9794781096,39218.06811004055,492.5278800000001,976.3539957356617,2678.4695487643235,444.1018419282333,235.37397622196366,1394.7914224795168,1272304.0755097177,6573.538026862609,1077.3533173171984,122454167.64273037
1810,1811.0,30.0,494.0,1171398.2635010127,34066.046901982714,492.5278800000001,976.3539957356618,2678.4695487643235,444.1018419282333,235.37397622196366,1394.791422479517,1272304.0755097177,6573.538026862609,1077.3533173171984,122454167.64273037
1811,1812.0,30.0,494.0,1231035.5475239158,28914.02569391903,492.5278800000001,976.3539957356618,2678.4695487643235,444.1018419282333,235.37397622196366,1394.791422479517,1272304.0755097177,6573.538026862609,1077.3533173171984,122454167.64273037
1812,1813.0,30.0,494.0,1293549.7944813091,22265.386405920643,492.5278800000001,976.3539957356618,2677.6703923936316,443.96933834372305,235.30374932217325,1394.791422479517,1272304.0755097177,6573.538026862609,1077.3533173171984,122454167.64273037
1813,1814.0,30.0,494.0,1364683.780223444,11132.693202960321,492.5278800000001,976.3539957356618,2675.2760205089817,443.57234112390216,235.09334079566815,1394.791422479517,1272304.0755097177,6573.538026862609,1077.3533173171984,122454167.64273037
1814,1815.0,30.0,494.0,1435817.765965579,0.0,492.5278800000001,976.3539957356618,2675.2760205089817,443.57234112390216,235.09334079566815,1394.791422479517,1272304.0755097177,6573.538026862609,1077.3533173171984,122454167.64273037
1815,1816.0,30.0,494.0,1481042.2790081613,0.0,492.5278800000001,976.8100870116278,2682.473096258857,444.7656474276797,235.72579313667026,1395.4429814451828,1272304.0755097177,6573.538026862609,1077.3533173171984,122454167.64273037
1816,1817.0,30.0,494.0,1488574.1806263216,0.0,492.5278800000001,980.6227506043457,2692.943266098974,446.50164689552605,236.6458728546288,1400.889643720494,1272304.0755097177,6573.538026862609,1077.3533173171984,122454167.64273037
1817,1818.0,30.0,494.0,1372426.0792665929,0.0,497.22159540132077,993.1331664837693,2727.2988224817204,452.1979468131733,239.66491181098186,1418.7616664053849,1272304.0755097177,6573.538026862609,1077.3533173171984,122454167.64273037
1818,1819.0,30.0,494.0,1223551.3388424646,7496.287327597849,497.2215954013208,994.9859031764676,2736.3895555551626,453.7052296957643,240.46377173875507,1421.4084331092395,1272304.0755097177,6573.538026862609,1077.3533173171984,122454167.64273037
1819,1820.0,30.0,494.0,1056726.0205761734,24330.602275185287,497.2215954013209,994.9859031764676,2741.3758271779884,454.53197510829773,240.90194680739782,1421.4084331092395,1272304.0755097177,6573.538026862609,1077.3533173171984,122454167.64273037
1820,1821.0,30.0,494.0,886902.0578280435,42724.83497249987,497.2215954013209,994.9859031764676,2742.2087839784995,454.6700829503392,240.97514396367978,1421.4084331092395,1272304.0755097177,6573.538026862609,1077.3533173171984,122454167.64273037
1821,1822.0,30.0,494.0,732051.6431372315,53329.71366919298,497.2215954013209,994.9859031764676,2738.0494650736887,453.9804498769874,240.60963843480334,1421.4084331092395,1272304.0755097177,6573.538026862609,1077.3533173171984,122454167.64273037
1822,1823.0,30.0,494.0,592125.7356068827,56170.74981415948,497.2215954013209,994.9859031764676,2733.903768640227,453.2930754683349,240.2453299982175,1421.4084331092395,1272304.0755097177,6573.538026862609,1077.3533173171984,122454167.64273037
1823,1824.0,30.0,494.0,470044.84124346636,49728.673889017664,497.2215954013209,994.9859031764676,2728.9468205382955,452.4711920224596,239.8097317719036,1421.4084331092395,1272304.0755097177,6573.538026862609,1077.3533173171984,122454167.64273037
1824,1825.0,30.0,494.0,368694.86248682253,32502.217414926738,497.2215954013209,994.9859031764676,2723.1882328697534,451.516393267445,239.30368843174585,1421.4084331092395,1272304.0755097177,6573.538026862609,1077.3533173171984,122454167.64273037
1825,1826.0,30.0,494.0,287981.361788651,29300.0103056853,497.2215954013209,990.1715554136331,2717.4558778535106,450.56594399970015,238.7999503198411,1414.5307934480475,1272304.0755097177,6573.538026862609,1077.3533173171984,122454167.64273037
1826,1827.0,30.0,494.0,227810.5454349909,15411.34198698122,497.2215954013209,990.1715554136331,2711.7495766467014,449.619814566304,238.29850172014113,1414.5307934480475,1272304.0755097177,6573.538026862609,1077.3533173171984,122454167.64273037
1827,1828.0,30.0,494.0,170566.778917009,0.0,497.2215954013209,990.1715554136331,2710.9365072479027,449.48500414152664,238.22705219500912,1414.5307934480475,1272304.0755097177,6573.538026862609,1077.3533173171984,122454167.64273037
1828,1829.0,30.0,494.0,119171.41608699597,0.0,497.2215954013209,986.5833308690086,2709.311950667912,449.21564563049805,238.08429218416398,1409.404758384298,1272304.0755097177,6573.538026862609,1077.3533173171984,122454167.64273037
1829,1830.0,30.0,494.0,73616.87460830621,1517.2515647388063,497.2215954013209,985.6975019822039,2707.6895002925435,448.9466363373103,237.94171725877447,1408.1392885460057,1272304.0755097177,6573.538026862609,1077.3533173171984,122454167.64273037
1830,1831.0,30.0,494.0,33895.58688026845,0.0,497.22159540132066,985.6975019822039,2706.069152028474,448.67797558327237,237.79932705913436,1408.1392885460057,1272304.0755097177,6573.538026862609,1077.3533173171984,122454167.64273037
1831,1832.0,30.0,494.0,0.0,56170.74981415948,497.2215954013206,973.8911123151348,2704.450901792982,448.4096626914517,237.6571212264694,1391.2730175930499,1272304.0755097177,6573.538026862609,1077.3533173171984,122454167.64273037
1832,1833.0,30.0,494.0,99420.02575562985,43451.446098290384,489.85041390670966,973.801328403064,2667.4187871718996,442.2695778354161,234.40287625277054,1391.1447548615201,1272304.0755097177,6573.538026862609,1077.3533173171984,122454167.64273037
1833,1834.0,30.0,494.0,193100.7151711434,33717.78895801492,489.85041390670966,973.801328403064,2669.013047266376,442.5339130580421,234.54297392076234,1391.1447548615201,1272304.0755097177,6573.538026862609,1077.3533173171984,122454167.64273037
1834,1835.0,30.0,494.0,281034.6273134947,26973.649223502725,489.85041390670983,973.801328403064,2670.609374286699,442.7985909859179,234.68325322253648,1391.1447548615201,1272304.0755097177,6573.538026862609,1077.3533173171984,122454167.64273037
1835,1836.0,30.0,494.0,368968.53945584595,20229.509488992393,489.85041390670983,973.801328403064,2670.609374286699,442.7985909859179,234.68325322253648,1391.1447548615201,1272304.0755097177,6573.538026862609,1077.3533173171984,122454167.64273037
1836,1837.0,30.0,494.0,459776.7712555211,11990.126727503724,489.85041390670983,973.801328403064,2669.8109521596643,442.66620914218333,234.6130908453572,1391.1447548615201,1272304.0755097177,6573.538026862609,1077.3533173171984,122454167.64273037
1837,1838.0,30.0,494.0,550585.0030551963,3750.7439660141245,489.85041390670983,973.801328403064,2669.8109521596643,442.66620914218333,234.6130908453572,1391.1447548615201,1272304.0755097177,6573.538026862609,1077.3533173171984,122454167.64273037
1838,1839.0,30.0,494.0,632764.6825114302,0.0,489.85041390670983,973.801328403064,2672.207772255065,443.0636122859409,234.8237145115487,1391.1447548615201,1272304.0755097177,6573.538026862609,1077.3533173171984,122454167.64273037
1839,1840.0,30.0,494.0,683162.1660357881,0.0,489.85041390670983,976.2868333691571,2681.0361600139195,444.52739718010656,235.5995205054565,1394.695476241653,1272304.0755097177,6573.538026862609,1077.3533173171984,122454167.64273037
1840,1841.0,30.0,494.0,704468.6070103943,0.0,489.85041390670983,979.2294355028947,2689.1170051666286,445.86723627527584,236.30963522589622,1398.899193575564,1272304.0755097177,6573.538026862609,1077.3533173171984,122454167.64273037
1841,1842.0,30.0,494.0,693554.6645673383,0.0,489.85041390670983,982.4885751103017,2698.0671116715343,447.35120266425963,237.09613741205763,1403.555107300431,1272304.0755097177,6573.538026862609,1077.3533173171984,122454167.64273037
1842,1843.0,30.0,494.0,647225.2159610689,3957.5104181542993,489.85041390670983,985.3013902112999,2707.9047522724272,448.98232604705106,237.96063280493706,1407.5734145875715,1272304.0755097177,6573.538026862609,1077.3533173171984,122454167.64273037
1843,1844.0,30.0,494.0,586056.6311502494,15634.452765086666,489.85041390670983,985.3013902112999,2712.0267345514685,449.6657685462807,238.32285732952877,1407.5734145875715,1272304.0755097177,6573.538026862609,1077.3533173171984,122454167.64273037
1844,1845.0,30.0,494.0,521914.34856348485,28858.335394910537,489.85041390670983,985.3013902112999,2712.852761711452,449.8027274239355,238.39544553468582,1407.5734145875715,1272304.0755097177,6573.538026862609,1077.3533173171984,122454167.64273037
1845,1846.0,30.0,494.0,457772.0659767259,42082.218024739064,489.85041390670983,985.3013902112999,2712.852761711452,449.8027274239355,238.39544553468582,1407.5734145875715,1272304.0755097177,6573.538026862609,1077.3533173171984,122454167.64273037
1846,1847.0,30.0,494.0,399575.2195180338,52213.23939600494,489.85041390670983,985.3013902112999,2711.2012516758778,449.5288999133334,238.25031695406673,1407.5734145875715,1272304.0755097177,6573.538026862609,1077.3533173171984,122454167.64273037
1847,1848.0,30.0,494.0,353245.77091176435,56170.74981415948,489.85041390670983,985.3013902112999,2707.9047522724272,448.98232604705106,237.96063280493706,1407.5734145875715,1272304.0755097177,6573.538026862609,1077.3533173171984,122454167.64273037
1848,1849.0,30.0,494.0,324658.9643286858,50898.40241264459,489.85041390670983,985.3013902112999,2702.976240599318,448.1651574841296,237.52753346658872,1407.5734145875715,1272304.0755097177,6573.538026862609,1077.3533173171984,122454167.64273037
1849,1850.0,30.0,494.0,319620.5415022866,56170.74981415948,489.85041390670983,980.869078918638,2696.4350228891294,447.08059528147606,236.95271549918232,1401.2415413123401,1272304.0755097177,6573.538026862609,1077.3533173171984,122454167.64273037
1850,1851.0,30.0,494.0,343844.6337655317,54900.908634765074,489.8504139067099,979.1812243070395,2688.30654647534,445.7328587171013,236.2384151200637,1398.830320438628,1272304.0755097177,6573.538026862609,1077.3533173171984,122454167.64273037
1851,1852.0,30.0,494.0,376810.26155037805,49083.65394815337,489.8504139067099,979.1812243070395,2685.8783421637836,445.3302519344938,236.0250335252817,1398.830320438628,1272304.0755097177,6573.538026862609,1077.3533173171984,122454167.64273037
1852,1853.0,30.0,494.0,409775.8893352244,43266.399261541665,489.8504139067099,979.1812243070395,2685.8783421637836,445.3302519344938,236.0250335252817,1398.830320438628,1272304.0755097177,6573.538026862609,1077.3533173171984,122454167.64273037
1853,1854.0,30.0,494.0,439829.5731410589,38963.96006125864,489.8504139067099,979.1812243070395,2686.687215491287,445.46436663249233,236.09611431522094,1398.830320438628,1272304.0755097177,6573.538026862609,1077.3533173171984,122454167.64273037
1854,1855.0,30.0,494.0,469883.2569468934,34661.52086095698,489.8504139067099,979.1812243070395,2686.687215491287,445.46436663249233,236.09611431522094,1398.830320438628,1272304.0755097177,6573.538026862609,1077.3533173171984,122454167.64273037
1855,1856.0,30.0,494.0,499936.9407527279,30359.081660673954,489.8504139067099,979.1812243070395,2686.687215491287,445.46436663249233,236.09611431522094,1398.830320438628,1272304.0755097177,6573.538026862609,1077.3533173171984,122454167.64273037
1856,1857.0,30.0,494.0,529990.6245585624,26056.642460390925,489.8504139067099,979.1812243070395,2686.687215491287,445.46436663249233,236.09611431522094,1398.830320438628,1272304.0755097177,6573.538026862609,1077.3533173171984,122454167.64273037
1857,1858.0,30.0,494.0,562956.2523434088,20239.387773776427,489.8504139067099,979.1812243070395,2685.8783421637836,445.3302519344938,236.0250335252817,1398.830320438628,1272304.0755097177,6573.538026862609,1077.3533173171984,122454167.64273037
1858,1859.0,30.0,494.0,595921.8801282542,14422.133087165654,489.85041390670995,979.1812243070395,2685.8783421637845,445.3302519344939,236.02503352528177,1398.830320438628,1272304.0755097177,6573.538026862609,1077.3533173171984,122454167.64273037
1859,1860.0,30.0,494.0,628887.5079130959,8604.878400558606,489.8504139067103,979.1812243070395,2685.8783421637863,445.3302519344942,236.02503352528194,1398.830320438628,1272304.0755097177,6573.538026862609,1077.3533173171984,122454167.64273037
1860,1861.0,30.0,494.0,658941.1917189248,4302.439200279303,489.8504139067103,979.1812243070395,2686.687215491289,445.4643666324926,236.0961143152211,1398.830320438628,1272304.0755097177,6573.538026862609,1077.3533173171984,122454167.64273037
1861,1862.0,30.0,494.0,688994.8755247537,0.0,489.8504139067103,979.1812243070395,2686.687215491289,445.4643666324926,236.0961143152211,1398.830320438628,1272304.0755097177,6573.538026862609,1077.3533173171984,122454167.64273037
1862,1863.0,30.0,494.0,710301.3164993506,0.0,489.8504139067103,979.2294355028953,2689.1170051666304,445.8672362752762,236.3096352258964,1398.8991935755648,1272304.0755097177,6573.538026862609,1077.3533173171984,122454167.64273037
1863,1864.0,30.0,494.0,705262.8936729451,0.0,489.8504139067103,981.8942575800444,2696.4350228891317,447.0805952814764,236.95271549918252,1402.7060822572064,1272304.0755097177,6573.538026862609,1077.3533173171984,122454167.64273037
1864,1865.0,30.0,494.0,667813.5141167343,0.0,489.85041390671023,985.1726739608423,2705.4380664251885,448.5733388593033,237.74386959543077,1407.3895342297749,1272304.0755097177,6573.538026862609,1077.3533173171984,122454167.64273037
1865,1866.0,30.0,494.0,582104.5754602142,6508.19582827145,490.6974884759999,988.7887174733315,2718.843499508608,450.796017674875,238.92188936768378,1412.5553106761881,1272304.0755097177,6573.538026862609,1077.3533173171984,122454167.64273037
1866,1867.0,30.0,494.0,481452.2105890792,20790.076044657588,490.6974884759999,988.7887174733315,2722.9944512348893,451.4842634338187,239.28665961992388,1412.555310676188,1272304.0755097177,6573.538026862609,1077.3533173171984,122454167.64273037
1867,1868.0,30.0,494.0,377805.2330485936,36629.77663114212,490.6974884759999,988.7887174733315,2723.826288087487,451.62218558364964,239.35975835933436,1412.555310676188,1272304.0755097177,6573.538026862609,1077.3533173171984,122454167.64273037
1868,1869.0,30.0,494.0,280145.5024273265,49354.86566634531,490.6974884759999,988.7887174733316,2722.16316394326,451.3464324035743,239.21360917389438,1412.5553106761881,1272304.0755097177,6573.538026862609,1077.3533173171984,122454167.64273037
1869,1870.0,30.0,494.0,194436.56377080642,55863.06149461326,490.6974884759999,988.7887174733316,2718.843499508608,450.796017674875,238.92188936768378,1412.5553106761881,1272304.0755097177,6573.538026862609,1077.3533173171984,122454167.64273037
1870,1871.0,30.0,494.0,120646.91869808733,56170.74981415948,490.6974884759999,988.7887174733316,2715.532584624218,450.2470536594717,238.63093843952007,1412.5553106761881,1272304.0755097177,6573.538026862609,1077.3533173171984,122454167.64273037
1871,1872.0,30.0,494.0,61712.28540730104,48750.74760838784,490.6974884759999,988.7887174733316,2711.4061924625707,449.5628799826229,238.26832639079015,1412.5553106761881,1272304.0755097177,6573.538026862609,1077.3533173171984,122454167.64273037
1872,1873.0,30.0,494.0,20539.297155942768,32091.0020688409,490.6974884759999,988.7887174733316,2706.4724021738407,448.74483620238897,237.83476318726616,1412.5553106761881,1272304.0755097177,6573.538026862609,1077.3533173171984,122454167.64273037
1873,1874.0,30.0,494.0,0.0,30545.009155762014,490.6974884759999,983.7628037595209,2700.7408213140025,447.794515293126,237.3310931053568,1405.3754339421728,1272304.0755097177,6573.538026862609,1077.3533173171984,122454167.64273037
1874,1875.0,30.0,494.0,0.0,18314.317074572566,490.6974884759999,983.7628037595208,2695.0354609929077,446.8485418626529,236.82972718720603,1405.3754339421728,1272304.0755097177,6573.538026862609,1077.3533173171984,122454167.64273037
1875,1876.0,30.0,494.0,11694.60923124291,0.0,490.6974884759999,983.7628037595208,2691.7869584286736,446.3099260800129,236.54426082240684,1405.3754339421728,1272304.0755097177,6573.538026862609,1077.3533173171984,122454167.64273037
1876,1877.0,30.0,494.0,35053.33603664301,0.0,490.6974884759999,979.0218437449022,2688.5469257691857,445.77271464423234,236.25953876144314,1398.602633921289,1272304.0755097177,6573.538026862609,1077.3533173171984,122454167.64273037
1877,1878.0,30.0,494.0,72949.5122951623,6527.652086419985,490.6974884759999,976.2820934713146,2684.5087453655415,445.1031668585857,235.90467843505047,1394.688704959021,1272304.0755097177,6573.538026862609,1077.3533173171984,122454167.64273037
1878,1879.0,30.0,494.0,122441.63440548442,7023.004622589854,490.6974884759999,976.2820934713147,2681.287649295596,444.56909519129704,235.62162045138746,1394.6887049590212,1272304.0755097177,6573.538026862609,1077.3533173171984,122454167.64273037
1879,1880.0,30.0,494.0,186386.3648090884,0.0,490.6974884759999,976.2820934713147,2677.2730358807958,443.903454914384,235.26883110462353,1394.6887049590212,1272304.0755097177,6573.538026862609,1077.3533173171984,122454167.64273037
1880,1881.0,30.0,494.0,1158766.9279552307,56170.74981415948,441.2974884759999,872.1047861244214,2424.9297490078684,402.0638459667327,213.09383836236833,1245.863980177745,1272304.0755097177,6573.538026862609,1077.3533173171984,122454167.64273037
1881,1882.0,30.0,494.0,2884141.4784459095,53889.689592836425,400.3378125032786,807.3039563647778,2215.7647525232746,367.3833844141366,194.7131937394924,1153.291366235397,1272304.0755097177,6573.538026862609,1077.3533173171984,122454167.64273037
1882,1883.0,30.0,494.0,4618860.8083981685,46747.40376183111,400.3378125032786,807.3039563647778,2213.1689804506136,366.95299417160925,194.4850869109529,1153.291366235397,1272304.0755097177,6573.538026862609,1077.3533173171984,122454167.64273037
1883,1884.0,30.0,494.0,6360572.8934225505,35967.433362816926,400.3378125032786,807.3039563647778,2211.226548486135,366.6309305462665,194.31439318952124,1153.291366235397,1272304.0755097177,6573.538026862609,1077.3533173171984,122454167.64273037
1884,1885.0,30.0,494.0,8106939.299168217,22766.249795646407,400.3378125032786,807.3039563647778,2209.933681619118,366.4165676249949,194.2007808412473,1153.291366235397,1272304.0755097177,6573.538026862609,1077.3533173171984,122454167.64273037
1885,1886.0,30.0,494.0,9855630.614837341,8355.63033898687,400.3378125032799,807.3039563647778,2209.2878733070397,366.30948981219734,194.1440296004646,1153.291366235397,1272304.0755097177,6573.538026862609,1077.3533173171984,122454167.64273037
1886,1887.0,30.0,494.0,11592682.368286964,0.0,400.3378125032799,807.3039563647778,2212.5210850346793,366.8455703079607,194.42815226321918,1153.291366235397,1272304.0755097177,6573.538026862609,1077.3533173171984,122454167.64273037
1887,1888.0,30.0,494.0,12580214.541261377,0.0,440.46028,881.4942685424014,2420.7209685000153,401.36601194555755,212.7239863311455,1259.277526489145,1272304.0755097177,6573.538026862609,1077.3533173171984,122454167.64273037
1888,1889.0,30.0,494.0,12636228.213389497,0.0,489.86028,975.7187475557785,2679.476107623985,444.26873374292325,235.46242888374934,1393.8839250796836,1272304.0755097177,6573.538026862609,1077.3533173171984,122454167.64273037
1889,1890.0,30.0,494.0,11743157.078468265,0.0,539.26028,1071.7200845152609,2943.1107762488055,487.9805026470856,258.62966640295537,1531.0286921646584,1272304.0755097177,6573.538026862609,1077.3533173171984,122454167.64273037
1890,1891.0,30.0,494.0,10814522.564967323,0.0,539.26028,1075.3173730453161,2952.9894925209474,489.61843655392,259.4977713735776,1536.167675779023,1272304.0755097177,6573.538026862609,1077.3533173171984,122454167.64273037
1891,1892.0,30.0,494.0,9859862.086001638,3068.335363952299,539.26028,1077.3533173171984,2960.2189273722643,490.8171081367466,260.1330673124757,1539.0761675959977,1272304.0755097177,6573.538026862609,1077.3533173171984,122454167.64273037
1892,1893.0,30.0,494.0,8888865.687911574,14634.740557333454,539.26028,1077.3533173171984,2964.7566826845923,491.569487604101,260.5318284301735,1539.0761675959977,1272304.0755097177,6573.538026862609,1077.3533173171984,122454167.64273037
1893,1894.0,30.0,494.0,7911319.837612586,29608.22078531608,539.26028,1077.3533173171984,2966.575974964849,491.87113413692816,260.6917010925719,1539.0761675959977,1272304.0755097177,6573.538026862609,1077.3533173171984,122454167.64273037
1894,1895.0,30.0,494.0,6933773.987313598,44581.70101329684,539.26028,1077.3533173171984,2966.575974964849,491.87113413692816,260.6917010925719,1539.0761675959977,1272304.0755097177,6573.538026862609,1077.3533173171984,122454167.64273037
1895,1896.0,30.0,494.0,5962734.061205063,56170.74981415948,539.4403674271902,1077.3533173171984,2964.768773800834,491.5714923634967,260.53289095265325,1539.0761675959977,1272304.0755097177,6573.538026862609,1077.3533173171984,122454167.64273037
1896,1897.0,30.0,494.0,5013971.8720108345,56170.74981415948,539.4714092468131,1077.3533173171984,2958.580513546861,490.5454520344631,259.98908957826546,1539.0761675959977,1272304.0755097177,6573.538026862609,1077.3533173171984,122454167.64273037
1897,1898.0,30.0,494.0,4110593.9835539553,32561.490127618425,539.4714092468131,1077.3533173171984,2945.973763342041,488.4551982963638,258.8812550970728,1539.0761675959977,1272304.0755097177,6573.538026862609,1077.3533173171984,122454167.64273037
1898,1899.0,30.0,494.0,3264959.963792786,0.0,539.4714092468131,1073.2531507640654,2929.933799815454,485.79570293271297,257.4717225543379,1533.2187868058077,1272304.0755097177,6573.538026862609,1077.3533173171984,122454167.64273037
1899,1900.0,30.0,494.0,2432066.206638604,8663.416307579726,539.4714092468131,1063.9485002619324,2926.3948379801805,485.20892774600827,257.1607317053844,1519.9264289456178,1272304.0755097177,6573.538026862609,1077.3533173171984,122454167.64273037
1900,1901.0,30.0,494.0,1608705.9390885197,12367.438548813108,539.4714092468131,1063.9485002619324,2923.7466464234867,484.7698461261896,256.9280184468805,1519.9264289456178,1272304.0755097177,6573.538026862609,1077.3533173171984,122454167.64273037
1901,1902.0,30.0,494.0,798028.1510672227,9473.938126928173,539.4714092468132,1063.9485002619324,2920.2237354432677,484.18573224071116,256.6184380875769,1519.9264289456178,1272304.0755097177,6573.538026862609,1077.3533173171984,122454167.64273037
1902,1903.0,30.0,494.0,0.0,0.0,539.4714092468132,1063.9485002619324,2916.70994740047,483.6031309777355,256.30965941819983,1519.9264289456178,1272304.0755097177,6573.538026862609,1077.3533173171984,122454167.64273037
1903,1904.0,30.0,494.0,0.0,0.0,495.9888438023999,981.3846136326232,2695.0354609929077,446.8485418626529,236.82972718720603,1401.978019475176,1272304.0755097177,6573.538026862609,1077.3533173171984,122454167.64273037
1904,1905.0,30.0,494.0,902713.5440930184,56170.74981415948,446.5888438023999,879.1517085083909,2444.281698744847,405.27248297627403,214.79441597742525,1255.9310121548442,1272304.0755097177,6573.538026862609,1077.3533173171984,122454167.64273037
1905,1906.0,30.0,494.0,2705812.008766357,52994.80042721046,397.1888438023999,799.6160733062568,2194.174776361425,363.8036729385712,192.81594665744274,1142.3086761517955,1272304.0755097177,6573.538026862609,1077.3533173171984,122454167.64273037
1906,1907.0,30.0,494.0,4515825.883249336,46221.40206821184,397.1888438023999,799.6160733062568,2192.25382919208,363.4851715852343,192.6471409401742,1142.3086761517955,1272304.0755097177,6573.538026862609,1077.3533173171984,122454167.64273037
1907,1908.0,30.0,494.0,6330442.6100422,37053.56480154491,397.1888438023999,799.6160733062569,2190.975259106001,363.27317913210976,192.5347849400182,1142.3086761517957,1272304.0755097177,6573.538026862609,1077.3533173171984,122454167.64273037
1908,1909.0,30.0,494.0,8154247.282839148,23106.087886982357,397.1888438023999,799.616073306257,2188.4230518826444,362.8500121301186,192.31050642896287,1142.308676151796,1272304.0755097177,6573.538026862609,1077.3533173171984,122454167.64273037
1909,1910.0,30.0,494.0,9982637.072154243,6773.3983589980335,397.1888438023999,799.616073306257,2187.1494084053816,362.638836530055,192.19858336092918,1142.308676151796,1272304.0755097177,6573.538026862609,1077.3533173171984,122454167.64273037
1910,1911.0,30.0,494.0,11792650.94663722,0.0,397.1888438023999,799.616073306257,2192.25382919208,363.4851715852343,192.6471409401742,1142.3086761517957,1272304.0755097177,6573.538026862609,1077.3533173171984,122454167.64273037
1911,1912.0,30.0,494.0,12865956.685439838,0.0,435.72082609760923,872.8181450451873,2396.8949779921804,397.4155596153545,210.63024659613788,1246.8830643502677,1272304.0755097177,6573.538026862609,1077.3533173171984,122454167.64273037
1912,1913.0,30.0,494.0,12993743.74988648,0.0,485.12082609760915,968.4587623895244,2659.539054202174,440.9630840104734,233.7104345255509,1383.5125176993206,1272304.0755097177,6573.538026862609,1077.3533173171984,122454167.64273037
1913,1914.0,30.0,494.0,12177670.838700637,0.0,534.5208260976092,1063.9315998959742,2921.7223807667538,484.43421412054596,256.7501334838894,1519.9022855656774,1272304.0755097177,6573.538026862609,1077.3533173171984,122454167.64273037
1914,1915.0,30.0,494.0,11252348.494257022,0.0,538.54892,1074.9823422289155,2952.0694455605785,489.4658887865024,259.41692105684626,1535.6890603270222,1272304.0755097177,6573.538026862609,1077.3533173171984,122454167.64273037
1915,1916.0,30.0,494.0,10297718.174470183,4084.7960827716506,538.54892,1077.1526215317226,2960.2105498225856,490.81571910275704,260.13233112446125,1538.7894593310325,1272304.0755097177,6573.538026862609,1077.3533173171984,122454167.64273037
1916,1917.0,30.0,494.0,9326730.421729075,16678.85365350542,538.54892,1077.1526215317226,2964.754281198771,491.5690894273597,260.5316173965007,1538.7894593310325,1272304.0755097177,6573.538026862609,1077.3533173171984,122454167.64273037
1917,1918.0,30.0,494.0,8349184.571430087,32684.483635362732,538.54892,1077.1526215317226,2966.5759749648487,491.8711341369281,260.6917010925719,1538.7894593310325,1272304.0755097177,6573.538026862609,1077.3533173171984,122454167.64273037
1918,1919.0,30.0,494.0,7374918.852362366,46983.76431169007,538.54892,1077.1526215317228,2965.664827400608,491.72006192789945,260.61163282178666,1538.7894593310327,1272304.0755097177,6573.538026862609,1077.3533173171984,122454167.64273037
1919,1920.0,30.0,494.0,6410480.546127966,56170.74981415948,538.54892,1077.1526215317228,2962.9349905024637,491.26744315715825,260.3717448732939,1538.7894593310327,1272304.0755097177,6573.538026862609,1077.3533173171984,122454167.64273037
1920,1921.0,30.0,494.0,5468897.422209885,53468.295009682886,538.54892,1077.1526215317228,2956.58632874793,490.2148075652143,259.81384800956357,1538.7894593310327,1272304.0755097177,6573.538026862609,1077.3533173171984,122454167.64273037
1921,1922.0,30.0,494.0,4579161.451399531,23794.55538114067,538.54892,1077.1526215317228,2942.1843417735618,487.82689580206056,258.54825477509206,1538.7894593310327,1272304.0755097177,6573.538026862609,1077.3533173171984,122454167.64273037
1922,1923.0,30.0,494.0,3750293.030664414,23573.051632438885,538.54892,1065.2689548526153,2925.2766889748846,485.02353380227976,257.0624729152083,1521.8127926465932,1272304.0755097177,6573.538026862609,1077.3533173171984,122454167.64273037
1923,1924.0,30.0,494.0,2937317.543149134,15083.922703399758,538.54892,1065.2689548526153,2920.8619853027076,484.291556829353,256.67452511955713,1521.8127926465934,1272304.0755097177,6573.538026862609,1077.3533173171984,122454167.64273037
1924,1925.0,30.0,494.0,2137019.2893942613,0.0,538.54892,1065.2689548526153,2917.3405314803726,483.70768454695735,256.3650728098874,1521.8127926465932,1272304.0755097177,6573.538026862609,1077.3533173171984,122454167.64273037
1925,1926.0,30.0,494.0,1349365.4191422611,0.0,538.54892,1061.0569717231374,2913.828202729574,483.1253252409102,256.0564223776824,1515.7956738901964,1272304.0755097177,6573.538026862609,1077.3533173171984,122454167.64273037
1926,1927.0,30.0,494.0,571173.3552726302,0.0,538.54892,1060.099895963403,2911.1999231789164,482.6895451178589,255.82545891246525,1514.4284228048616,1272304.0755097177,6573.538026862609,1077.3533173171984,122454167.64273037
1927,1928.0,30.0,494.0,364363.91876155883,0.0,507.4383934426179,1002.3036951029345,2752.4825266904277,456.3735139503179,241.8779623936685,1431.8624215756208,1272304.0755097177,6573.538026862609,1077.3533173171984,122454167.64273037
1928,1929.0,30.0,494.0,1057866.5166997258,56170.74981415948,458.03839344261786,900.3137062437308,2502.395850454528,414.90806081148685,219.90127223008804,1286.162437491044,1272304.0755097177,6573.538026862609,1077.3533173171984,122454167.64273037
1929,1930.0,30.0,494.0,2647560.491971545,52571.08572272863,408.6383934426178,821.2846431357888,2253.45380119518,373.63239177859873,198.02516764265735,1173.2637759082697,1272304.0755097177,6573.538026862609,1077.3533173171984,122454167.64273037
1930,1931.0,30.0,494.0,4244383.002011489,45263.10342894867,408.6383934426178,821.2846431357888,2251.473652648479,373.3040745807097,197.85115952777616,1173.2637759082697,1272304.0755097177,6573.538026862609,1077.3533173171984,122454167.64273037
1931,1932.0,30.0,494.0,5845950.211568475,35486.89222753886,408.6383934426178,821.2846431357888,2250.1556805604114,373.0855491051482,197.73534102572853,1173.2637759082697,1272304.0755097177,6573.538026862609,1077.3533173171984,122454167.64273037
1932,1933.0,30.0,494.0,7452256.008854963,23245.631517041475,408.6383934426178,821.2846431357888,2248.839406191109,372.86730511870456,197.61967171291343,1173.2637759082697,1272304.0755097177,6573.538026862609,1077.3533173171984,122454167.64273037
1933,1934.0,30.0,494.0,9063294.293884933,8542.494556733407,408.6383934426178,821.2846431357888,2247.5248262623604,372.6493420778373,197.50415130125376,1173.2637759082697,1272304.0755097177,6573.538026862609,1077.3533173171984,122454167.64273037
1934,1935.0,30.0,494.0,10662489.918395627,0.0,408.6383934426178,821.2846431357888,2250.8144541843812,373.19477662276313,197.79323161006448,1173.2637759082697,1272304.0755097177,6573.538026862609,1077.3533173171984,122454167.64273037
1935,1936.0,30.0,494.0,12216333.13992764,0.0,408.6383934426178,824.2110654053937,2263.4123439006817,375.2835612535232,198.9002874643673,1177.4443791505626,1272304.0755097177,6573.538026862609,1077.3533173171984,122454167.64273037
1936,1937.0,30.0,494.0,12828968.50275681,0.0,458.03839344261803,919.4156373478735,2524.858971318139,418.63254345702916,221.87524803222547,1313.4509104969623,1272304.0755097177,6573.538026862609,1077.3533173171984,122454167.64273037
1937,1938.0,30.0,494.0,12486851.13810853,0.0,507.43839344261806,1015.9902928715516,2790.068062284097,462.60535839846864,245.1808399511884,1451.4147041022165,1272304.0755097177,6573.538026862609,1077.3533173171984,122454167.64273037
1938,1939.0,30.0,494.0,11551848.685306748,0.0,537.65972,1075.961499557527,2954.7583645489576,489.91172319073735,259.6532132910908,1537.0878565107532,1272304.0755097177,6573.538026862609,1077.3533173171984,122454167.64273037
1939,1940.0,30.0,494.0,10590708.90700021,7478.041712291478,537.65972,1077.1512651616829,2962.018732744724,491.11552365593377,260.2912275376449,1538.787521659547,1272304.0755097177,6573.538026862609,1077.3533173171984,122454167.64273037
1940,1941.0,30.0,494.0,9613163.056701222,23490.647311498316,537.65972,1077.1512651616829,2966.5759749648487,491.87113413692805,260.6917010925719,1538.787521659547,1272304.0755097177,6573.538026862609,1077.3533173171984,122454167.64273037
1941,1942.0,30.0,494.0,8635617.206402235,39503.25291070398,537.65972,1077.1512651616829,2966.5759749648487,491.87113413692805,260.6917010925719,1538.787521659547,1272304.0755097177,6573.538026862609,1077.3533173171984,122454167.64273037
1942,1943.0,30.0,494.0,7664640.292496502,52098.647653885375,537.65972,1077.1512651616829,2964.751270411167,491.56859022574616,260.5313528196455,1538.787521659547,1272304.0755097177,6573.538026862609,1077.3533173171984,122454167.64273037
1943,1944.0,30.0,494.0,6710047.7836500965,56170.74981415948,537.65972,1077.1512651616829,2960.200046783576,490.81397765343866,260.1314081563225,1538.787521659547,1272304.0755097177,6573.538026862609,1077.3533173171984,122454167.64273037
1944,1945.0,30.0,494.0,5784811.353541518,44971.59572415147,537.65972,1077.1512651616829,2952.0455804675125,489.4619318507988,259.4148238809234,1538.787521659547,1272304.0755097177,6573.538026862609,1077.3533173171984,122454167.64273037
1945,1946.0,30.0,494.0,4904895.945379743,10196.100057487376,537.65972,1077.1512651616829,2939.4564077045115,487.37459252861726,258.30853404016716,1538.787521659547,1272304.0755097177,6573.538026862609,1077.3533173171984,122454167.64273037
1946,1947.0,30.0,494.0,4073079.8241022583,13861.501555696643,537.65972,1064.811332006403,2926.0954946810975,485.15929533164956,257.13442652577424,1521.1590457234329,1272304.0755097177,6573.538026862609,1077.3533173171984,122454167.64273037
1947,1948.0,30.0,494.0,3254010.8560787793,10895.736625239806,537.65972,1064.8113320064028,2922.554618777207,484.57220278408545,256.8232674755653,1521.1590457234327,1272304.0755097177,6573.538026862609,1077.3533173171984,122454167.64273037
1948,1949.0,30.0,494.0,2438123.491695391,6274.877194300773,537.65972,1064.8113320064028,2921.670839988293,484.42566843644084,256.74560427131365,1521.1590457234327,1272304.0755097177,6573.538026862609,1077.3533173171984,122454167.64273037
1949,1950.0,30.0,494.0,1625415.6611302607,0.0,537.65972,1064.8113320064028,2920.7876361498884,484.2792294180789,256.66799159158177,1521.1590457234329,1272304.0755097177,6573.538026862609,1077.3533173171984,122454167.64273037
1950,1951.0,30.0,494.0,812707.8305651303,0.0,537.65972,1063.5912169964001,2920.7876361498884,484.27922941807884,256.6679915915818,1519.4160242805717,1272304.0755097177,6573.538026862609,1077.3533173171984,122454167.64273037
1951,1952.0,30.0,494.0,0.0,0.0,537.65972,1063.5912169964001,2920.7876361498884,484.27922941807884,256.6679915915818,1519.4160242805717,1272304.0755097177,6573.538026862609,1077.3533173171984,122454167.64273037
1952,1953.0,30.0,494.0,87988.25590680912,0.0,488.25972,972.4844709466942,2670.594278796572,442.7960880883309,234.6819266868154,1389.2635299238489,1272304.0755097177,6573.538026862609,1077.3533173171984,122454167.64273037
1953,1954.0,30.0,494.0,1076087.0230212063,56170.74981415948,438.85972000000004,870.5148664625043,2420.5635812389082,401.3399164565923,212.7101557219939,1243.5926663750063,1272304.0755097177,6573.538026862609,1077.3533173171984,122454167.64273037
1954,1955.0,30.0,494.0,2908069.4643727653,49613.35673718806,392.6518295353533,797.351919132499,2186.1514495063634,362.47337062605516,192.11088643180923,1139.0741701892844,1272304.0755097177,6573.538026862609,1077.3533173171984,122454167.64273037
1955,1956.0,30.0,494.0,4744679.345760309,40648.734029736836,392.6518295353533,797.351919132499,2184.866049496368,362.2602457419895,191.99793024325444,1139.0741701892844,1272304.0755097177,6573.538026862609,1077.3533173171984,122454167.64273037
1956,1957.0,30.0,494.0,6585910.661962544,29280.005653767847,392.6518295353533,797.351919132499,2183.582317603398,362.0473974389454,191.88512064264106,1139.0741701892844,1272304.0755097177,6573.538026862609,1077.3533173171984,122454167.64273037
1957,1958.0,30.0,494.0,8431757.419440432,15510.289494037628,392.6518295353533,797.351919132499,2182.3002505823833,361.83482517887586,191.77245734480422,1139.0741701892844,1272304.0755097177,6573.538026862609,1077.3533173171984,122454167.64273037
1958,1959.0,30.0,494.0,10275297.204743925,2940.677869803738,392.6518295353533,797.351919132499,2182.9410761863846,361.94107683711223,191.8287707236695,1139.0741701892844,1272304.0755097177,6573.538026862609,1077.3533173171984,122454167.64273037
1959,1960.0,30.0,494.0,12100327.200621853,0.0,392.6518295353533,797.351919132499,2188.0826843601503,362.793577721991,192.28059619265525,1139.0741701892844,1272304.0755097177,6573.538026862609,1077.3533173171984,122454167.64273037
1960,1961.0,30.0,494.0,12993743.74988648,0.0,442.0518295353533,891.0142035764529,2446.864197308289,405.70067241353337,215.0213563791727,1272.877433680647,1272304.0755097177,6573.538026862609,1077.3533173171984,122454167.64273037
1961,1962.0,30.0,494.0,12944649.214025911,0.0,491.4518295353533,986.3505988059322,2708.672832065288,449.109677000477,238.02812881025284,1409.0722840084748,1272304.0755097177,6573.538026862609,1077.3533173171984,122454167.64273037
1962,1963.0,30.0,494.0,12016175.737283463,0.0,537.48188,1075.3010839381677,2952.944760088032,489.6110197229687,259.49384045317345,1536.144405625954,1272304.0755097177,6573.538026862609,1077.3533173171984,122454167.64273037
1963,1964.0,30.0,494.0,11061590.805603346,4070.6418245537343,537.48188,1077.1507826742338,2960.1979420151624,490.8136286737276,260.1312231970756,1538.7868323917628,1272304.0755097177,6573.538026862609,1077.3533173171984,122454167.64273037
1964,1965.0,30.0,494.0,10090616.063765416,16667.38800550853,537.48188,1077.1507826742338,2964.750667058999,491.56849018734584,260.5312997992933,1538.7868323917628,1272304.0755097177,6573.538026862609,1077.3533173171984,122454167.64273037
1965,1966.0,30.0,494.0,9113070.213466428,32682.47496873794,537.48188,1077.1507826742338,2966.575974964849,491.87113413692816,260.691701092572,1538.7868323917628,1272304.0755097177,6573.538026862609,1077.3533173171984,122454167.64273037
1966,1967.0,30.0,494.0,8138811.004150318,46987.82620395814,537.48188,1077.150782674234,2965.6630191362715,491.7197621098474,260.61147391821913,1538.786832391763,1272304.0755097177,6573.538026862609,1077.3533173171984,122454167.64273037
1967,1968.0,30.0,494.0,7174398.685373168,56170.74981415948,537.48188,1077.150782674234,2962.927771764338,491.2662462591387,260.37111051734354,1538.786832391763,1272304.0755097177,6573.538026862609,1077.3533173171984,122454167.64273037
1968,1969.0,30.0,494.0,6229621.695235645,55139.225578919984,537.48188,1077.150782674234,2957.4735138088863,490.3619066875035,259.8918105443769,1538.786832391763,1272304.0755097177,6573.538026862609,1077.3533173171984,122454167.64273037
1969,1970.0,30.0,494.0,5320641.719242381,35485.82132782228,537.48188,1077.150782674234,2947.5298987688143,488.7132122841049,259.0180025105756,1538.786832391763,1272304.0755097177,6573.538026862609,1077.3533173171984,122454167.64273037
1970,1971.0,30.0,494.0,4469683.766339995,0.0,537.48188,1074.3602944592078,2931.4126701324594,486.04090603089935,257.60168019637666,1534.8004206560113,1272304.0755097177,6573.538026862609,1077.3533173171984,122454167.64273037
1971,1972.0,30.0,494.0,3631527.055557709,7738.13870586548,537.48188,1064.6607709224384,2927.8567695435427,485.45132232554033,257.2892008325364,1520.9439584606264,1272304.0755097177,6573.538026862609,1077.3533173171984,122454167.64273037
1972,1973.0,30.0,494.0,2806138.2207604367,8834.330860206008,537.48188,1064.6607709224386,2924.310137325483,484.86327535617727,256.97753593877394,1520.9439584606266,1272304.0755097177,6573.538026862609,1077.3533173171984,122454167.64273037
1973,1974.0,30.0,494.0,1999838.923244521,0.0,537.48188,1064.6607709224386,2919.007488080662,483.98407316483224,256.5115587773611,1520.9439584606264,1272304.0755097177,6573.538026862609,1077.3533173171984,122454167.64273037
1974,1975.0,30.0,494.0,1215716.8205138594,0.0,537.48188,1060.6997281961521,2912.8471561958695,482.9626634802653,255.97021164454063,1515.2853259945032,1272304.0755097177,6573.538026862609,1077.3533173171984,122454167.64273037
1975,1976.0,30.0,494.0,963574.2086669654,0.0,509.12388053183264,1006.8892130761781,2765.0750753948223,458.4614130181913,242.9845488996414,1438.4131615373974,1272304.0755097177,6573.538026862609,1077.3533173171984,122454167.64273037
1976,1977.0,30.0,494.0,1615930.9242626764,56170.74981415948,459.72388053183266,904.4756733154973,2513.825262216321,416.80310674094693,220.9056465727019,1292.1081047364248,1272304.0755097177,6573.538026862609,1077.3533173171984,122454167.64273037
1977,1978.0,30.0,494.0,3170449.969415496,49704.96373805124,410.3238805318332,825.3999410244894,2263.2246151171244,375.25243500883647,198.88379055468334,1179.1427728921278,1272304.0755097177,6573.538026862609,1077.3533173171984,122454167.64273037
1978,1979.0,30.0,494.0,4732136.1976501765,39510.754311766475,410.3238805318332,825.3999410244894,2261.2337309277186,374.92233779492983,198.70883903131283,1179.1427728921278,1272304.0755097177,6573.538026862609,1077.3533173171984,122454167.64273037
1979,1980.0,30.0,494.0,6298592.844466216,26834.9367242679,410.3238805318332,825.3999410244894,2259.908614655119,374.7026277826573,198.59239272480838,1179.1427728921278,1272304.0755097177,6573.538026862609,1077.3533173171984,122454167.64273037
1980,1981.0,30.0,494.0,7865049.491282255,14159.119136769325,410.3238805318332,825.3999410244894,2259.908614655119,374.7026277826573,198.59239272480838,1179.1427728921278,1272304.0755097177,6573.538026862609,1077.3533173171984,122454167.64273037
1981,1982.0,30.0,494.0,9431506.138098298,1483.3015492698178,410.3238805318332,825.3999410244894,2259.908614655119,374.7026277826573,198.59239272480838,1179.1427728921278,1272304.0755097177,6573.538026862609,1077.3533173171984,122454167.64273037
1982,1983.0,30.0,494.0,10976447.30663883,0.0,410.3238805318332,825.3999410244894,2265.8851363983154,375.6935609503322,199.1175873036761,1179.1427728921278,1272304.0755097177,6573.538026862609,1077.3533173171984,122454167.64273037
1983,1984.0,30.0,494.0,12458523.171934148,0.0,410.3238805318332,831.4704400130113,2283.3477206330963,378.58893298361545,200.6521344813162,1187.814914304302,1272304.0755097177,6573.538026862609,1077.3533173171984,122454167.64273037
1984,1985.0,30.0,494.0,12993743.74988648,0.0,459.7238805318332,927.246257744919,2546.363078228371,422.1980174390878,223.76494924271654,1324.6375110641702,1272304.0755097177,6573.538026862609,1077.3533173171984,122454167.64273037
1985,1986.0,30.0,494.0,12577675.680816026,0.0,509.1238805318332,1023.4705163888741,2810.609924623591,466.0112880667054,246.98598267535388,1462.1007376983916,1272304.0755097177,6573.538026862609,1077.3533173171984,122454167.64273037
1986,1987.0,30.0,494.0,12120808.841771973,3763.6528063574806,509.3172804455819,1026.8655511502977,2821.942916282923,467.89034712593144,247.9818839767437,1466.9507873575683,1272304.0755097177,6573.538026862609,1077.3533173171984,122454167.64273037
1987,1988.0,30.0,494.0,11642083.238027545,18898.40186965093,509.3172804455819,1026.8655511502977,2828.01479536636,468.89709095326526,248.5154582052306,1466.9507873575683,1272304.0755097177,6573.538026862609,1077.3533173171984,122454167.64273037
1988,1989.0,30.0,494.0,11163357.634283116,34033.15093294438,509.3172804455819,1026.8655511502977,2828.01479536636,468.89709095326526,248.5154582052306,1466.9507873575683,1272304.0755097177,6573.538026862609,1077.3533173171984,122454167.64273037
1989,1990.0,30.0,494.0,10687760.92286752,47540.22632224392,509.3172804455819,1026.8655511502977,2827.1456586083514,468.7529843177064,248.43908168838442,1466.9507873575683,1272304.0755097177,6573.538026862609,1077.3533173171984,122454167.64273037
1990,1991.0,30.0,494.0,10221538.452779725,56170.74981415948,509.3172804455819,1026.8655511502977,2824.541702683962,468.32123715714795,248.21025569328842,1466.9507873575683,1272304.0755097177,6573.538026862609,1077.3533173171984,122454167.64273037
1991,1992.0,30.0,494.0,9774008.689859701,55077.18434583116,509.3172804455819,1026.8655511502977,2819.349284026247,467.4603116741543,247.7539651873018,1466.9507873575683,1272304.0755097177,6573.538026862609,1077.3533173171984,122454167.64273037
1992,1993.0,30.0,494.0,9351287.502345745,41078.008573961444,509.3172804455819,1026.8655511502977,2812.4580130801173,466.31770913016993,247.14838583899007,1466.9507873575683,1272304.0755097177,6573.538026862609,1077.3533173171984,122454167.64273037
1993,1994.0,30.0,494.0,8977792.94313129,5314.494847337715,509.3172804455819,1026.1181592330393,2798.783949663589,464.0504902429046,245.94675982873943,1465.8830846186277,1272304.0755097177,6573.538026862609,1077.3533173171984,122454167.64273037
1994,1995.0,30.0,494.0,8656038.776193615,26272.54895672761,509.3172804455819,1009.8553480100945,2784.411618475594,461.66749553746325,244.68377263485553,1442.650497157278,1272304.0755097177,6573.538026862609,1077.3533173171984,122454167.64273037
1995,1996.0,30.0,494.0,8346375.550383005,40940.80319511145,509.3172804455819,1009.8553480100945,2781.0530237180765,461.1106259927667,244.38863177616636,1442.650497157278,1272304.0755097177,6573.538026862609,1077.3533173171984,122454167.64273037
1996,1997.0,30.0,494.0,8042745.988643808,52470.299325318076,509.3172804455819,1009.8553480100945,2779.3770059204626,460.8327349891641,244.241349544257,1442.650497157278,1272304.0755097177,6573.538026862609,1077.3533173171984,122454167.64273037
1997,1998.0,30.0,494.0,7754166.274574198,56170.74981415948,509.3172804455819,1009.8553480100945,2775.1964926789105,460.1395878030648,243.87398153562435,1442.650497157278,1272304.0755097177,6573.538026862609,1077.3533173171984,122454167.64273037
1998,1999.0,30.0,494.0,7486574.371019674,48953.18106171675,509.3172804455819,1009.8553480100945,2769.3665453136086,459.1729573015273,243.36166736980948,1442.650497157278,1272304.0755097177,6573.538026862609,1077.3533173171984,122454167.64273037
1999,2000.0,30.0,494.0,7218982.467465151,41735.612309275195,509.3172804455819,1009.8553480100945,2769.3665453136086,459.1729573015273,243.36166736980948,1442.650497157278,1272304.0755097177,6573.538026862609,1077.3533173171984,122454167.64273037
2000,2001.0,30.0,494.0,6945403.774032805,37632.41735168826,509.3172804455819,1009.8553480100945,2771.0295425018935,459.448689431758,243.50780539883175,1442.650497157278,1272304.0755097177,6573.538026862609,1077.3533173171984,122454167.64273037
2001,2002.0,30.0,494.0,6677811.870478282,30414.84859924717,509.3172804455819,1009.8553480100945,2769.3665453136086,459.1729573015273,243.36166736980948,1442.650497157278,1272304.0755097177,6573.538026862609,1077.3533173171984,122454167.64273037
2002,2003.0,30.0,494.0,6419185.607884295,18533.284979536198,509.3172804455819,1009.8553480100945,2766.876089491237,458.760028949041,243.14281534299172,1442.650497157278,1272304.0755097177,6573.538026862609,1077.3533173171984,122454167.64273037
2003,2004.0,30.0,494.0,6157572.734970996,8205.378846349195,509.3172804455819,1009.8553480100945,2767.705703468824,458.897582536576,243.2157187443853,1442.650497157278,1272304.0755097177,6573.538026862609,1077.3533173171984,122454167.64273037
2004,2005.0,30.0,494.0,5886988.407325843,2544.4919486474246,509.3172804455819,1009.8553480100945,2770.197774227672,459.3107786525186,243.43471268583485,1442.650497157278,1272304.0755097177,6573.538026862609,1077.3533173171984,122454167.64273037
2005,2006.0,30.0,494.0,5610413.404519249,0.0,509.3172804455819,1009.8553480100945,2771.861850661406,459.586689726315,243.58094555494696,1442.650497157278,1272304.0755097177,6573.538026862609,1077.3533173171984,122454167.64273037
2006,2007.0,30.0,494.0,5324837.793126011,0.0,509.3172804455819,1010.2710106048874,2774.3620197132514,460.00122857428084,243.80065114436886,1443.2443008641249,1272304.0755097177,6573.538026862609,1077.3533173171984,122454167.64273037
2007,2008.0,30.0,494.0,5024222.118522393,0.0,509.3172804455819,1011.792335322581,2778.5398150494684,460.6939251199142,244.16778031355452,1445.4176218894015,1272304.0755097177,6573.538026862609,1077.3533173171984,122454167.64273037
2008,2009.0,30.0,494.0,4708517.362776188,0.0,509.3172804455819,1013.3186182768744,2782.731226477965,461.3888792725694,244.53610601446178,1447.5980261098207,1272304.0755097177,6573.538026862609,1077.3533173171984,122454167.64273037
2009,2010.0,30.0,494.0,4371605.085994516,0.0,509.3172804455819,1015.4637905079325,2788.6222045433724,462.36562892828726,245.05378333199226,1450.662557868475,1272304.0755097177,6573.538026862609,1077.3533173171984,122454167.64273037
2010,2011.0,30.0,494.0,4016437.58841197,7241.598910756409,509.3172804455819,1015.9022445110708,2793.693099210281,463.20640520772537,245.49939476009445,1451.2889207301012,1272304.0755097177,6573.538026862609,1077.3533173171984,122454167.64273037
2011,2012.0,30.0,494.0,3649060.058216607,20834.949992500246,509.3172804455819,1015.9022445110708,2797.0847749360637,463.7687597201141,245.79744265166048,1451.2889207301012,1272304.0755097177,6573.538026862609,1077.3533173171984,122454167.64273037
2012,2013.0,30.0,494.0,3278625.0162120257,36018.84205704369,509.3172804455819,1015.9022445110708,2797.9340837719583,463.9095788003835,245.87207676420326,1451.2889207301012,1272304.0755097177,6573.538026862609,1077.3533173171984,122454167.64273037
2013,2014.0,30.0,494.0,2914302.994396299,48022.694355348125,509.3172804455819,1015.9022445110708,2796.2360226083874,463.6280329113154,245.7228574429972,1451.2889207301012,1272304.0755097177,6573.538026862609,1077.3533173171984,122454167.64273037
2014,2015.0,30.0,494.0,2559135.4968137555,55264.293266104534,509.3172804455819,1015.9022445110708,2793.693099210281,463.20640520772537,245.49939476009445,1451.2889207301012,1272304.0755097177,6573.538026862609,1077.3533173171984,122454167.64273037
2015,2016.0,30.0,494.0,2216146.1026541945,56170.74981415948,509.3172804455819,1015.9022445110708,2790.3102927038967,462.6455212502933,245.20212626265547,1451.2889207301012,1272304.0755097177,6573.538026862609,1077.3533173171984,122454167.64273037
2016,2017.0,30.0,494.0,1891364.2698289491,47605.49396791682,509.3172804455819,1015.9022445110708,2785.2526367776977,461.80694001135396,244.7576782060176,1451.2889207301012,1272304.0755097177,6573.538026862609,1077.3533173171984,122454167.64273037
2017,2018.0,30.0,494.0,1584718.858326653,29605.533304340206,509.3172804455819,1015.9022445110708,2780.2147419657676,460.97163525067407,244.31496668285726,1451.2889207301012,1272304.0755097177,6573.538026862609,1077.3533173171984,122454167.64273037
2018,2019.0,30.0,494.0,1299143.2469334155,25454.296586511657,509.3172804455819,1011.0781955222429,2774.3620197132514,460.00122857428084,243.80065114436886,1444.3974221746328,1272304.0755097177,6573.538026862609,1077.3533173171984,122454167.64273037
2019,2020.0,30.0,494.0,1025564.5535010826,15062.171566450968,509.3172804455819,1011.0781955222429,2771.0295425018935,459.448689431758,243.50780539883175,1444.3974221746328,1272304.0755097177,6573.538026862609,1077.3533173171984,122454167.64273037
2020,2021.0,30.0,494.0,760963.1342286505,0.0,509.3172804455819,1011.0781955222429,2768.5358552352495,459.0352252918276,243.28866940466864,1444.3974221746328,1272304.0755097177,6573.538026862609,1077.3533173171984,122454167.64273037
2021,2022.0,30.0,494.0,502336.87163466215,0.0,509.3172804455819,1007.5450439729286,2766.876089491237,458.760028949041,243.14281534299172,1439.3500628184695,1272304.0755097177,6573.538026862609,1077.3533173171984,122454167.64273037
2022,2023.0,30.0,494.0,249678.0290801814,0.0,509.3172804455822,1006.9414305784921,2765.218472813597,458.4851889307587,242.9971501333021,1438.4877579692745,1272304.0755097177,6573.538026862609,1077.3533173171984,122454167.64273037
2023,2024.0,30.0,494.0,0.0,0.0,509.3172804455822,1006.6399168711457,2764.390469070736,458.34790232710935,242.92438823336798,1438.057024101637,1272304.0755097177,6573.538026862609,1077.3533173171984,122454167.64273037
2024,2025.0,30.0,494.0,648862.2670893625,56170.74981415948,459.91728044558215,904.829141968724,2514.7959423569737,416.96404970876443,220.99094634564517,1292.61305995532,1272304.0755097177,6573.538026862609,1077.3533173171984,122454167.64273037
2025,2026.0,30.0,494.0,2192706.9082317203,53277.05274282396,410.5172804455822,825.7850999721255,2266.189727342254,375.7440634469165,199.14435362686578,1179.6929999601793,1272304.0755097177,6573.538026862609,1077.3533173171984,122454167.64273037
2026,2027.0,30.0,494.0,3748603.155263162,44114.0182915451,409.98256680349016,825.7850999721255,2262.8420590397295,375.18900555574066,198.85017294454255,1179.6929999601793,1272304.0755097177,6573.538026862609,1077.3533173171984,122454167.64273037
2027,2028.0,30.0,494.0,5306891.10574781,33706.80144673772,409.98256680349016,825.7850999721255,2262.1776969693947,375.0788514495351,198.7917912682536,1179.6929999601793,1272304.0755097177,6573.538026862609,1077.3533173171984,122454167.64273037
2028,2029.0,30.0,494.0,6867569.214796203,22056.20587169379,409.98256680349,825.7850999721255,2261.513764035021,374.9687684959289,198.7334473028423,1179.6929999601793,1272304.0755097177,6573.538026862609,1077.3533173171984,122454167.64273037
2029,2030.0,30.0,494.0,8430635.939015254,9163.034451281652,409.98256680349,825.7850999721255,2260.8502598209507,374.8587566260043,198.6751410117823,1179.6929999601793,1272304.0755097177,6573.538026862609,1077.3533173171984,122454167.64273037
2030,2031.0,30.0,494.0,9986532.186046697,0.0,409.98256680349,825.7850999721255,2262.8420590397286,375.18900555574055,198.8501729445425,1179.6929999601793,1272304.0755097177,6573.538026862609,1077.3533173171984,122454167.64273037
2031,2032.0,30.0,494.0,11516017.302483916,0.0,409.98256680349,826.6749238904641,2270.1784842047914,376.4054165955734,199.49487079565392,1180.9641769863774,1272304.0755097177,6573.538026862609,1077.3533173171984,122454167.64273037
2032,2033.0,30.0,494.0,12104159.514466858,0.0,459.38256680348996,921.8931559111496,2531.6626243309797,419.7606185685185,222.47312784131483,1316.9902227302139,1272304.0755097177,6573.538026862609,1077.3533173171984,122454167.64273037
2033,2034.0,30.0,494.0,11743518.983097063,0.0,508.78256680349,1017.8639386793657,2795.213386373406,463.4584753982246,245.63299196105905,1454.0913409705224,1272304.0755097177,6573.538026862609,1077.3533173171984,122454167.64273037
2034,2035.0,30.0,494.0,10828111.014223933,0.0,536.94836,1073.9794884240548,2949.315452346555,489.0092647940549,259.1749103408491,1534.256412034364,1272304.0755097177,6573.538026862609,1077.3533173171984,122454167.64273037
2035,2036.0,30.0,494.0,9883366.47623762,0.0,536.94836,1076.9469259341186,2957.4644993224397,490.36041204664156,259.89101838472004,1538.4956084773123,1272304.0755097177,6573.538026862609,1077.3533173171984,122454167.64273037
2036,2037.0,30.0,494.0,8918967.18987015,8838.599816554051,536.94836,1077.216416275416,2962.924151650538,491.2656460286052,260.3707923951608,1538.8805946791656,1272304.0755097177,6573.538026862609,1077.3533173171984,122454167.64273037
2037,2038.0,30.0,494.0,7941421.339571163,24516.142545132818,536.94836,1077.216416275416,2966.575974964849,491.8711341369281,260.6917010925719,1538.8805946791656,1272304.0755097177,6573.538026862609,1077.3533173171984,122454167.64273037
2038,2039.0,30.0,494.0,6963875.489272175,40193.68527371158,536.94836,1077.2164162754157,2966.575974964849,491.8711341369281,260.6917010925719,1538.8805946791654,1272304.0755097177,6573.538026862609,1077.3533173171984,122454167.64273037
2039,2040.0,30.0,494.0,5992907.272264743,52449.492953378896,536.94836,1077.216416275416,2964.7488546060836,491.56818967480916,260.53114052764886,1538.8805946791656,1272304.0755097177,6573.538026862609,1077.3533173171984,122454167.64273037
2040,2041.0,30.0,494.0,5038345.102128977,56170.74981415948,536.94836,1077.216416275416,2960.191619363954,490.8125803507967,260.13066758592225,1538.8805946791656,1272304.0755097177,6573.538026862609,1077.3533173171984,122454167.64273037
2041,2042.0,30.0,494.0,4132677.4050959907,34456.7285288563,536.94836,1077.216416275416,2946.6098212798483,488.5606594549138,258.93714951110434,1538.8805946791656,1272304.0755097177,6573.538026862609,1077.3533173171984,122454167.64273037
2042,2043.0,30.0,494.0,3285050.1744038835,0.0,536.94836,1073.8232855862707,2930.487469518493,485.8875037654134,257.5203769956691,1534.033265123244,1272304.0755097177,6573.538026862609,1077.3533173171984,122454167.64273037
2043,2044.0,30.0,494.0,2450228.194477614,7053.722282948904,536.94836,1064.4565389177346,2926.9304554168716,485.2977354348293,257.2077997804596,1520.6521984539067,1272304.0755097177,6573.538026862609,1077.3533173171984,122454167.64273037
2044,2045.0,30.0,494.0,1624988.2278128453,9122.808122561764,536.94836,1064.4565389177346,2924.2687850664547,484.85641897268357,256.9739020555223,1520.6521984539067,1272304.0755097177,6573.538026862609,1077.3533173171984,122454167.64273037
2045,2046.0,30.0,494.0,809311.5429412164,6217.0017716715465,536.94836,1064.4565389177346,2921.6123179016936,484.41596522123564,256.7404615672549,1520.6521984539067,1272304.0755097177,6573.538026862609,1077.3533173171984,122454167.64273037
2046,2047.0,30.0,494.0,0.0,0.0,536.94836,1064.4565389177346,2919.844222921023,484.12280742222976,256.5850879337818,1520.6521984539067,1272304.0755097177,6573.538026862609,1077.3533173171984,122454167.64273037
2047,2048.0,30.0,494.0,15726.79656148737,0.0,492.0769744014448,979.7938248171471,2690.6669063924946,446.1242166055289,236.44583480093033,1399.705464024496,1272304.0755097177,6573.538026862609,1077.3533173171984,122454167.64273037
2048,2049.0,30.0,494.0,931880.2942947894,56170.74981415948,442.6769744014447,877.7922372487545,2440.5483782892115,404.65348228925075,214.4663456133029,1253.9889103553637,1272304.0755097177,6573.538026862609,1077.3533173171984,122454167.64273037
2049,2050.0,30.0,494.0,2745552.4124844624,50428.42908762582,393.27697440144465,799.0455492079709,2191.237650384665,363.31668474157783,192.55784291303627,1141.493641725673,1272304.0755097177,6573.538026862609,1077.3533173171984,122454167.64273037
2050,2051.0,30.0,494.0,4561547.2112624105,43477.832188790664,393.27697440144465,799.0455492079709,2190.5924613323664,363.20970960473153,192.50114609050772,1141.493641725673,1272304.0755097177,6573.538026862609,1077.3533173171984,122454167.64273037
2051,2052.0,30.0,494.0,6382182.84398301,34113.03804699285,393.27697440144476,799.0455492079709,2189.303340792744,362.9959678407537,192.38786295559947,1141.493641725673,1272304.0755097177,6573.538026862609,1077.3533173171984,122454167.64273037
2052,2053.0,30.0,494.0,8207453.284132689,22337.181700580753,393.27697440144476,799.0455492079709,2188.0158942846633,362.7825036384496,192.2747269283783,1141.493641725673,1272304.0755097177,6573.538026862609,1077.3533173171984,122454167.64273037
2053,2054.0,30.0,494.0,10039664.661366956,6950.596898834221,393.27697440144476,799.0455492079709,2186.087856205611,362.4628265815983,192.1052980882471,1141.493641725673,1272304.0755097177,6573.538026862609,1077.3533173171984,122454167.64273037
2054,2055.0,30.0,494.0,11855659.460144902,0.0,393.27697440144476,799.0455492079709,2190.5924613323673,363.20970960473164,192.50114609050777,1141.493641725673,1272304.0755097177,6573.538026862609,1077.3533173171984,122454167.64273037
2055,2056.0,30.0,494.0,12901534.437705735,0.0,432.27964,875.5928072602687,2404.514633892676,398.67893153676783,211.29983371448697,1250.8468675146696,1272304.0755097177,6573.538026862609,1077.3533173171984,122454167.64273037
2056,2057.0,30.0,494.0,12993743.74988648,0.0,481.67963999999995,972.0575048392724,2669.421763164923,442.60167992268833,234.57889035902483,1388.6535783418178,1272304.0755097177,6573.538026862609,1077.3533173171984,122454167.64273037
2057,2058.0,30.0,494.0,12111763.367183475,0.0,531.0796399999999,1070.598238466385,2940.0300117437423,487.46969856052175,258.3589402370765,1529.4260549519788,1272304.0755097177,6573.538026862609,1077.3533173171984,122454167.64273037
2058,2059.0,30.0,494.0,11177285.742631704,0.0,531.0796399999999,1075.9084124010362,2954.6125789239554,489.88755130324284,259.6404021907187,1537.0120177157662,1272304.0755097177,6573.538026862609,1077.3533173171984,122454167.64273037
2059,2060.0,30.0,494.0,10209711.961895075,9785.933519429558,531.0796399999999,1077.3533173171984,2963.805955641971,491.41185294628167,260.44828206152926,1539.0761675959977,1272304.0755097177,6573.538026862609,1077.3533173171984,122454167.64273037
2060,2061.0,30.0,494.0,9232166.111596087,24759.413747413084,531.0796399999999,1077.3533173171984,2966.5759749648487,491.8711341369281,260.6917010925719,1539.0761675959977,1272304.0755097177,6573.538026862609,1077.3533173171984,122454167.64273037
2061,2062.0,30.0,494.0,8254620.261297099,39732.89397539571,531.25748,1077.3533173171984,2966.575974964849,491.87113413692816,260.6917010925719,1539.0761675959977,1272304.0755097177,6573.538026862609,1077.3533173171984,122454167.64273037
2062,2063.0,30.0,494.0,7277074.410998112,54706.37420337647,531.791,1077.3533173171984,2966.5759749648487,491.8711341369281,260.6917010925719,1539.0761675959977,1272304.0755097177,6573.538026862609,1077.3533173171984,122454167.64273037
2063,2064.0,30.0,494.0,6304549.477541669,41197.26958617778,532.85804,1077.3533173171984,2965.181275841919,491.63988698695977,259.35519202689505,1539.0761675959977,1272304.0755097177,6573.538026862609,1077.3533173171984,122454167.64273037
2064,2065.0,30.0,494.0,5327003.627242683,56170.74981415948,534.4586,1077.3533173171984,2966.5759749648482,491.87113413692805,260.69170109257186,1539.0761675959977,1272304.0755097177,6573.538026862609,1077.3533173171984,122454167.64273037
2065,2066.0,30.0,494.0,4366956.583341438,56170.74981415948,536.774509246119,1077.3533173171984,2961.7151954099204,491.06519585230336,259.98908957826546,1539.0761675959977,1272304.0755097177,6573.538026862609,1077.3533173171984,122454167.64273037
2066,2067.0,30.0,494.0,3474200.7138173915,27035.83479513228,536.774509246119,1077.3533173171984,2943.023202527365,487.9659825451064,258.6219707489064,1539.0761675959977,1272304.0755097177,6573.538026862609,1077.3533173171984,122454167.64273037
2067,2068.0,30.0,494.0,2597598.8968006186,20259.30583422631,536.774509246119,1071.3718469728835,2938.5359657197887,487.2219792644523,258.2276490101597,1530.5312099612622,1272304.0755097177,6573.538026862609,1077.3533173171984,122454167.64273037
2068,2069.0,30.0,494.0,1724221.5351712853,11805.390566749498,536.7745092461192,1071.3718469728835,2937.640283667718,487.0734713042665,258.1489397912612,1530.5312099612622,1272304.0755097177,6573.538026862609,1077.3533173171984,122454167.64273037
2069,2070.0,30.0,494.0,857286.7458595891,0.0,536.7745092461192,1071.3718469728835,2935.8506802461566,486.7767473126859,257.99167607572355,1530.5312099612622,1272304.0755097177,6573.538026862609,1077.3533173171984,122454167.64273037
2070,2071.0,30.0,494.0,0.0,0.0,536.7745092461192,1068.1004404469124,2933.170668176127,486.33238971405683,257.75616654845015,1525.8577720670178,1272304.0755097177,6573.538026862609,1077.3533173171984,122454167.64273037
2071,2072.0,30.0,494.0,51937.60657625347,0.0,487.3745092461193,976.1310476364534,2680.6083480550597,444.4564641060247,235.56192597619312,1394.4729251949336,1272304.0755097177,6573.538026862609,1077.3533173171984,122454167.64273037
2072,2073.0,30.0,494.0,1009295.261632696,55503.181132134516,437.97450924611934,873.7541805976998,2429.1027790327857,402.7557524031312,213.46054877365955,1248.220257996714,1272304.0755097177,6573.538026862609,1077.3533173171984,122454167.64273037
2073,2074.0,30.0,494.0,2795600.4677204397,56170.74981415948,392.8576686946159,800.5673856027877,2198.839570412981,364.5771159786339,193.225871468676,1143.667693718268,1272304.0755097177,6573.538026862609,1077.3533173171984,122454167.64273037
2074,2075.0,30.0,494.0,4588930.088286076,53184.16446361784,392.857668694616,800.5673856027877,2196.88834416912,364.25359422371343,193.05440493856813,1143.667693718268,1272304.0755097177,6573.538026862609,1077.3533173171984,122454167.64273037
2075,2076.0,30.0,494.0,6396267.342624235,42910.70109674707,392.857668694616,800.5673856027877,2192.9973347878636,363.608448030443,192.71247745613482,1143.667693718268,1272304.0755097177,6573.538026862609,1077.3533173171984,122454167.64273037
2076,2077.0,30.0,494.0,8215235.8581225425,26586.566886646673,392.857668694616,800.5673856027877,2189.7664289100444,363.0727498545582,192.42855742291584,1143.667693718268,1272304.0755097177,6573.538026862609,1077.3533173171984,122454167.64273037
2077,2078.0,30.0,494.0,10038846.291417003,7847.671604712028,392.8576686946155,800.5673856027877,2188.4770073000022,362.8589581718019,192.315247831055,1143.667693718268,1272304.0755097177,6573.538026862609,1077.3533173171984,122454167.64273037
2078,2079.0,30.0,494.0,11841520.423559817,0.0,392.8576686946155,800.5673856027877,2194.292646508793,363.82321631907314,192.82630464910878,1143.667693718268,1272304.0755097177,6573.538026862609,1077.3533173171984,122454167.64273037
2079,2080.0,30.0,494.0,12894713.9135134,0.0,430.3234,874.8525288688754,2402.4817137835794,398.34186458547117,211.12118823029974,1249.7893269555364,1272304.0755097177,6573.538026862609,1077.3533173171984,122454167.64273037
2080,2081.0,30.0,494.0,12993743.74988648,0.0,479.72339999999997,971.3675986935144,2667.5271731114967,442.28754869322796,234.41240080741082,1387.6679981335922,1272304.0755097177,6573.538026862609,1077.3533173171984,122454167.64273037
2081,2082.0,30.0,494.0,12112113.274955427,0.0,529.1234,1070.562844775884,2939.932815140422,487.453582943085,258.35039895983505,1529.3754925369772,1272304.0755097177,6573.538026862609,1077.3533173171984,122454167.64273037
2082,2083.0,30.0,494.0,11171168.411989616,0.0,529.1234,1076.5625831659374,2956.409034038966,490.1854113352472,259.79826800768103,1537.9465473799107,1272304.0755097177,6573.538026862609,1077.3533173171984,122454167.64273037
2083,2084.0,30.0,494.0,10193622.561690629,14973.480227983082,529.1234,1077.3533173171984,2966.5759749648487,491.8711341369281,260.6917010925719,1539.0761675959977,1272304.0755097177,6573.538026862609,1077.3533173171984,122454167.64273037
2084,2085.0,30.0,494.0,9216076.71139164,29946.96045596525,528.76772,1077.3533173171984,2966.5759749648487,491.87113413692816,260.6917010925719,1539.0761675959977,1272304.0755097177,6573.538026862609,1077.3533173171984,122454167.64273037
2085,2086.0,30.0,494.0,8238530.861092653,44920.44068394974,528.94556,1077.3533173171984,2966.5759749648487,491.87113413692816,260.6917010925719,1539.0761675959977,1272304.0755097177,6573.538026862609,1077.3533173171984,122454167.64273037
2086,2087.0,30.0,494.0,7268142.097421596,56170.74981415948,529.4531265771177,1077.3533173171984,2964.587895345979,491.5415019329528,260.516996024465,1539.0761675959977,1272304.0755097177,6573.538026862609,1077.3533173171984,122454167.64273037
2087,2088.0,30.0,494.0,6321028.094538137,55313.35071379598,529.4531265771177,1077.3533173171984,2958.1226840160907,490.4695419170611,259.9488572160424,1539.0761675959977,1272304.0755097177,6573.538026862609,1077.3533173171984,122454167.64273037
2088,2089.0,30.0,494.0,5413560.839023091,33831.4109872682,529.4531265771177,1077.3533173171984,2947.1096986359757,488.64354128371656,258.9810768803698,1539.0761675959977,1272304.0755097177,6573.538026862609,1077.3533173171984,122454167.64273037
2089,2090.0,30.0,494.0,4577961.0464107655,0.0,529.4531265771177,1072.4851028502007,2927.1465144963317,485.33355896517253,257.22678625154145,1532.121575500287,1272304.0755097177,6573.538026862609,1077.3533173171984,122454167.64273037
2090,2091.0,30.0,494.0,3816384.434068354,12688.593631632315,529.4531265771177,1055.9519918396281,2906.5845199769105,481.9242912943843,255.4198743860237,1508.5028454851831,1272304.0755097177,6573.538026862609,1077.3533173171984,122454167.64273037
2091,2092.0,30.0,494.0,3083469.739497264,10467.038846641779,529.4531265771177,1055.9519918396281,2898.62287615153,480.60421629511495,254.72023463641094,1508.5028454851831,1272304.0755097177,6573.538026862609,1077.3533173171984,122454167.64273037
2092,2093.0,30.0,494.0,2366405.416066508,0.0,529.4531265771177,1055.9519918396281,2894.2199952792284,479.8741995935692,254.3333257845917,1508.5028454851831,1272304.0755097177,6573.538026862609,1077.3533173171984,122454167.64273037
2093,2094.0,30.0,494.0,1658826.4542494575,0.0,529.4531265771177,1052.9572758797676,2891.585172608755,479.437334592938,254.10178733425715,1504.2246798282395,1272304.0755097177,6573.538026862609,1077.3533173171984,122454167.64273037
2094,2095.0,30.0,494.0,960714.2751989393,0.0,529.4531265771177,1051.9996967513882,2888.9555107291626,479.0013252737675,253.8707023950968,1502.8567096448405,1272304.0755097177,6573.538026862609,1077.3533173171984,122454167.64273037
2095,2096.0,30.0,494.0,829662.9664949961,0.0,498.8515913437897,994.6406480274653,2731.4386022995586,452.884340221352,240.02870031731655,1420.9152114678077,1272304.0755097177,6573.538026862609,1077.3533173171984,122454167.64273037
2096,2097.0,30.0,494.0,1604102.9913867945,56170.74981415948,449.4515913437897,892.1267653719599,2479.9132318562965,411.18034535717055,217.9255830393004,1274.4668076742284,1272304.0755097177,6573.538026862609,1077.3533173171984,122454167.64273037
2097,2098.0,30.0,494.0,3282854.6633454533,47833.45973546058,400.0515913437897,813.1975299806687,2228.7155521155028,369.5306830294989,195.85126200563442,1161.710757115241,1272304.0755097177,6573.538026862609,1077.3533173171984,122454167.64273037
2098,2099.0,30.0,494.0,4961606.335304112,39496.16965676099,400.0515913437897,813.1975299806687,2228.7155521155028,369.5306830294989,195.85126200563442,1161.710757115241,1272304.0755097177,6573.538026862609,1077.3533173171984,122454167.64273037
2099,2100.0,30.0,494.0,6642728.398888525,29925.783759859856,400.0515913437897,813.1975299806687,2228.0571099972376,369.4215104769644,195.79340055279113,1161.710757115241,1272304.0755097177,6573.538026862609,1077.3533173171984,122454167.64273037
2100,2101.0,30.0,494.0,8328586.617978186,17891.613615483046,400.0515913437897,813.1975299806687,2226.7415112457793,369.203378510883,195.677790610768,1161.710757115241,1272304.0755097177,6573.538026862609,1077.3533173171984,122454167.64273037
2101,2102.0,30.0,494.0,10019174.832276935,3396.8638567239977,400.0515913437873,813.1975299806687,2225.4276236877,368.98553026806877,195.56233104207647,1161.710757115241,1272304.0755097177,6573.538026862609,1077.3533173171984,122454167.64273037
2102,2103.0,30.0,494.0,11688429.476696154,0.0,400.0515913437873,813.1975299806687,2231.353615320902,369.96808532484386,196.08308522216726,1161.710757115241,1272304.0755097177,6573.538026862609,1077.3533173171984,122454167.64273037
2103,2104.0,30.0,494.0,12706982.072424747,0.0,432.63532,878.3565067372072,2412.1041844016318,399.9373118539865,211.96677528261284,1254.7950096245818,1272304.0755097177,6573.538026862609,1077.3533173171984,122454167.64273037
2104,2105.0,30.0,494.0,12778003.153880255,0.0,482.03531999999996,974.2007258268177,2675.307382810822,443.5775411292638,235.09609679850982,1391.7153226097396,1272304.0755097177,6573.538026862609,1077.3533173171984,122454167.64273037
2105,2106.0,30.0,494.0,11869797.8620134,0.0,531.4353199999999,1073.2509269539376,2947.314708733701,488.67753284507506,258.9990924078898,1533.2156099341964,1272304.0755097177,6573.538026862609,1077.3533173171984,122454167.64273037
2106,2107.0,30.0,494.0,10922088.37138941,0.0,531.4353199999999,1077.246835294298,2958.2880972773496,490.49696815158313,259.96339312033905,1538.9240504204258,1272304.0755097177,6573.538026862609,1077.3533173171984,122454167.64273037
2107,2108.0,30.0,494.0,9954507.923221469,9789.401968095262,531.4353199999999,1077.3533173171984,2963.807807706224,491.4121600265495,260.44844481407125,1539.0761675959977,1272304.0755097177,6573.538026862609,1077.3533173171984,122454167.64273037
2108,2109.0,30.0,494.0,8976962.072922483,24762.882196078077,531.4353199999999,1077.3533173171984,2966.575974964848,491.87113413692805,260.69170109257186,1539.0761675959977,1272304.0755097177,6573.538026862609,1077.3533173171984,122454167.64273037
2109,2110.0,30.0,494.0,7999416.2226234935,39736.362424062565,531.61316,1077.3533173171984,2966.575974964849,491.87113413692816,260.691701092572,1539.0761675959977,1272304.0755097177,6573.538026862609,1077.3533173171984,122454167.64273037
2110,2111.0,30.0,494.0,7021870.372324506,54709.84265204519,532.32452,1077.3533173171984,2966.5759749648487,491.8711341369281,260.6917010925719,1539.0761675959977,1272304.0755097177,6573.538026862609,1077.3533173171984,122454167.64273037
2111,2112.0,30.0,494.0,6070299.867627159,56170.74981415948,532.3519430059431,1077.3533173171984,2959.3606011866154,490.6747939408664,260.05764078865917,1539.0761675959977,1272304.0755097177,6573.538026862609,1077.3533173171984,122454167.64273037
2112,2113.0,30.0,494.0,5121537.678432927,56170.74981415948,534.3289889910321,1077.3533173171984,2958.5805135468613,490.54545203446315,259.98908957826546,1539.0761675959977,1272304.0755097177,6573.538026862609,1077.3533173171984,122454167.64273037
2113,2114.0,30.0,494.0,4172775.4892386943,56170.74981415948,538.0528105555634,1077.3533173171984,2958.580513546861,490.5454520344631,259.98908957826546,1539.0761675959977,1272304.0755097177,6573.538026862609,1077.3533173171984,122454167.64273037
2114,2115.0,30.0,494.0,3298548.835000949,17396.795559650287,538.0528105555634,1077.3533173171984,2937.87619828117,487.11258696806794,258.16967109307603,1539.0761675959977,1272304.0755097177,6573.538026862609,1077.3533173171984,122454167.64273037
2115,2116.0,30.0,494.0,2456380.2797141764,18785.624139940366,538.0528105555634,1066.3011630288208,2928.971170794789,485.63609487542954,257.3871302839777,1523.2873757554585,1272304.0755097177,6573.538026862609,1077.3533173171984,122454167.64273037
2116,2117.0,30.0,494.0,1633346.4438912831,10220.42558943294,538.0528105555634,1066.3011630288208,2923.6559709437115,484.754811739256,256.9200502218057,1523.2873757554585,1272304.0755097177,6573.538026862609,1077.3533173171984,122454167.64273037
2117,2118.0,30.0,494.0,813494.4664883765,0.0,538.0528105555634,1066.3011630288208,2922.7721213826044,484.6082656572757,256.84238079835615,1523.2873757554585,1272304.0755097177,6573.538026862609,1077.3533173171984,122454167.64273037
2118,2119.0,30.0,494.0,0.0,0.0,538.0528105555634,1063.6707863876402,2921.0061461285677,484.31545931811866,256.6871934386029,1519.529694839486,1272304.0755097177,6573.538026862609,1077.3533173171984,122454167.64273037
2119,2120.0,30.0,494.0,89498.70820959163,0.0,488.65281055556335,972.3316864543036,2670.174708712466,442.72652155274886,234.6450564229569,1389.045266363291,1272304.0755097177,6573.538026862609,1077.3533173171984,122454167.64273037
2120,2121.0,30.0,494.0,1080817.9784635587,56170.74981415948,439.25281055556337,870.1891077897444,2419.668997033472,401.1915905241293,212.63154297778854,1243.1272968424921,1272304.0755097177,6573.538026862609,1077.3533173171984,122454167.64273037
2121,2122.0,30.0,494.0,2911169.5932582533,44454.887371398974,392.99684858427133,798.5199153693757,2186.60445688327,362.5484812094791,192.15069504102394,1140.7427362419653,1272304.0755097177,6573.538026862609,1077.3533173171984,122454167.64273037
2122,2123.0,30.0,494.0,4739206.207037638,33943.306128460914,392.99684858427133,798.5199153693757,2187.2475127208563,362.65510265009493,192.2072044045503,1140.7427362419653,1272304.0755097177,6573.538026862609,1077.3533173171984,122454167.64273037
2123,2124.0,30.0,494.0,6567242.820817039,23431.724885520525,392.99684858427133,798.5199153693757,2187.2475127208563,362.65510265009493,192.2072044045503,1140.7427362419653,1272304.0755097177,6573.538026862609,1077.3533173171984,122454167.64273037
2124,2125.0,30.0,494.0,8397594.435611736,11715.862442759797,392.99684858427133,798.5199153693757,2186.60445688327,362.5484812094791,192.15069504102394,1140.7427362419653,1272304.0755097177,6573.538026862609,1077.3533173171984,122454167.64273037
2125,2126.0,30.0,494.0,10227946.050406432,0.0,392.99684858427145,798.5199153693757,2186.60445688327,362.5484812094792,192.15069504102397,1140.7427362419653,1272304.0755097177,6573.538026862609,1077.3533173171984,122454167.64273037
2126,2127.0,30.0,494.0,12032749.686595377,0.0,392.9968485842714,798.8260469623382,2193.701117607089,363.72513826740305,192.77432328172364,1141.1800670890545,1272304.0755097177,6573.538026862609,1077.3533173171984,122454167.64273037
2127,2128.0,30.0,494.0,12993743.74988648,0.0,436.4871654519999,884.1786377273806,2428.092665634268,402.5882712305172,213.3717837521741,1263.1123396105438,1272304.0755097177,6573.538026862609,1077.3533173171984,122454167.64273037
2128,2129.0,30.0,494.0,12993743.74988648,0.0,485.8871654519999,981.3846136326235,2695.035460992908,446.84854186265295,236.8297271872061,1401.9780194751766,1272304.0755097177,6573.538026862609,1077.3533173171984,122454167.64273037
2129,2130.0,30.0,494.0,12108621.264690833,0.0,530.36828,1070.916066797338,2940.902817991698,487.6144136133931,258.4356392150983,1529.8800954247688,1272304.0755097177,6573.538026862609,1077.3533173171984,122454167.64273037
2130,2131.0,30.0,494.0,11170897.085129874,0.0,530.36828,1076.2368062590767,2955.5143997598407,490.0370771003499,259.71965086318545,1537.4811517986811,1272304.0755097177,6573.538026862609,1077.3533173171984,122454167.64273037
2131,2132.0,30.0,494.0,10193351.234830886,14973.480227983082,530.36828,1077.3533173171984,2966.575974964849,491.8711341369281,260.6917010925719,1539.0761675959977,1272304.0755097177,6573.538026862609,1077.3533173171984,122454167.64273037
2132,2133.0,30.0,494.0,9215805.384531898,29946.96045596525,529.30124,1077.3533173171984,2966.5759749648487,491.87113413692816,260.6917010925719,1539.0761675959977,1272304.0755097177,6573.538026862609,1077.3533173171984,122454167.64273037
2133,2134.0,30.0,494.0,8238259.534232911,44920.44068394974,528.76772,1077.3533173171984,2966.5759749648487,491.87113413692816,260.6917010925719,1539.0761675959977,1272304.0755097177,6573.538026862609,1077.3533173171984,122454167.64273037
2134,2135.0,30.0,494.0,7268241.289760846,51607.18719287217,528.76772,1077.3533173171984,2964.484973346259,491.52443702001705,260.3028566530463,1539.0761675959977,1272304.0755097177,6573.538026862609,1077.3533173171984,122454167.64273037
2135,2136.0,30.0,494.0,6310706.521451973,56170.74981415948,528.76772,1077.3533173171984,2961.0173410787056,490.9494885843103,260.20322894968444,1539.0761675959977,1272304.0755097177,6573.538026862609,1077.3533173171984,122454167.64273037
2136,2137.0,30.0,494.0,5379728.152119718,46919.47096842155,528.76772,1077.3533173171984,2953.640563585201,489.7263869538022,259.55498508551517,1539.0761675959977,1272304.0755097177,6573.538026862609,1077.3533173171984,122454167.64273037
2137,2138.0,30.0,494.0,4504712.530662316,8555.943484192714,528.76772,1077.3533173171984,2938.095355842186,487.14892424006143,258.18892984723254,1539.0761675959977,1272304.0755097177,6573.538026862609,1077.3533173171984,122454167.64273037
2138,2139.0,30.0,494.0,3694729.946120304,16310.546209975915,528.76772,1061.8077148971777,2920.030623365689,484.1537134225801,256.6014681139675,1516.8681641388253,1272304.0755097177,6573.538026862609,1077.3533173171984,122454167.64273037
2139,2140.0,30.0,494.0,2907306.1841878565,12329.877210537494,528.76772,1061.807714897178,2913.764283751921,483.11472719781375,256.0508054148413,1516.8681641388257,1272304.0755097177,6573.538026862609,1077.3533173171984,122454167.64273037
2140,2141.0,30.0,494.0,2135932.1832984174,0.0,528.76772,1061.807714897178,2909.3060167955296,482.3755272438496,255.6590294392403,1516.8681641388257,1272304.0755097177,6573.538026862609,1077.3533173171984,122454167.64273037
2141,2142.0,30.0,494.0,1377359.9821244972,0.0,528.76772,1058.1153177299723,2905.7499613189966,481.7859178574535,255.34653646445037,1511.5933110428177,1272304.0755097177,6573.538026862609,1077.3533173171984,122454167.64273037
2142,2143.0,30.0,494.0,634742.7376196524,0.0,528.76772,1056.5014501809558,2901.31802891092,481.05108428555945,254.95707467134653,1509.287785972794,1272304.0755097177,6573.538026862609,1077.3533173171984,122454167.64273037
2143,2144.0,30.0,494.0,810023.1963657411,0.0,479.3677200000001,963.654735061697,2646.3464446745497,438.7756922614199,232.55111689855258,1376.64962151671,1272304.0755097177,6573.538026862609,1077.3533173171984,122454167.64273037
2144,2145.0,30.0,494.0,1898218.5594931794,56170.74981415948,429.9677200000001,860.3899472024226,2392.758971235286,396.7297917970077,210.26678965241408,1229.128496003461,1272304.0755097177,6573.538026862609,1077.3533173171984,122454167.64273037
2145,2146.0,30.0,494.0,3586561.6842388827,47425.414390165824,397.3123793056865,812.306682445141,2226.0512596746566,369.08893181341324,195.61713386110904,1160.438117778773,1272304.0755097177,6573.538026862609,1077.3533173171984,122454167.64273037
2146,2147.0,30.0,494.0,5277285.253790529,37441.753406895325,397.3123793056865,812.306682445141,2225.3900250063393,368.9792962439956,195.55902700931767,1160.438117778773,1272304.0755097177,6573.538026862609,1077.3533173171984,122454167.64273037
2147,2148.0,30.0,494.0,6970387.709897137,26220.577478403226,397.3123793056865,812.306682445141,2224.7292231855167,368.8697324425657,195.50095819455981,1160.438117778773,1272304.0755097177,6573.538026862609,1077.3533173171984,122454167.64273037
2148,2149.0,30.0,494.0,8663490.166003745,14999.40154991392,397.3123793056865,812.306682445141,2224.7292231855167,368.8697324425657,195.50095819455981,1160.438117778773,1272304.0755097177,6573.538026862609,1077.3533173171984,122454167.64273037
2149,2150.0,30.0,494.0,10358969.951943884,2541.5204945728183,397.3123793056865,812.306682445141,2224.068853787314,368.7602403386774,195.44292737949905,1160.438117778773,1272304.0755097177,6573.538026862609,1077.3533173171984,122454167.64273037
2150,2151.0,30.0,494.0,12035387.42522004,0.0,397.3123793056865,812.306682445141,2229.3639406384195,369.63818865241905,195.9082399857821,1160.438117778773,1272304.0755097177,6573.538026862609,1077.3533173171984,122454167.64273037
2151,2152.0,30.0,494.0,12993743.74988648,0.0,432.478562932,884.4454489044605,2428.825370807786,402.7097569189768,213.4361711670577,1263.4934984349436,1272304.0755097177,6573.538026862609,1077.3533173171984,122454167.64273037
2152,2153.0,30.0,494.0,12993743.74988648,0.0,481.87856293199997,981.3846136326232,2695.0354609929077,446.84854186265284,236.829727187206,1401.978019475176,1272304.0755097177,6573.538026862609,1077.3533173171984,122454167.64273037
2153,2154.0,30.0,494.0,12072668.51166342,0.0,528.94556,1074.5527411307273,2950.8896938326466,489.27028084478263,259.3132488477348,1535.0753444724676,1272304.0755097177,6573.538026862609,1077.3533173171984,122454167.64273037
2154,2155.0,30.0,494.0,11118453.261769388,2836.723802204428,528.94556,1077.3533173171984,2960.095252630139,490.7966023293151,260.122199234537,1539.0761675959977,1272304.0755097177,6573.538026862609,1077.3533173171984,122454167.64273037
2155,2156.0,30.0,494.0,10140907.4114704,17810.2040301878,528.94556,1077.3533173171984,2966.5759749648487,491.87113413692816,260.6917010925719,1539.0761675959977,1272304.0755097177,6573.538026862609,1077.3533173171984,122454167.64273037
2156,2157.0,30.0,494.0,9163361.561171414,32783.684258170426,528.41204,1077.3533173171984,2966.5759749648482,491.8711341369281,260.69170109257186,1539.0761675959977,1272304.0755097177,6573.538026862609,1077.3533173171984,122454167.64273037
2157,2158.0,30.0,494.0,8186665.320202956,42937.51289642254,528.05636,1077.3533173171984,2966.339972373035,491.8320038859336,260.46554507203905,1539.0761675959977,1272304.0755097177,6573.538026862609,1077.3533173171984,122454167.64273037
2158,2159.0,30.0,494.0,7212464.755897557,56170.74981415948,528.05636,1077.3533173171984,2965.6467288555186,491.7170611108045,260.6100423887264,1539.0761675959977,1272304.0755097177,6573.538026862609,1077.3533173171984,122454167.64273037
2159,2160.0,30.0,494.0,6244435.418803906,51621.182414000854,528.05636,1077.3533173171984,2963.932499074477,491.4328343949921,259.7756069147965,1539.0761675959977,1272304.0755097177,6573.538026862609,1077.3533173171984,122454167.64273037
2160,2161.0,30.0,494.0,5286927.553639524,56170.74981415948,528.05636,1077.3533173171984,2961.009867983014,490.94824951270584,260.2025722417341,1539.0761675959977,1272304.0755097177,6573.538026862609,1077.3533173171984,122454167.64273037
2161,2162.0,30.0,494.0,4382461.318968207,33127.65613630507,528.05636,1077.3533173171984,2946.27608173494,488.50532399415164,258.9078217169004,1539.0761675959977,1272304.0755097177,6573.538026862609,1077.3533173171984,122454167.64273037
2162,2163.0,30.0,494.0,3536992.7228256613,0.0,528.05636,1073.3465057545257,2929.8878488102814,485.78808405720804,257.46768455032026,1533.352151077894,1272304.0755097177,6573.538026862609,1077.3533173171984,122454167.64273037
2163,2164.0,30.0,494.0,2691524.126683114,5636.792821290903,528.05636,1065.808974012771,2929.887848810282,485.7880840572081,257.46768455032026,1522.5842485896728,1272304.0755097177,6573.538026862609,1077.3533173171984,122454167.64273037
2164,2165.0,30.0,494.0,1852567.2854276616,7886.1210425592235,528.05636,1065.8089740127712,2928.079028008311,485.4881737407948,257.30873208262125,1522.5842485896733,1272304.0755097177,6573.538026862609,1077.3533173171984,122454167.64273037
2165,2166.0,30.0,494.0,1033093.9130994435,0.0,528.05636,1065.8089740127712,2922.666953306302,484.5908283351229,256.83313901761517,1522.584248589673,1272304.0755097177,6573.538026862609,1077.3533173171984,122454167.64273037
2166,2167.0,30.0,494.0,678047.0155791768,0.0,504.30972616340483,1017.2981343128564,2793.659599192982,463.20085075989005,245.49645090274174,1453.2830490183665,1272304.0755097177,6573.538026862609,1077.3533173171984,122454167.64273037
2167,2168.0,30.0,494.0,1254747.3996558588,56170.74981415948,454.9097261634048,912.1284235453289,2534.8409098604957,420.2875920629467,222.75242379336177,1303.0406050647557,1272304.0755097177,6573.538026862609,1077.3533173171984,122454167.64273037
2168,2169.0,30.0,494.0,2753994.282836362,47050.03090560343,405.50972616340476,831.5070391880939,2278.5779934427674,377.79809157505906,200.2329885347813,1187.8671988401343,1272304.0755097177,6573.538026862609,1077.3533173171984,122454167.64273037
2169,2170.0,30.0,494.0,4255696.384551574,36652.08857327979,405.50972616340476,831.5070391880939,2277.8959882942377,377.68501217014057,200.1730564501745,1187.8671988401343,1272304.0755097177,6573.538026862609,1077.3533173171984,122454167.64273037
2170,2171.0,30.0,494.0,5752486.431941823,28809.434397174045,405.50972616340476,831.5070391880939,2279.2604478289495,377.9112454655243,200.29296009672788,1187.8671988401343,1272304.0755097177,6573.538026862609,1077.3533173171984,122454167.64273037
2171,2172.0,30.0,494.0,7246818.024687819,22245.68709372636,405.50972616340476,831.5070391880939,2279.9433518967976,378.0244739151558,200.3529711750326,1187.8671988401343,1272304.0755097177,6573.538026862609,1077.3533173171984,122454167.64273037
2172,2173.0,30.0,494.0,8741149.617433853,15681.93979027681,405.50972616340476,831.5070391880939,2279.9433518967976,378.0244739151558,200.3529711750326,1187.8671988401343,1272304.0755097177,6573.538026862609,1077.3533173171984,122454167.64273037
2173,2174.0,30.0,494.0,10242851.719149064,5283.99745795317,405.50972616340476,831.5070391880939,2277.8959882942377,377.68501217014057,200.1730564501745,1187.8671988401343,1272304.0755097177,6573.538026862609,1077.3533173171984,122454167.64273037
2174,2175.0,30.0,494.0,11734723.236796238,0.0,405.50972616340476,831.5070391880939,2280.6267060909154,378.1377769976706,200.41302180876542,1187.8671988401343,1272304.0755097177,6573.538026862609,1077.3533173171984,122454167.64273037
2175,2176.0,30.0,494.0,12272543.64943963,0.0,454.9097261634045,926.9832806069844,2545.6409019252987,422.07827748291055,223.70148706594262,1324.2618294385493,1272304.0755097177,6573.538026862609,1077.3533173171984,122454167.64273037
2176,2177.0,30.0,494.0,11855512.932898281,0.0,504.30972616340455,1023.5678896094123,2810.877326698838,466.05562448793063,247.00948097860325,1462.2398422991605,1272304.0755097177,6573.538026862609,1077.3533173171984,122454167.64273037
2177,2178.0,30.0,494.0,10924550.157386974,0.0,528.58988,1075.5528802035033,2953.636231968271,489.7256687529706,259.5546044390744,1536.5041145764335,1272304.0755097177,6573.538026862609,1077.3533173171984,122454167.64273037
2178,2179.0,30.0,494.0,9963691.410859821,6292.7214641645805,528.58988,1077.3533173171984,2961.9406683615607,491.10258024339146,260.2843675289975,1539.0761675959977,1272304.0755097177,6573.538026862609,1077.3533173171984,122454167.64273037
2179,2180.0,30.0,494.0,8986145.560560834,21266.20169214718,528.58988,1077.3533173171984,2966.5759749648487,491.87113413692816,260.6917010925719,1539.0761675959977,1272304.0755097177,6573.538026862609,1077.3533173171984,122454167.64273037
2180,2181.0,30.0,494.0,8008599.710261846,36239.681920129806,528.2342,1077.3533173171984,2966.575974964849,491.8711341369282,260.6917010925719,1539.0761675959977,1272304.0755097177,6573.538026862609,1077.3533173171984,122454167.64273037
2181,2182.0,30.0,494.0,7032206.335721595,44675.41424075724,528.2342,1077.3533173171984,2966.2558428096436,491.81805484026313,260.38492558765313,1539.0761675959977,1272304.0755097177,6573.538026862609,1077.3533173171984,122454167.64273037
2182,2183.0,30.0,494.0,6061346.555426806,56170.74981415948,528.2342,1077.3533173171984,2964.7187332970157,491.5631954314196,260.5284935786524,1539.0761675959977,1272304.0755097177,6573.538026862609,1077.3533173171984,122454167.64273037
2183,2184.0,30.0,494.0,5104634.573914069,56170.74981415948,528.2342,1077.3533173171984,2960.7887891908904,490.91159369228075,259.9890895782651,1539.0761675959977,1272304.0755097177,6573.538026862609,1077.3533173171984,122454167.64273037
2184,2185.0,30.0,494.0,4173703.0173966074,46895.118584817275,528.2342,1077.3533173171984,2953.627560025536,489.7242309073384,259.55384238088936,1539.0761675959977,1272304.0755097177,6573.538026862609,1077.3533173171984,122454167.64273037
2185,2186.0,30.0,494.0,3305338.591399976,5071.588449714705,528.2342,1077.3533173171984,2936.2478015475276,486.8425917429461,258.02657362376146,1539.0761675959977,1272304.0755097177,6573.538026862609,1077.3533173171984,122454167.64273037
2186,2187.0,30.0,494.0,2514883.743136118,10884.849260314955,528.2342,1060.2099385378,2914.6062521773124,483.2543292062571,256.1247944793163,1514.5856264825716,1272304.0755097177,6573.538026862609,1077.3533173171984,122454167.64273037
2187,2188.0,30.0,494.0,1756527.82805634,0.0,528.2342,1060.2099385378,2905.689881848402,481.7759564212425,255.34125690325857,1514.5856264825716,1272304.0755097177,6573.538026862609,1077.3533173171984,122454167.64273037
2188,2189.0,30.0,494.0,1020515.6923384508,0.0,528.2342,1055.833333623193,2899.483276470099,480.74687439120885,254.7958434273407,1508.333333747419,1272304.0755097177,6573.538026862609,1077.3533173171984,122454167.64273037
2189,2190.0,30.0,494.0,306744.81732179504,0.0,528.2342,1053.5835970905634,2893.3051484975344,479.72251403827886,254.25293244028782,1505.1194244150906,1272304.0755097177,6573.538026862609,1077.3533173171984,122454167.64273037
2190,2191.0,30.0,494.0,0.0,0.0,506.6693982629792,1012.4123072060104,2780.2423546934065,460.97621356040725,244.31739318701585,1446.3032960085864,1272304.0755097177,6573.538026862609,1077.3533173171984,122454167.64273037
2191,2192.0,30.0,494.0,604851.8897305301,56170.74981415948,457.2693982629791,909.2808569631666,2527.0210471788714,418.9910249908524,222.06524324515178,1298.9726528045237,1272304.0755097177,6573.538026862609,1077.3533173171984,122454167.64273037
2192,2193.0,30.0,494.0,2112211.422385769,51400.89137627557,407.8693982629791,829.840432005045,2276.324479699786,377.4244492446729,200.03495809967666,1185.4863314357788,1272304.0755097177,6573.538026862609,1077.3533173171984,122454167.64273037
2193,2194.0,30.0,494.0,3622006.668240454,45363.95633892249,407.8693982629791,829.840432005045,2275.64789269994,377.3122681922525,199.97550214189383,1185.4863314357788,1272304.0755097177,6573.538026862609,1077.3533173171984,122454167.64273037
2194,2195.0,30.0,494.0,5134236.03546968,38060.77278156206,407.8693982629791,829.840432005045,2274.9717478736784,377.20016045412586,199.9160850406867,1185.4863314357788,1272304.0755097177,6573.538026862609,1077.3533173171984,122454167.64273037
2195,2196.0,30.0,494.0,6648897.933808521,29492.167972163297,407.8693982629791,829.840432005045,2274.2960447876803,377.08812595844654,199.85670675797667,1185.4863314357788,1272304.0755097177,6573.538026862609,1077.3533173171984,122454167.64273037
2196,2197.0,30.0,494.0,8165990.774549904,19658.968368254602,407.8693982629791,829.840432005045,2273.6207830091903,376.9761646334617,199.7973672557347,1185.4863314357788,1272304.0755097177,6573.538026862609,1077.3533173171984,122454167.64273037
2197,2198.0,30.0,494.0,9690366.925805569,6036.935037354007,407.8693982629793,829.840432005045,2271.5976411996676,376.64071896654883,199.6195810522709,1185.4863314357788,1272304.0755097177,6573.538026862609,1077.3533173171984,122454167.64273037
2198,2199.0,30.0,494.0,11200162.17166025,0.0,407.8693982629793,829.840432005045,2275.6478926999407,377.31226819225265,199.9755021418939,1185.4863314357788,1272304.0755097177,6573.538026862609,1077.3533173171984,122454167.64273037
2199,2200.0,30.0,494.0,12179547.137997312,0.0,434.7694,882.3183705866671,2422.9840814548347,401.74124586680585,212.92286030940713,1260.4548151238102,1272304.0755097177,6573.538026862609,1077.3533173171984,122454167.64273037
2200,2201.0,30.0,494.0,12205323.734881114,0.0,484.1694,978.7772725976278,2687.875295191852,445.6613553881128,236.20051835569978,1398.2532465680397,1272304.0755097177,6573.538026862609,1077.3533173171984,122454167.64273037
2201,2202.0,30.0,494.0,11260786.229261894,0.0,533.5694,1076.925984302889,2957.4069903315803,490.35087680709415,259.8859647077599,1538.46569186127,1272304.0755097177,6573.538026862609,1077.3533173171984,122454167.64273037
2202,2203.0,30.0,494.0,10289859.638993153,11530.090631848128,533.5694,1077.3533173171984,2964.7372916231134,491.5662724821955,260.5301244155636,1539.0761675959977,1272304.0755097177,6573.538026862609,1077.3533173171984,122454167.64273037
2203,2204.0,30.0,494.0,9312313.788694168,26503.570859828964,533.5694,1077.3533173171984,2966.5759749648482,491.8711341369281,260.69170109257186,1539.0761675959977,1272304.0755097177,6573.538026862609,1077.3533173171984,122454167.64273037
2204,2205.0,30.0,494.0,8334767.938395182,41477.05108781159,533.5694,1077.3533173171984,2966.5759749648482,491.8711341369281,260.69170109257186,1539.0761675959977,1272304.0755097177,6573.538026862609,1077.3533173171984,122454167.64273037
2205,2206.0,30.0,494.0,7360532.820851639,54728.26286379248,533.5694,1077.3533173171984,2965.656326977225,491.718652520918,260.61088583608654,1539.0761675959977,1272304.0755097177,6573.538026862609,1077.3533173171984,122454167.64273037
2206,2207.0,30.0,494.0,6400387.859251168,56170.74981415948,533.5694,1077.3533173171984,2961.742394770816,491.0697056240417,260.05677644365295,1539.0761675959977,1272304.0755097177,6573.538026862609,1077.3533173171984,122454167.64273037
2207,2208.0,30.0,494.0,5468992.367782602,47136.46108784899,533.5694,1077.3533173171984,2953.756430845287,489.7455982469255,259.56516707087053,1539.0761675959977,1272304.0755097177,6573.538026862609,1077.3533173171984,122454167.64273037
2208,2209.0,30.0,494.0,4573558.222399281,19394.80561554525,533.5694,1077.3533173171984,2943.76716804383,488.08933524715434,258.6873476809918,1539.0761675959977,1272304.0755097177,6573.538026862609,1077.3533173171984,122454167.64273037
2209,2210.0,30.0,494.0,3729967.112277841,0.0,533.5694,1070.486318766591,2929.3663249155297,485.7016131386286,257.42185496347315,1529.2661696665587,1272304.0755097177,6573.538026862609,1077.3533173171984,122454167.64273037
2210,2211.0,30.0,494.0,2947235.511571996,12098.701039574109,533.5694,1058.2065516502805,2912.46090563342,482.8986214655601,255.93626937674685,1511.7236452146865,1272304.0755097177,6573.538026862609,1077.3533173171984,122454167.64273037
2211,2212.0,30.0,494.0,2193069.109562762,9337.56766352469,533.5694,1058.2065516502807,2904.526128217695,481.5830010332725,255.23899054763444,1511.723645214687,1272304.0755097177,6573.538026862609,1077.3533173171984,122454167.64273037
2212,2213.0,30.0,494.0,1451544.648700552,0.0,533.5694,1058.2065516502807,2901.014477899077,481.0007542142166,254.9303997335348,1511.7236452146867,1272304.0755097177,6573.538026862609,1077.3533173171984,122454167.64273037
2213,2214.0,30.0,494.0,719480.0688618086,0.0,533.5694,1055.434032486661,2898.386733170337,480.56506276695376,254.69948326648552,1507.762903552373,1272304.0755097177,6573.538026862609,1077.3533173171984,122454167.64273037
2214,2215.0,30.0,494.0,0.0,0.0,533.5694,1054.1610905221562,2894.8910356767433,479.9854609953208,254.39229432752003,1505.9444150316517,1272304.0755097177,6573.538026862609,1077.3533173171984,122454167.64273037
2215,2216.0,30.0,494.0,13760.965539575294,0.0,493.1457266771001,979.9926715428962,2691.2129705652483,446.2147564083961,236.49382089644996,1399.9895307755662,1272304.0755097177,6573.538026862609,1077.3533173171984,122454167.64273037
2216,2217.0,30.0,494.0,923583.6721804608,56170.74981415948,443.7457266771,878.4326061645452,2442.3069313704395,404.94505800003753,214.6208807400199,1254.9037230922074,1272304.0755097177,6573.538026862609,1077.3533173171984,122454167.64273037
2217,2218.0,30.0,494.0,2738744.8438293915,49013.43775038561,394.3457266771,799.1700664448284,2190.8240244237604,363.248103767345,192.52149499669287,1141.671523492612,1272304.0755097177,6573.538026862609,1077.3533173171984,122454167.64273037
2218,2219.0,30.0,494.0,4556221.4379911935,40651.62522054091,394.3457266771,799.1700664448284,2190.180851503518,363.14146291391825,192.46497534437668,1141.671523492612,1272304.0755097177,6573.538026862609,1077.3533173171984,122454167.64273037
2219,2220.0,30.0,494.0,6378324.377248347,29883.152656690683,394.3457266771,799.1700664448284,2188.8957556436967,362.9283884592677,192.35204588341188,1141.671523492612,1272304.0755097177,6573.538026862609,1077.3533173171984,122454167.64273037
2220,2221.0,30.0,494.0,8205047.671404539,16711.136204691604,394.3457266771,799.1700664448284,2187.612323727299,362.7155898936373,192.23926264362777,1141.671523492612,1272304.0755097177,6573.538026862609,1077.3533173171984,122454167.64273037
2221,2222.0,30.0,494.0,10031770.96556073,3539.119752691593,394.3457266771,799.1700664448284,2187.612323727299,362.7155898936373,192.23926264362777,1141.671523492612,1272304.0755097177,6573.538026862609,1077.3533173171984,122454167.64273037
2222,2223.0,30.0,494.0,11839976.852285357,0.0,394.3457266771,799.1700664448284,2192.7560480138445,363.56844163917225,192.6912740687613,1141.671523492612,1272304.0755097177,6573.538026862609,1077.3533173171984,122454167.64273037
2223,2224.0,30.0,494.0,12809896.916705728,0.0,438.85972000000004,883.275759464293,2425.613220876138,402.17716856013107,213.15389933686947,1261.8225135204186,1272304.0755097177,6573.538026862609,1077.3533173171984,122454167.64273037
2224,2225.0,30.0,494.0,12842737.37240211,0.0,488.25972,978.0627527938508,2685.9131121883574,445.336016955031,236.02808898616647,1397.2325039912155,1272304.0755097177,6573.538026862609,1077.3533173171984,122454167.64273037
2225,2226.0,30.0,494.0,11930492.35477524,0.0,537.65972,1073.6595512107272,2948.4368547781487,488.8635895151917,259.0977024430516,1533.7993588724676,1272304.0755097177,6573.538026862609,1077.3533173171984,122454167.64273037
2226,2227.0,30.0,494.0,10985704.561518928,0.0,537.65972,1076.9513012688824,2957.476514675217,490.36240424412694,259.8920742493873,1538.5018589555464,1272304.0755097177,6573.538026862609,1077.3533173171984,122454167.64273037
2227,2228.0,30.0,494.0,10018008.859861322,9849.357713212807,537.65972,1077.3533173171984,2963.839822564465,491.4174682285861,260.45125816115063,1539.0761675959975,1272304.0755097177,6573.538026862609,1077.3533173171984,122454167.64273037
2228,2229.0,30.0,494.0,9040463.009562334,24822.837941193953,537.65972,1077.3533173171984,2966.5759749648487,491.87113413692805,260.6917010925719,1539.0761675959977,1272304.0755097177,6573.538026862609,1077.3533173171984,122454167.64273037
2229,2230.0,30.0,494.0,8062917.159263346,39796.31816917658,537.65972,1077.3533173171984,2966.5759749648487,491.87113413692805,260.6917010925719,1539.0761675959977,1272304.0755097177,6573.538026862609,1077.3533173171984,122454167.64273037
2230,2231.0,30.0,494.0,7085371.308964359,54769.79839715734,538.37108,1077.3533173171984,2966.575974964849,491.87113413692816,260.6917010925719,1539.0761675959977,1272304.0755097177,6573.538026862609,1077.3533173171984,122454167.64273037
2231,2232.0,30.0,494.0,6112643.497881817,56170.74981415948,539.6487340832193,1077.3533173171984,2965.237630738058,491.6492308726084,260.05482744158,1539.0761675959977,1272304.0755097177,6573.538026862609,1077.3533173171984,122454167.64273037
2232,2233.0,30.0,494.0,5163881.3086875845,56170.74981415948,539.6487340832193,1077.3533173171984,2958.580513546861,490.5454520344631,259.98908957826546,1539.0761675959977,1272304.0755097177,6573.538026862609,1077.3533173171984,122454167.64273037
2233,2234.0,30.0,494.0,4250801.563192019,37608.470218677074,539.6487340832193,1077.3533173171984,2948.6687236305647,488.9020343743058,259.1180782183821,1539.0761675959977,1272304.0755097177,6573.538026862609,1077.3533173171984,122454167.64273037
2234,2235.0,30.0,494.0,3373148.1626601033,617.1355446083471,539.6487340832193,1077.3533173171984,2938.828072251773,487.2704117915099,258.25331824950024,1539.0761675959977,1272304.0755097177,6573.538026862609,1077.3533173171984,122454167.64273037
2235,2236.0,30.0,494.0,2514711.2646571547,8343.923092717305,539.6487340832193,1066.7143491312513,2933.490154882616,486.38536199253156,257.7842418560417,1523.8776416160733,1272304.0755097177,6573.538026862609,1077.3533173171984,122454167.64273037
2236,2237.0,30.0,494.0,1669043.7103092317,9428.00059616007,539.6487340832193,1066.7143491312513,2929.943114978442,485.79724742704644,257.47254113633466,1523.8776416160733,1272304.0755097177,6573.538026862609,1077.3533173171984,122454167.64273037
2237,2238.0,30.0,494.0,832931.3855983813,5541.374702149071,539.6487340832193,1066.7143491312513,2927.2888845236994,485.3571645317987,257.23929720185333,1523.8776416160733,1272304.0755097177,6573.538026862609,1077.3533173171984,122454167.64273037
2238,2239.0,30.0,494.0,0.0,0.0,539.6487340832193,1066.7143491312513,2926.4052903257916,485.21066079014184,257.1616502187752,1523.8776416160733,1272304.0755097177,6573.538026862609,1077.3533173171984,122454167.64273037
2239,2240.0,30.0,494.0,69195.23117185234,0.0,490.2487340832194,974.385413293119,2675.814563445171,443.66163387319983,235.14066595279593,1391.979161847313,1272304.0755097177,6573.538026862609,1077.3533173171984,122454167.64273037
2240,2241.0,30.0,494.0,1039346.7316048387,56170.74981415948,440.84873408321937,872.3302591264543,2425.5489330948553,402.16650936779706,213.14824996493246,1246.1860844663634,1272304.0755097177,6573.538026862609,1077.3533173171984,122454167.64273037
2241,2242.0,30.0,494.0,2825937.0219239555,51634.628030363005,395.9228884914946,801.5503776113208,2198.7603803487086,364.5639859232925,193.218912539345,1145.0719680161726,1272304.0755097177,6573.538026862609,1077.3533173171984,122454167.64273037
2242,2243.0,30.0,494.0,4619496.843029789,43472.903129108716,395.9228884914946,801.5503776113208,2196.8243995746207,364.2429919332332,193.04878572461362,1145.0719680161726,1272304.0755097177,6573.538026862609,1077.3533173171984,122454167.64273037
2243,2244.0,30.0,494.0,6417695.497863834,32898.021511713974,395.9228884914946,801.5503776113208,2195.535834650121,364.0293422926471,192.93555141510296,1145.0719680161726,1272304.0755097177,6573.538026862609,1077.3533173171984,122454167.64273037
2244,2245.0,30.0,494.0,8222841.152278627,18709.25768219214,395.9228884914946,801.5503776113208,2193.606112544354,363.709386016879,192.76597458894588,1145.0719680161726,1272304.0755097177,6573.538026862609,1077.3533173171984,122454167.64273037
2245,2246.0,30.0,494.0,10032610.656041227,2115.132125593256,395.92288849149463,801.5503776113208,2192.321709947741,363.4964265082684,192.65310604938227,1145.0719680161726,1272304.0755097177,6573.538026862609,1077.3533173171984,122454167.64273037
2246,2247.0,30.0,494.0,11814547.05529435,0.0,395.92288849149463,801.5503776113208,2200.05312786704,364.7783290560356,193.33251439969888,1145.0719680161726,1272304.0755097177,6573.538026862609,1077.3533173171984,122454167.64273037
2247,2248.0,30.0,494.0,12882921.779879343,0.0,433.16884000000005,873.3169244524037,2398.264704163743,397.6426661419188,210.75061305521697,1247.5956063605768,1272304.0755097177,6573.538026862609,1077.3533173171984,122454167.64273037
2248,2249.0,30.0,494.0,12993743.74988648,0.0,482.56884,970.1748068733676,2664.25158043537,441.7444412528071,234.12455386398779,1385.9640098190966,1272304.0755097177,6573.538026862609,1077.3533173171984,122454167.64273037
2249,2250.0,30.0,494.0,12137602.83233163,0.0,531.96884,1067.984538213135,2932.8523825359216,486.2796165775693,257.72819678611177,1525.692197447336,1272304.0755097177,6573.538026862609,1077.3533173171984,122454167.64273037
2250,2251.0,30.0,494.0,11232603.041957065,0.0,531.96884,1072.9266857200666,2946.424291652509,488.5298978398445,258.9208458551176,1532.752408171524,1272304.0755097177,6573.538026862609,1077.3533173171984,122454167.64273037
2251,2252.0,30.0,494.0,10288164.519212512,2972.0929606670065,531.96884,1076.3380650736217,2957.379495088617,490.3463179768286,259.88354852771914,1537.6258072480312,1272304.0755097177,6573.538026862609,1077.3533173171984,122454167.64273037
2252,2253.0,30.0,494.0,9320574.08659803,17987.98616674919,531.96884,1076.3380650736217,2963.8105811635974,491.41261987778364,260.4486885352253,1537.6258072480312,1272304.0755097177,6573.538026862609,1077.3533173171984,122454167.64273037
2253,2254.0,30.0,494.0,8343028.236299042,38182.76364741242,531.96884,1076.3380650736217,2966.5759749648487,491.8711341369281,260.6917010925719,1537.6258072480312,1272304.0755097177,6573.538026862609,1077.3533173171984,122454167.64273037
2254,2255.0,30.0,494.0,7375437.803684559,53198.65685349274,531.96884,1076.3380650736217,2963.8105811635974,491.41261987778364,260.4486885352253,1537.6258072480312,1272304.0755097177,6573.538026862609,1077.3533173171984,122454167.64273037
2255,2256.0,30.0,494.0,6430999.280940006,56170.74981415948,531.96884,1076.3380650736217,2957.379495088617,490.3463179768286,259.88354852771914,1537.6258072480312,1272304.0755097177,6573.538026862609,1077.3533173171984,122454167.64273037
2256,2257.0,30.0,494.0,5529271.877290998,36924.19258419797,531.96884,1076.3380650736217,2945.515295339854,488.37918231763814,258.8409666283482,1537.6258072480312,1272304.0755097177,6573.538026862609,1077.3533173171984,122454167.64273037
2257,2258.0,30.0,494.0,4689309.866571246,0.0,531.96884,1073.5277218860099,2928.358241748394,485.5344685871632,257.3332683511965,1533.6110312657283,1272304.0755097177,6573.538026862609,1077.3533173171984,122454167.64273037
2258,2259.0,30.0,494.0,3907152.8868517634,14876.388793849386,531.96884,1057.6083219323798,2912.301288692764,482.8721562860768,255.9222428316207,1510.8690313319712,1272304.0755097177,6573.538026862609,1077.3533173171984,122454167.64273037
2259,2260.0,30.0,494.0,3156816.083162058,13199.679116357143,531.96884,1057.6083219323793,2903.4623509067146,481.4066221517483,255.14550974042663,1510.8690313319705,1272304.0755097177,6573.538026862609,1077.3533173171984,122454167.64273037
2260,2261.0,30.0,494.0,2428629.9914109763,0.0,531.96884,1057.6083219323793,2897.309375368208,480.3864321812292,254.6048090560515,1510.8690313319707,1272304.0755097177,6573.538026862609,1077.3533173171984,122454167.64273037
2261,2262.0,30.0,494.0,1713056.1301796678,0.0,531.96884,1053.7659718223476,2893.8059780016047,479.80555373733097,254.29694348078542,1505.379959746211,1272304.0755097177,6573.538026862609,1077.3533173171984,122454167.64273037
2262,2263.0,30.0,494.0,1006919.910706684,0.0,531.96884,1052.8113403502027,2891.1844108465143,479.37088655851187,254.0665698760113,1504.0162005002896,1272304.0755097177,6573.538026862609,1077.3533173171984,122454167.64273037
2263,2264.0,30.0,494.0,1209691.3464293983,0.0,482.56884,960.8739819356583,2638.7100621810428,437.5095469985031,231.88005990920664,1372.6771170509405,1272304.0755097177,6573.538026862609,1077.3533173171984,122454167.64273037
2264,2265.0,30.0,494.0,2316465.4722416736,56170.74981415948,433.16884000000005,858.5106777803966,2387.5982038228312,395.874114227445,209.81328054054586,1226.4438254005665,1272304.0755097177,6573.538026862609,1077.3533173171984,122454167.64273037
2265,2266.0,30.0,494.0,3914201.7425222006,50114.29854916781,406.21620720827895,820.9488616755635,2251.2198303594328,373.26198974680153,197.82885456580482,1172.784088107948,1272304.0755097177,6573.538026862609,1077.3533173171984,122454167.64273037
2266,2267.0,30.0,494.0,5516709.801313628,41575.526475148275,406.21620720827895,820.9488616755635,2249.8943335508443,373.04221664001534,197.71237481920815,1172.784088107948,1272304.0755097177,6573.538026862609,1077.3533173171984,122454167.64273037
2267,2268.0,30.0,494.0,7123983.466096805,30557.64978576731,406.2162072082789,820.9488616755635,2248.570554108692,372.82272828001595,197.59604598840846,1172.784088107948,1272304.0755097177,6573.538026862609,1077.3533173171984,122454167.64273037
2268,2269.0,30.0,494.0,8733637.619184786,18301.424908669665,406.2162072082789,820.9488616755635,2247.909307357357,372.7130907071818,197.53793807480636,1172.784088107948,1272304.0755097177,6573.538026862609,1077.3533173171984,122454167.64273037
2269,2270.0,30.0,494.0,10348048.126990478,3570.9079995844513,406.21620720827895,820.9488616755635,2246.588097713549,372.4940284308683,197.4218350683602,1172.784088107948,1272304.0755097177,6573.538026862609,1077.3533173171984,122454167.64273037
2270,2271.0,30.0,494.0,11941006.41420203,0.0,406.21620720827895,820.9488616755635,2252.547047878588,373.4820481548458,197.94548552206828,1172.784088107948,1272304.0755097177,6573.538026862609,1077.3533173171984,122454167.64273037
2271,2272.0,30.0,494.0,12937468.695784459,0.0,437.25916000000007,880.5909748017418,2418.2403827755666,400.95472009801847,212.5060016519498,1257.9871068596312,1272304.0755097177,6573.538026862609,1077.3533173171984,122454167.64273037
2272,2273.0,30.0,494.0,12993743.74988648,0.0,486.65916000000004,975.6923083811495,2679.4035015201243,444.2566953367093,235.45604852845594,1393.8461548302137,1272304.0755097177,6573.538026862609,1077.3533173171984,122454167.64273037
2273,2274.0,30.0,494.0,12101172.748501698,0.0,536.05916,1071.6694952657006,2942.971850266458,487.95746811802746,258.61745810255456,1530.956421808144,1272304.0755097177,6573.538026862609,1077.3533173171984,122454167.64273037
2274,2275.0,30.0,494.0,11169563.899781572,0.0,536.05916,1075.618231467542,2953.8156967484983,489.75542479014376,259.5703751387762,1536.5974735250602,1272304.0755097177,6573.538026862609,1077.3533173171984,122454167.64273037
2275,2276.0,30.0,494.0,10205186.391667958,12327.569507461054,536.05916,1076.5358025994808,2962.918102135578,491.26464299284623,260.3702607862085,1537.9082894278297,1272304.0755097177,6573.538026862609,1077.3533173171984,122454167.64273037
2276,2277.0,30.0,494.0,9227640.54136897,31505.411140848864,536.05916,1076.5358025994808,2966.575974964849,491.8711341369282,260.691701092572,1537.90828942783,1272304.0755097177,6573.538026862609,1077.3533173171984,122454167.64273037
2277,2278.0,30.0,494.0,8253390.052021569,48968.98085194681,536.05916,1076.5358025994808,2965.6605969227417,491.71936049636236,260.6112610630721,1537.90828942783,1272304.0755097177,6573.538026862609,1077.3533173171984,122454167.64273037
2278,2279.0,30.0,494.0,7298865.918243021,56170.74981415948,536.05916,1076.5358025994808,2960.1810537091706,490.8108285195121,260.1297391153414,1537.90828942783,1272304.0755097177,6573.538026862609,1077.3533173171984,122454167.64273037
2279,2280.0,30.0,494.0,6363989.945601165,53151.39536799677,536.05916,1076.5358025994808,2954.723231171201,489.9058979246699,259.650125900075,1537.90828942783,1272304.0755097177,6573.538026862609,1077.3533173171984,122454167.64273037
2280,2281.0,30.0,494.0,5448684.40368326,39951.35346752871,536.05916,1076.5358025994808,2949.287000414548,489.0045473406059,259.1724100905211,1537.90828942783,1272304.0755097177,6573.538026862609,1077.3533173171984,122454167.64273037
2281,2282.0,30.0,494.0,4572288.369767863,6510.288486789912,536.05916,1076.5358025994808,2938.4788037471844,487.2125015620332,258.2226258278776,1537.90828942783,1272304.0755097177,6573.538026862609,1077.3533173171984,122454167.64273037
2282,2283.0,30.0,494.0,3747297.1650493946,14836.538250448939,536.05916,1063.2147055146202,2924.199684525816,484.8449618040217,256.9678297561315,1518.8781507351719,1272304.0755097177,6573.538026862609,1077.3533173171984,122454167.64273037
2283,2284.0,30.0,494.0,2947807.3967205007,9896.746137963159,536.05916,1063.2147055146202,2917.115952195378,483.67044832966644,256.34533761472323,1518.8781507351719,1272304.0755097177,6573.538026862609,1077.3533173171984,122454167.64273037
2284,2285.0,30.0,494.0,2157846.42748232,0.0,536.05916,1063.2147055146202,2914.469063559069,483.2315827396857,256.11273885203343,1518.878150735172,1272304.0755097177,6573.538026862609,1077.3533173171984,122454167.64273037
2285,2286.0,30.0,494.0,1377395.6662355494,0.0,536.05916,1060.3283665556849,2911.8273391170105,482.7935733954592,255.88059389959338,1514.754809365264,1272304.0755097177,6573.538026862609,1077.3533173171984,122454167.64273037
2286,2287.0,30.0,494.0,603274.7421119381,0.0,536.05916,1059.688094135301,2910.0690510272443,482.5020416214034,255.7260820593438,1513.8401344790016,1272304.0755097177,6573.538026862609,1077.3533173171984,122454167.64273037
2287,2288.0,30.0,494.0,734694.9025999345,0.0,486.65916000000004,968.0912693323376,2658.5298608573535,440.7957553867437,233.62175035497415,1382.9875276176251,1272304.0755097177,6573.538026862609,1077.3533173171984,122454167.64273037
2288,2289.0,30.0,494.0,1767323.258511018,56170.74981415948,437.25916000000007,866.0106324604575,2408.1942510176063,399.2890279791657,211.62318482895785,1237.1580463720823,1272304.0755097177,6573.538026862609,1077.3533173171984,122454167.64273037
2289,2290.0,30.0,494.0,3344653.3218806647,51159.95799844526,407.2101863225941,822.8096571228349,2256.888221168007,374.2018334721178,198.32697174022246,1175.4423673183355,1272304.0755097177,6573.538026862609,1077.3533173171984,122454167.64273037
2290,2291.0,30.0,494.0,4926769.953299779,43659.15694492683,407.2101863225941,822.8096571228349,2255.5586189320425,373.98137966770696,198.2101312238847,1175.4423673183355,1272304.0755097177,6573.538026862609,1077.3533173171984,122454167.64273037
2291,2292.0,30.0,494.0,6520825.890109975,29947.438087777235,407.21018632259387,822.8096571228349,2252.2421452122962,373.4314939733464,197.9186918058736,1175.4423673183355,1272304.0755097177,6573.538026862609,1077.3533173171984,122454167.64273037
2292,2293.0,30.0,494.0,8112497.058648048,17476.29389001429,407.21018632259387,822.8096571228349,2252.904580843443,373.5413286675981,197.976904193827,1175.4423673183355,1272304.0755097177,6573.538026862609,1077.3533173171984,122454167.64273037
2293,2294.0,30.0,494.0,9706552.995458249,3764.575032860972,407.21018632259387,822.8096571228349,2252.2421452122962,373.4314939733464,197.9186918058736,1175.4423673183355,1272304.0755097177,6573.538026862609,1077.3533173171984,122454167.64273037
2294,2295.0,30.0,494.0,11281487.444649052,0.0,407.21018632259387,822.8096571228349,2257.553669551018,374.31216769366597,198.38544887764297,1175.4423673183355,1272304.0755097177,6573.538026862609,1077.3533173171984,122454167.64273037
2295,2296.0,30.0,494.0,12304509.250086369,0.0,435.6586000000001,877.9044395415225,2410.8627372603196,399.7314745457491,211.85768150924704,1254.1491993450322,1272304.0755097177,6573.538026862609,1077.3533173171984,122454167.64273037
2296,2297.0,30.0,494.0,12375513.962285668,0.0,485.05860000000007,974.2023816013804,2675.311929826436,443.5782950441292,235.0964963733885,1391.717688001972,1272304.0755097177,6573.538026862609,1077.3533173171984,122454167.64273037
2297,2298.0,30.0,494.0,11486444.034422638,0.0,534.4586,1071.3153564823324,2941.999329843749,487.79622002348145,258.5319966124452,1530.450509260475,1272304.0755097177,6573.538026862609,1077.3533173171984,122454167.64273037
2298,2299.0,30.0,494.0,10558246.767489962,0.0,534.4586,1075.2731449059308,2952.8680351408734,489.59829839471206,259.4870981491974,1536.1044927227586,1272304.0755097177,6573.538026862609,1077.3533173171984,122454167.64273037
2299,2300.0,30.0,494.0,9600499.347054336,5743.247472646025,534.4586,1077.1454442299173,2961.0764111139147,490.9592826517663,260.2084198054361,1538.7792060427391,1272304.0755097177,6573.538026862609,1077.3533173171984,122454167.64273037
2300,2301.0,30.0,494.0,8629561.751383832,18348.12479023354,534.4586,1077.1454442299173,2964.7403486791586,491.5667793553168,260.5303930583179,1538.7792060427391,1272304.0755097177,6573.538026862609,1077.3533173171984,122454167.64273037
2301,2302.0,30.0,494.0,7652015.901084846,34390.66660994558,534.4586,1077.1454442299173,2966.5759749648482,491.87113413692805,260.69170109257186,1538.7792060427391,1272304.0755097177,6573.538026862609,1077.3533173171984,122454167.64273037
2302,2303.0,30.0,494.0,6677775.277175954,48713.804430946155,534.4586,1077.1454442299173,2965.6578565231557,491.7189061262523,260.6110202469137,1538.7792060427391,1272304.0755097177,6573.538026862609,1077.3533173171984,122454167.64273037
2303,2304.0,30.0,494.0,5716733.599216849,56170.74981415948,534.4586,1077.1454442299173,2961.9914826482145,491.11100547201113,260.28883290016597,1538.7792060427391,1272304.0755097177,6573.538026862609,1077.3533173171984,122454167.64273037
2304,2305.0,30.0,494.0,4785261.681592381,48245.28014928289,534.4586,1077.1454442299173,2953.7776603330376,489.74911818786256,259.5670326395672,1538.7792060427391,1272304.0755097177,6573.538026862609,1077.3533173171984,122454167.64273037
2305,2306.0,30.0,494.0,3905925.24777402,13198.533830058761,534.4586,1077.1454442299173,2939.295581498008,487.34792684762357,258.2944012292405,1538.7792060427391,1272304.0755097177,6573.538026862609,1077.3533173171984,122454167.64273037
2306,2307.0,30.0,494.0,3087790.243223576,22067.301348314817,534.4586,1062.4157011275743,2922.295184479142,484.5291874547966,256.80046935104224,1517.7367158965346,1272304.0755097177,6573.538026862609,1077.3533173171984,122454167.64273037
2307,2308.0,30.0,494.0,2301561.6731100734,14338.09811336232,534.4586,1062.4157011275743,2913.432286024436,483.059680537918,256.02163068509657,1517.7367158965349,1272304.0755097177,6573.538026862609,1077.3533173171984,122454167.64273037
2308,2309.0,30.0,494.0,1528037.4434411898,0.0,534.4586,1062.4157011275743,2909.9033025675976,482.4745598095381,255.7115166990552,1517.7367158965346,1272304.0755097177,6573.538026862609,1077.3533173171984,122454167.64273037
2309,2310.0,30.0,494.0,760852.9704528823,0.0,534.4586,1058.9864618071915,2908.1422590452153,482.1825711728309,255.55676272160036,1512.8378025817024,1272304.0755097177,6573.538026862609,1077.3533173171984,122454167.64273037
2310,2311.0,30.0,494.0,0.0,0.0,534.4586,1058.346020927885,2906.383508340931,481.890962695286,255.40221022850162,1511.922887039836,1272304.0755097177,6573.538026862609,1077.3533173171984,122454167.64273037
2311,2312.0,30.0,494.0,143280.85904604383,0.0,485.05860000000007,966.8915420683578,2655.235222369007,440.2494900682384,233.33222973616637,1381.2736315262255,1272304.0755097177,6573.538026862609,1077.3533173171984,122454167.64273037
2312,2313.0,30.0,494.0,1184372.283091316,56170.74981415948,435.6586000000001,865.1545805569534,2405.84339875811,398.8992465015211,211.41660064580617,1235.935115081362,1272304.0755097177,6573.538026862609,1077.3533173171984,122454167.64273037
2313,2314.0,30.0,494.0,2827069.5572865102,46805.201437362935,402.81848284428895,817.0444249434993,2238.7306626053537,371.19123168785853,196.73135279456503,1167.2063213478561,1272304.0755097177,6573.538026862609,1077.3533173171984,122454167.64273037
2314,2315.0,30.0,494.0,4474520.259242768,34966.88365376927,402.81848284428895,817.0444249434993,2237.4102660050576,370.97230421767773,196.6153212353692,1167.2063213478561,1272304.0755097177,6573.538026862609,1077.3533173171984,122454167.64273037
2315,2316.0,30.0,494.0,6117217.533437967,25601.33527697064,402.81848284428867,817.0444249434993,2238.7306626053523,371.1912316878583,196.7313527945649,1167.2063213478561,1272304.0755097177,6573.538026862609,1077.3533173171984,122454167.64273037
2316,2317.0,30.0,494.0,7759914.807633188,16235.786900170147,402.8184828442886,817.0444249434993,2238.7306626053523,371.19123168785825,196.73135279456488,1167.2063213478561,1272304.0755097177,6573.538026862609,1077.3533173171984,122454167.64273037
2317,2318.0,30.0,494.0,9412112.764624415,1927.9108090158552,402.8184828442886,817.0444249434993,2236.0915840509,370.7536610432466,196.49944035292071,1167.2063213478561,1272304.0755097177,6573.538026862609,1077.3533173171984,122454167.64273037
2318,2319.0,30.0,494.0,11040512.59855112,0.0,402.8184828442886,817.0444249434993,2242.702173791045,371.84972542866575,197.08035447719286,1167.2063213478561,1272304.0755097177,6573.538026862609,1077.3533173171984,122454167.64273037
2319,2320.0,30.0,494.0,12077896.328616744,0.0,433.16884000000005,876.4517095479667,2406.8733137524564,399.07001086441255,211.50710575813866,1252.0738707828098,1272304.0755097177,6573.538026862609,1077.3533173171984,122454167.64273037
2320,2321.0,30.0,494.0,12150809.840937385,0.0,482.56884,974.0093036358746,2674.781707570507,443.4903818996255,235.04990240680152,1391.4418623369638,1272304.0755097177,6573.538026862609,1077.3533173171984,122454167.64273037
2321,2322.0,30.0,494.0,11265411.855987439,0.0,531.96884,1070.9439340064098,2940.979345701226,487.62710223879685,258.4423641865624,1529.9199057234428,1272304.0755097177,6573.538026862609,1077.3533173171984,122454167.64273037
2322,2323.0,30.0,494.0,10347300.770058848,0.0,531.96884,1074.2529127264506,2950.066318195294,489.1337616010541,259.2408936485587,1534.647018180644,1272304.0755097177,6573.538026862609,1077.3533173171984,122454167.64273037
2323,2324.0,30.0,494.0,9399561.44583755,3657.3259735838033,531.96884,1076.538706289862,2958.296384387713,490.4983421903428,259.9641213608817,1537.9124375569459,1272304.0755097177,6573.538026862609,1077.3533173171984,122454167.64273037
2324,2325.0,30.0,494.0,8428654.757944966,19366.4913780176,531.96884,1076.538706289862,2964.731763185292,491.565355843281,260.5296385969389,1537.9124375569456,1272304.0755097177,6573.538026862609,1077.3533173171984,122454167.64273037
2325,2326.0,30.0,494.0,7451108.907645978,38529.39974658706,531.96884,1076.538706289862,2966.5759749648487,491.8711341369281,260.6917010925719,1537.9124375569456,1272304.0755097177,6573.538026862609,1077.3533173171984,122454167.64273037
2326,2327.0,30.0,494.0,6483518.475031495,52513.42384057585,531.96884,1076.538706289862,2963.8105811635974,491.41261987778364,260.4486885352253,1537.9124375569456,1272304.0755097177,6573.538026862609,1077.3533173171984,122454167.64273037
2327,2328.0,30.0,494.0,5535779.150810197,56170.74981415948,531.96884,1076.538706289862,2958.296384387713,490.4983421903428,259.9641213608817,1537.9124375569456,1272304.0755097177,6573.538026862609,1077.3533173171984,122454167.64273037
2328,2329.0,30.0,494.0,4624228.066722417,41002.67702583317,531.96884,1076.538706289862,2948.2440954617355,488.8316291863884,259.08076346878585,1537.9124375569456,1272304.0755097177,6573.538026862609,1077.3533173171984,122454167.64273037
2329,2330.0,30.0,494.0,3761600.617239533,384.1560554150492,531.96884,1076.538706289862,2934.6541969603754,486.57836520627103,257.88653355932365,1537.9124375569456,1272304.0755097177,6573.538026862609,1077.3533173171984,122454167.64273037
2330,2331.0,30.0,494.0,2963455.207562102,14631.823499847347,531.96884,1059.3478267277478,2916.7425192366386,483.60853152912284,256.3125217104351,1513.354038182497,1272304.0755097177,6573.538026862609,1077.3533173171984,122454167.64273037
2331,2332.0,30.0,494.0,2197234.344394788,12272.09815234775,531.96884,1059.3478267277478,2907.8745896504947,482.1381904288803,255.53324092730654,1513.3540381824969,1272304.0755097177,6573.538026862609,1077.3533173171984,122454167.64273037
2332,2333.0,30.0,494.0,1450068.1281909496,0.0,531.96884,1059.3478267277478,2902.5816321606408,481.26059517244875,255.06811544139782,1513.354038182497,1272304.0755097177,6573.538026862609,1077.3533173171984,122454167.64273037
2333,2334.0,30.0,494.0,718723.8389793374,0.0,531.96884,1055.361174020599,2898.1866524405773,480.5318885161352,254.6819009135517,1507.6588200294273,1272304.0755097177,6573.538026862609,1077.3533173171984,122454167.64273037
2334,2335.0,30.0,494.0,0.0,0.0,531.96884,1054.0845967470723,2894.6809718205013,479.95063149893076,254.37383469443333,1505.8351382101034,1272304.0755097177,6573.538026862609,1077.3533173171984,122454167.64273037
2335,2336.0,30.0,494.0,191382.40098338388,0.0,482.56884,962.0259997042842,2641.8736829419677,438.034089010839,232.1580671757447,1374.3228567204062,1272304.0755097177,6573.538026862609,1077.3533173171984,122454167.64273037
2336,2337.0,30.0,494.0,1285398.3209429681,56170.74981415948,433.16884000000005,859.8011892393993,2391.142149893023,396.4617158218677,210.12470938558988,1228.2874131991418,1272304.0755097177,6573.538026862609,1077.3533173171984,122454167.64273037
2337,2338.0,30.0,494.0,3034589.9491075478,50249.091667412315,397.3421717167752,805.6027176474325,2209.1488976138576,366.2864470408678,194.13181693165996,1150.861025210618,1272304.0755097177,6573.538026862609,1077.3533173171984,122454167.64273037
2338,2339.0,30.0,494.0,4783781.5772721255,44327.433520668186,397.3421717167752,805.6027176474325,2209.148897613858,366.2864470408678,194.13181693165996,1150.861025210618,1272304.0755097177,6573.538026862609,1077.3533173171984,122454167.64273037
2339,2340.0,30.0,494.0,6537652.881654542,35971.37208289653,397.3421717167752,805.6027176474325,2207.848987553348,366.07091632763644,194.01758565364733,1150.861025210618,1272304.0755097177,6573.538026862609,1077.3533173171984,122454167.64273037
2340,2341.0,30.0,494.0,8300865.337157011,22755.97252640128,397.3421717167752,805.6027176474325,2205.2542233533327,365.64069319475533,193.78956739322032,1150.861025210618,1272304.0755097177,6573.538026862609,1077.3533173171984,122454167.64273037
2341,2342.0,30.0,494.0,10075720.22557121,3484.090496227611,397.342171716775,805.6027176474325,2202.0202142111875,365.1044804842162,193.5053746566346,1150.861025210618,1272304.0755097177,6573.538026862609,1077.3533173171984,122454167.64273037
2342,2343.0,30.0,494.0,11820226.094640093,0.0,397.342171716775,805.6027176474325,2210.450497362662,366.5022579117302,194.24619669321703,1150.861025210618,1272304.0755097177,6573.538026862609,1077.3533173171984,122454167.64273037
2343,2344.0,30.0,494.0,12882206.98937435,0.0,432.81316000000004,873.9636698321664,2400.0407680111693,397.93714521351706,210.90668696316405,1248.5195283316664,1272304.0755097177,6573.538026862609,1077.3533173171984,122454167.64273037
2344,2345.0,30.0,494.0,12993743.74988648,0.0,482.21316,970.1025047528241,2664.0530275173164,441.71152031978085,234.10710576948387,1385.860721075463,1272304.0755097177,6573.538026862609,1077.3533173171984,122454167.64273037
2345,2346.0,30.0,494.0,12147403.148838177,0.0,531.61316,1066.9932216518891,2930.1300723952136,485.8282457757821,257.4889702611645,1524.2760309312703,1272304.0755097177,6573.538026862609,1077.3533173171984,122454167.64273037
2346,2347.0,30.0,494.0,11252268.653593516,0.0,531.61316,1071.928796474621,2943.6839318942025,488.07553433335204,258.6800331966766,1531.3268521066018,1272304.0755097177,6573.538026862609,1077.3533173171984,122454167.64273037
2347,2348.0,30.0,494.0,10314451.596359847,0.0,531.61316,1076.2462009735295,2955.540199113371,490.0413547448087,259.7219180147486,1537.4945728193281,1272304.0755097177,6573.538026862609,1077.3533173171984,122454167.64273037
2348,2349.0,30.0,494.0,9350184.070873667,10588.944489402691,531.61316,1076.8627436692025,2962.8875514057354,491.25957754963395,260.367576101306,1538.3753480988607,1272304.0755097177,6573.538026862609,1077.3533173171984,122454167.64273037
2349,2350.0,30.0,494.0,8372638.220574677,28085.374907079055,531.61316,1076.8627436692025,2966.575974964849,491.87113413692816,260.691701092572,1538.3753480988607,1272304.0755097177,6573.538026862609,1077.3533173171984,122454167.64273037
2350,2351.0,30.0,494.0,7395092.370275687,45581.80532475649,531.61316,1076.8627436692025,2966.575974964849,491.87113413692816,260.691701092572,1538.3753480988607,1272304.0755097177,6573.538026862609,1077.3533173171984,122454167.64273037
2351,2352.0,30.0,494.0,6430824.844789507,56170.74981415948,531.61316,1076.8627436692025,2962.8875514057354,491.25957754963395,260.367576101306,1538.3753480988607,1272304.0755097177,6573.538026862609,1077.3533173171984,122454167.64273037
2352,2353.0,30.0,494.0,5496304.184687126,51285.14785696007,531.61316,1076.8627436692025,2954.624533243569,489.8895333811656,259.64145269201777,1538.3753480988607,1272304.0755097177,6573.538026862609,1077.3533173171984,122454167.64273037
2353,2354.0,30.0,494.0,4620745.406678518,15727.124746571295,531.61316,1076.8627436692025,2938.2462326619657,487.17394026968157,258.2021883429312,1538.3753480988607,1272304.0755097177,6573.538026862609,1077.3533173171984,122454167.64273037
2354,2355.0,30.0,494.0,3822717.857757373,14515.144714276435,531.61316,1062.3419475022283,2916.7097801376704,483.60310324483953,256.30964471976495,1517.631353574612,1272304.0755097177,6573.538026862609,1077.3533173171984,122454167.64273037
2355,2356.0,30.0,494.0,3050263.10674271,0.0,531.61316,1062.3419475022283,2909.606225163647,482.42530309039773,255.68541063791082,1517.631353574612,1272304.0755097177,6573.538026862609,1077.3533173171984,122454167.64273037
2356,2357.0,30.0,494.0,2293723.3923310693,0.0,531.61316,1057.9097286771482,2905.1853816628077,481.69230810730943,255.296923296874,1511.299612395926,1272304.0755097177,6573.538026862609,1077.3533173171984,122454167.64273037
2357,2358.0,30.0,494.0,1553046.7432848383,0.0,531.61316,1056.3051560698912,2900.7789746168605,480.96170675091406,254.90970457798446,1509.0073658141303,1272304.0755097177,6573.538026862609,1077.3533173171984,122454167.64273037
2358,2359.0,30.0,494.0,828181.4425228946,0.0,531.61316,1054.7058147221535,2896.386933426781,480.23348731558804,254.52374827726166,1506.7225924602194,1272304.0755097177,6573.538026862609,1077.3533173171984,122454167.64273037
2359,2360.0,30.0,494.0,448396.36546129547,0.0,513.5048397657366,1019.8004378923381,2800.531315732241,464.3402110985959,246.10031188225582,1456.857768417626,1272304.0755097177,6573.538026862609,1077.3533173171984,122454167.64273037
2360,2361.0,30.0,494.0,975239.981391279,56170.74981415948,464.10483976573664,917.1715096457611,2548.6900121234676,422.58383314841126,223.96943156865797,1310.2450137796588,1272304.0755097177,6573.538026862609,1077.3533173171984,122454167.64273037
2361,2362.0,30.0,494.0,2409389.6044366257,47017.451606509276,414.704839765737,838.0980585383325,2296.660565702536,380.79626030580624,201.82201796207733,1197.2829407690465,1272304.0755097177,6573.538026862609,1077.3533173171984,122454167.64273037
2362,2363.0,30.0,494.0,3848423.3915959513,35323.373943291605,414.704839765737,838.0980585383325,2295.303853448651,380.57131154310883,201.7027951178477,1197.2829407690465,1272304.0755097177,6573.538026862609,1077.3533173171984,122454167.64273037
2363,2364.0,30.0,494.0,5287457.178755277,23629.296280073002,414.704839765737,838.0980585383325,2295.303853448651,380.57131154310883,201.7027951178477,1197.2829407690465,1272304.0755097177,6573.538026862609,1077.3533173171984,122454167.64273037
2364,2365.0,30.0,494.0,6726490.965914602,11935.2186168544,414.704839765737,838.0980585383325,2295.303853448651,380.57131154310883,201.7027951178477,1197.2829407690465,1272304.0755097177,6573.538026862609,1077.3533173171984,122454167.64273037
2365,2366.0,30.0,494.0,8163083.463829216,1511.1182544175535,414.704839765737,838.0980585383325,2295.981989349959,380.6837494100943,201.76238718735,1197.2829407690465,1272304.0755097177,6573.538026862609,1077.3533173171984,122454167.64273037
2366,2367.0,30.0,494.0,9582542.452865211,0.0,414.704839765737,838.0980585383325,2300.741297371798,381.4728632754274,202.18061753597655,1197.2829407690465,1272304.0755097177,6573.538026862609,1077.3533173171984,122454167.64273037
2367,2368.0,30.0,494.0,10972447.415033866,0.0,414.704839765737,840.7936636735319,2308.9507492793928,382.83402592708654,202.90203374135587,1201.1338052479027,1272304.0755097177,6573.538026862609,1077.3533173171984,122454167.64273037
2368,2369.0,30.0,494.0,11402220.50224879,0.0,464.1048397657368,937.9124279487029,2575.65404787765,427.05458695995844,226.338931088778,1339.8748970695756,1272304.0755097177,6573.538026862609,1077.3533173171984,122454167.64273037
2369,2370.0,30.0,494.0,10855357.342149254,0.0,513.5048397657367,1036.7006339855993,2846.9418943538894,472.03528587005917,250.17870151113138,1481.0009056937135,1272304.0755097177,6573.538026862609,1077.3533173171984,122454167.64273037
2370,2371.0,30.0,494.0,9930712.711008357,0.0,531.61316,1074.9137905224156,2951.8811918653787,489.43467550919377,259.40037801987273,1535.5911293177367,1272304.0755097177,6573.538026862609,1077.3533173171984,122454167.64273037
2371,2372.0,30.0,494.0,8976380.663196364,4336.57814347706,531.61316,1077.0734932558266,2960.127696496239,490.8019816627113,260.12505028123695,1538.6764189368953,1272304.0755097177,6573.538026862609,1077.3533173171984,122454167.64273037
2372,2373.0,30.0,494.0,8005478.414318075,17293.101370971013,531.61316,1077.0734932558266,2964.7305301257657,491.5651513966757,260.52953024023816,1538.6764189368953,1272304.0755097177,6573.538026862609,1077.3533173171984,122454167.64273037
2373,2374.0,30.0,494.0,7027932.564019086,33705.67677172195,531.61316,1077.0734932558266,2966.575974964849,491.87113413692816,260.691701092572,1538.6764189368953,1272304.0755097177,6573.538026862609,1077.3533173171984,122454167.64273037
2374,2375.0,30.0,494.0,6053709.6252973825,48389.64820437749,531.61316,1077.0734932558269,2965.6529439711585,491.7180916038728,260.61058855005257,1538.6764189368955,1272304.0755097177,6573.538026862609,1077.3533173171984,122454167.64273037
2375,2376.0,30.0,494.0,5092756.137805907,56170.74981415948,531.61316,1077.0734932558269,2961.966985296095,491.10694370502057,260.2866801636609,1538.6764189368955,1272304.0755097177,6573.538026862609,1077.3533173171984,122454167.64273037
2376,2377.0,30.0,494.0,4161529.6796351913,48487.62384875212,531.61316,1077.0734932558269,2953.70947715144,489.7378131212994,259.56104095428867,1538.6764189368955,1272304.0755097177,6573.538026862609,1077.3533173171984,122454167.64273037
2377,2378.0,30.0,494.0,3285970.901626583,11845.745721437968,531.61316,1077.0734932558269,2938.2462326619657,487.17394026968157,258.2021883429312,1538.6764189368955,1272304.0755097177,6573.538026862609,1077.3533173171984,122454167.64273037
2378,2379.0,30.0,494.0,2484737.299542319,15065.812970938949,531.61316,1061.8044575669621,2917.6003504607593,483.75076365823963,256.38790473886706,1516.8635108099459,1272304.0755097177,6573.538026862609,1077.3533173171984,122454167.64273037
2379,2380.0,30.0,494.0,1718654.8160526268,0.0,531.61316,1061.8044575669621,2907.8361508511557,482.1318171096108,255.5298630680937,1516.8635108099459,1272304.0755097177,6573.538026862609,1077.3533173171984,122454167.64273037
2380,2381.0,30.0,494.0,977978.1670063958,0.0,531.61316,1056.3051560698912,2900.7789746168605,480.96170675091406,254.90970457798446,1509.0073658141303,1272304.0755097177,6573.538026862609,1077.3533173171984,122454167.64273037
2381,2382.0,30.0,494.0,259422.9813911803,0.0,531.61316,1054.067537208959,2894.634123663801,479.94286387182024,254.36971785206472,1505.8107674413702,1272304.0755097177,6573.538026862609,1077.3533173171984,122454167.64273037
2382,2383.0,30.0,494.0,0.0,0.0,507.5464443179448,1007.6256332618342,2767.0974002682356,458.79672323356203,243.1622633137879,1439.465190374049,1272304.0755097177,6573.538026862609,1077.3533173171984,122454167.64273037
2383,2384.0,30.0,494.0,654001.7993338248,53117.460348521825,458.1464443179449,904.9029658274636,2513.3682945112896,416.727339517982,220.86548994453045,1292.7185226106624,1272304.0755097177,6573.538026862609,1077.3533173171984,122454167.64273037
2384,2385.0,30.0,494.0,2215483.804622764,56170.74981415948,408.7464443179449,822.8446959162607,2261.290459523757,374.93174364163895,198.71382413006864,1175.4924227375152,1272304.0755097177,6573.538026862609,1077.3533173171984,122454167.64273037
2385,2386.0,30.0,494.0,3786537.7750643203,54244.62993940804,408.74644431794474,822.8446959162607,2258.6315803146977,374.4908899628085,198.48017168028852,1175.4924227375152,1272304.0755097177,6573.538026862609,1077.3533173171984,122454167.64273037
2386,2387.0,30.0,494.0,5367138.971127271,47351.97041725926,408.74644431794474,822.8446959162607,2255.9795731976437,374.05117570657075,198.2471231244825,1175.4924227375152,1272304.0755097177,6573.538026862609,1077.3533173171984,122454167.64273037
2387,2388.0,30.0,494.0,6954884.408730116,36742.82191018853,408.74644431794474,822.8446959162607,2253.995061658784,373.7221351057015,198.07273160602182,1175.4924227375152,1272304.0755097177,6573.538026862609,1077.3533173171984,122454167.64273037
2388,2389.0,30.0,494.0,8552134.007967966,21189.535970171914,408.74644431794474,822.8446959162607,2251.355016760172,373.28440423704643,197.84073424563462,1175.4924227375152,1272304.0755097177,6573.538026862609,1077.3533173171984,122454167.64273037
2389,2390.0,30.0,494.0,10154126.503122043,3168.9593694359064,408.74644431794474,822.8446959162607,2250.0375456723305,373.0659618294904,197.72495976962992,1175.4924227375152,1272304.0755097177,6573.538026862609,1077.3533173171984,122454167.64273037
2390,2391.0,30.0,494.0,11727569.595549801,0.0,408.74644431794474,822.8446959162607,2257.96793531853,374.38085475060296,198.4218530178196,1175.4924227375152,1272304.0755097177,6573.538026862609,1077.3533173171984,122454167.64273037
2391,2392.0,30.0,494.0,12837730.35092013,0.0,432.27964,869.0902054154677,2386.6574733900384,395.71813705079427,209.73061263692097,1241.557436307811,1272304.0755097177,6573.538026862609,1077.3533173171984,122454167.64273037
2392,2393.0,30.0,494.0,12993743.74988648,0.0,481.67963999999995,965.603626756512,2651.698405724477,439.6630705634423,233.02142739862444,1379.4337525093028,1272304.0755097177,6573.538026862609,1077.3533173171984,122454167.64273037
2393,2394.0,30.0,494.0,12189472.85396823,0.0,531.0796399999999,1062.7378085339274,2918.4440431924218,483.89065156412454,256.462045328986,1518.196869334182,1272304.0755097177,6573.538026862609,1077.3533173171984,122454167.64273037
2394,2395.0,30.0,494.0,11330285.228027305,0.0,531.0796399999999,1068.2927172886154,2933.6986904209425,486.41993808719764,257.8025671862148,1526.1324532694507,1272304.0755097177,6573.538026862609,1077.3533173171984,122454167.64273037
2395,2396.0,30.0,494.0,10422126.051327428,0.0,531.0796399999999,1073.2462623363492,2947.3018989650955,488.6754089300077,258.9979667329041,1533.2089461947846,1272304.0755097177,6573.538026862609,1077.3533173171984,122454167.64273037
2396,2397.0,30.0,494.0,9474436.482969007,3988.6759719810084,531.0796399999999,1076.4692442441244,2958.2825633146913,490.49605059662684,259.9629068162122,1537.8132060630348,1272304.0755097177,6573.538026862609,1077.3533173171984,122454167.64273037
2397,2398.0,30.0,494.0,8506862.702232378,18321.27101007557,531.0796399999999,1076.4692442441244,2963.805955641971,491.41185294628167,260.44828206152926,1537.813206063035,1272304.0755097177,6573.538026862609,1077.3533173171984,122454167.64273037
2398,2399.0,30.0,494.0,7529316.85193339,37841.41275672365,531.0796399999999,1076.4692442441244,2966.5759749648487,491.8711341369281,260.6917010925719,1537.813206063035,1272304.0755097177,6573.538026862609,1077.3533173171984,122454167.64273037
2399,2400.0,30.0,494.0,6558421.272717612,53902.03272076044,531.0796399999999,1076.4692442441244,2964.728677441735,491.5648442136461,260.52936743323244,1537.813206063035,1272304.0755097177,6573.538026862609,1077.3533173171984,122454167.64273037
2400,2401.0,30.0,494.0,5614037.997400049,56170.74981415948,531.0796399999999,1076.4692442441244,2957.36414858112,490.3437734594754,259.882199933522,1537.813206063035,1272304.0755097177,6573.538026862609,1077.3533173171984,122454167.64273037
2401,2402.0,30.0,494.0,4735320.1998780165,24279.784098134376,531.0796399999999,1076.4692442441244,2939.1237380823613,487.3194344656784,258.27930026680957,1537.813206063035,1272304.0755097177,6573.538026862609,1077.3533173171984,122454167.64273037
2402,2403.0,30.0,494.0,3934260.574246997,0.0,531.0796399999999,1067.1340529080787,2917.552023668191,483.7427508669037,256.38365795945896,1524.4772184401124,1272304.0755097177,6573.538026862609,1077.3533173171984,122454167.64273037
2403,2404.0,30.0,494.0,3155620.826926727,5528.713913713582,531.0796399999999,1059.0701521034873,2911.324279692983,482.7101639660285,255.8363869019951,1512.9573601478392,1272304.0755097177,6573.538026862609,1077.3533173171984,122454167.64273037
2404,2405.0,30.0,494.0,2383367.852641735,7734.979740775088,531.0796399999999,1059.0701521034873,2909.550176072072,482.4160099084692,255.68048525148868,1512.9573601478392,1272304.0755097177,6573.538026862609,1077.3533173171984,122454167.64273037
2405,2406.0,30.0,494.0,1630225.027702583,0.0,531.0796399999999,1059.0701521034873,2904.2418012537837,481.5358583922666,255.21400494790126,1512.9573601478392,1272304.0755097177,6573.538026862609,1077.3533173171984,122454167.64273037
2406,2407.0,30.0,494.0,1222053.0544047188,0.0,513.2216043412595,1022.6718145813023,2808.416564686758,465.6476194976869,246.79323833377407,1460.9597351161462,1272304.0755097177,6573.538026862609,1077.3533173171984,122454167.64273037
2407,2408.0,30.0,494.0,1732063.7829331178,52158.905908409506,463.82160434125956,919.6542619509352,2553.365814179463,423.3591013632459,224.38032372252033,1313.7918027870503,1272304.0755097177,6573.538026862609,1077.3533173171984,122454167.64273037
2408,2409.0,30.0,494.0,3146853.099073859,56170.74981415948,414.4216043412595,837.4964935739607,2302.03842873159,381.6879332680553,202.2946046320693,1196.4235622485153,1272304.0755097177,6573.538026862609,1077.3533173171984,122454167.64273037
2409,2410.0,30.0,494.0,4571461.369472731,55074.6987614315,414.4216043412595,837.4964935739607,2299.3109414376654,381.2357040718613,202.0549231580865,1196.4235622485153,1272304.0755097177,6573.538026862609,1077.3533173171984,122454167.64273037
2410,2411.0,30.0,494.0,6010750.240460649,46341.68721730262,414.4216043412595,837.4964935739607,2295.2329968296,380.559563209047,201.6965685007949,1196.4235622485153,1272304.0755097177,6573.538026862609,1077.3533173171984,122454167.64273037
2411,2412.0,30.0,494.0,7452480.317881315,36338.7414518008,414.4216043412595,837.4964935739607,2294.5548839316116,380.44712915611154,201.63697845273913,1196.4235622485153,1272304.0755097177,6573.538026862609,1077.3533173171984,122454167.64273037
2412,2413.0,30.0,494.0,8901524.513517532,22530.935557940975,414.4216043412595,837.4964935739607,2292.5231844272917,380.11026458636894,201.45844023077555,1196.4235622485153,1272304.0755097177,6573.538026862609,1077.3533173171984,122454167.64273037
2413,2414.0,30.0,494.0,10355436.885792643,6190.66701509431,414.4216043412593,837.4964935739607,2291.170913138709,379.88605215493646,201.33960764211633,1196.4235622485153,1272304.0755097177,6573.538026862609,1077.3533173171984,122454167.64273037
2414,2415.0,30.0,494.0,11789838.5841112,0.0,414.4216043412593,837.4964935739607,2296.5905447933083,380.78465053604947,201.81586478410622,1196.4235622485153,1272304.0755097177,6573.538026862609,1077.3533173171984,122454167.64273037
2415,2416.0,30.0,494.0,12860117.531096531,0.0,433.3466800000001,873.1243095301726,2397.7357534969824,397.5549638324018,210.704130831173,1247.320442185961,1272304.0755097177,6573.538026862609,1077.3533173171984,122454167.64273037
2416,2417.0,30.0,494.0,12993743.74988648,0.0,482.7466800000001,967.868123260643,2657.917066884589,440.6941514942698,233.567900291963,1382.6687475152044,1272304.0755097177,6573.538026862609,1077.3533173171984,122454167.64273037
2417,2418.0,30.0,494.0,12160190.937270349,0.0,532.1466800000001,1065.6997178710626,2926.577908941833,485.23928170366696,257.1768193029435,1522.4281683872323,1272304.0755097177,6573.538026862609,1077.3533173171984,122454167.64273037
2418,2419.0,30.0,494.0,11281276.940603077,0.0,532.1466800000001,1070.2880689674341,2939.1782378449275,487.32847076215285,258.284089503941,1528.9829556677632,1272304.0755097177,6573.538026862609,1077.3533173171984,122454167.64273037
2419,2420.0,30.0,494.0,10356579.553809546,0.0,532.1466800000001,1074.919126834985,2951.8958462133332,489.4371052634996,259.40166578965477,1535.5987526214071,1272304.0755097177,6573.538026862609,1077.3533173171984,122454167.64273037
2420,2421.0,30.0,494.0,9402224.286605211,5720.599069012289,532.1466800000001,1076.8067267518616,2960.1341463274453,490.8030510726362,260.12561706849715,1538.295323931231,1272304.0755097177,6573.538026862609,1077.3533173171984,122454167.64273037
2421,2422.0,30.0,494.0,8431315.381429227,20052.52697376922,532.1466800000001,1076.8067267518616,2964.732379097348,491.56545796416515,260.52969272100756,1538.295323931231,1272304.0755097177,6573.538026862609,1077.3533173171984,122454167.64273037
2422,2423.0,30.0,494.0,7453769.531130239,37837.04439491547,532.1466800000001,1076.8067267518616,2966.575974964849,491.87113413692816,260.691701092572,1538.295323931231,1272304.0755097177,6573.538026862609,1077.3533173171984,122454167.64273037
2423,2424.0,30.0,494.0,6482860.625954255,52168.97229966988,532.1466800000001,1076.8067267518616,2964.732379097348,491.56545796416515,260.52969272100756,1538.295323931231,1272304.0755097177,6573.538026862609,1077.3533173171984,122454167.64273037
2424,2425.0,30.0,494.0,5531809.465502104,56170.74981415948,532.1466800000001,1076.8067267518616,2959.216338896283,490.6508746288523,260.0449635532917,1538.295323931231,1272304.0755097177,6573.538026862609,1077.3533173171984,122454167.64273037
2425,2426.0,30.0,494.0,4639857.839408049,29428.498416781425,532.1466800000001,1076.8067267518616,2942.7998015745893,487.92894170039636,258.6023391012101,1538.295323931231,1272304.0755097177,6573.538026862609,1077.3533173171984,122454167.64273037
2426,2427.0,30.0,494.0,3819188.633258365,0.0,532.1466800000001,1070.1187299793316,2922.99912936782,484.6459045635732,256.86232941869383,1528.7410428276169,1272304.0755097177,6573.538026862609,1077.3533173171984,122454167.64273037
2427,2428.0,30.0,494.0,3030580.6120740976,9391.72081860248,532.1466800000001,1059.3273175692318,2914.093244655204,483.1692703391155,256.0797132797312,1513.324739384617,1272304.0755097177,6573.538026862609,1077.3533173171984,122454167.64273037
2428,2429.0,30.0,494.0,2261108.595258603,8828.746089074879,532.1466800000001,1059.3273175692316,2908.7776878861005,482.28792802438875,255.61260185292605,1513.3247393846166,1272304.0755097177,6573.538026862609,1077.3533173171984,122454167.64273037
2429,2430.0,30.0,494.0,1507525.9480459057,0.0,532.1466800000001,1059.3273175692316,2904.363974107546,481.5561151801081,255.2247410454573,1513.3247393846166,1272304.0755097177,6573.538026862609,1077.3533173171984,122454167.64273037
2430,2431.0,30.0,494.0,1083173.034908209,0.0,514.6119764243524,1024.308540663468,2812.911270197823,466.39286112169924,247.1882163945006,1463.2979152335258,1272304.0755097177,6573.538026862609,1077.3533173171984,122454167.64273037
2431,2432.0,30.0,494.0,1567857.0521593392,56170.74981415948,465.21197642435243,921.4360156296134,2560.4010117564826,424.5255675654563,224.99855080969186,1316.3371651851621,1272304.0755097177,6573.538026862609,1077.3533173171984,122454167.64273037
2432,2433.0,30.0,494.0,2957336.160391446,53997.83060392644,415.8119764243515,841.2592514999649,2309.0690420395445,382.8536393786169,202.91242887066696,1201.7989307142357,1272304.0755097177,6573.538026862609,1077.3533173171984,122454167.64273037
2433,2434.0,30.0,494.0,4351744.424653206,49260.726800147444,415.8119764243515,841.2592514999649,2307.699832031308,382.62661843416555,202.79210777010775,1201.7989307142357,1272304.0755097177,6573.538026862609,1077.3533173171984,122454167.64273037
2434,2435.0,30.0,494.0,5748614.860332939,43242.78262965754,415.8119764243515,841.2592514999649,2307.015895526315,382.5132188019878,202.73200596505356,1201.7989307142357,1272304.0755097177,6573.538026862609,1077.3533173171984,122454167.64273037
2435,2436.0,30.0,494.0,7150404.833483116,34665.65751356259,415.8119764243515,841.2592514999649,2305.6493573400935,382.2866408571886,202.61191965431,1201.7989307142357,1272304.0755097177,6573.538026862609,1077.3533173171984,122454167.64273037
2436,2437.0,30.0,494.0,8557107.947363392,23532.67908497993,415.8119764243515,841.2592514999649,2304.2845960261643,382.0603575255047,202.4919894885175,1201.7989307142357,1272304.0755097177,6573.538026862609,1077.3533173171984,122454167.64273037
2437,2438.0,30.0,494.0,9973618.202323448,7297.951003470458,415.8119764243515,841.2592514999649,2301.5603901706695,381.60867240600237,202.25259637518127,1201.7989307142357,1272304.0755097177,6573.538026862609,1077.3533173171984,122454167.64273037
2438,2439.0,30.0,494.0,11372949.207111439,0.0,415.8119764243515,841.2592514999649,2306.332404107355,382.3998929670003,202.67194327251016,1201.7989307142357,1272304.0755097177,6573.538026862609,1077.3533173171984,122454167.64273037
2439,2440.0,30.0,494.0,12359334.548628641,0.0,437.0990887828829,881.6102722465401,2421.039532793685,401.41883128399525,212.75198058051748,1259.443246066486,1272304.0755097177,6573.538026862609,1077.3533173171984,122454167.64273037
2440,2441.0,30.0,494.0,12403944.741311206,0.0,486.49908878288295,976.8722264278792,2682.6437408033066,444.79394103159245,235.74078874674402,1395.5317520398276,1272304.0755097177,6573.538026862609,1077.3533173171984,122454167.64273037
2441,2442.0,30.0,494.0,11504587.819475181,0.0,535.8990887828829,1072.3559011916843,2944.8568281695807,488.2700056113722,258.78310297402726,1531.9370017024064,1272304.0755097177,6573.538026862609,1077.3533173171984,122454167.64273037
2442,2443.0,30.0,494.0,10569397.88928117,0.0,535.8990887828829,1075.9804631740242,2954.8104416023552,489.92035779154764,259.65778962952027,1537.1149473914631,1272304.0755097177,6573.538026862609,1077.3533173171984,122454167.64273037
2443,2444.0,30.0,494.0,9604695.709602362,8292.104728665203,535.8990887828829,1077.3533173171984,2963.0082886814657,491.27959631242555,260.37818604558555,1539.0761675959977,1272304.0755097177,6573.538026862609,1077.3533173171984,122454167.64273037
2444,2445.0,30.0,494.0,8627149.859303374,23265.58495664783,535.3478,1077.3533173171984,2966.5759749648487,491.8711341369281,260.6917010925719,1539.0761675959977,1272304.0755097177,6573.538026862609,1077.3533173171984,122454167.64273037
2445,2446.0,30.0,494.0,7649604.009004386,38239.065184632316,534.8142799999999,1077.3533173171984,2966.5759749648487,491.87113413692816,260.6917010925719,1539.0761675959977,1272304.0755097177,6573.538026862609,1077.3533173171984,122454167.64273037
2446,2447.0,30.0,494.0,6678662.021413218,49777.1656211419,534.8142799999999,1077.3533173171984,2964.741568657121,491.56698163294226,260.53050026545935,1539.0761675959977,1272304.0755097177,6573.538026862609,1077.3533173171984,122454167.64273037
2447,2448.0,30.0,494.0,5717609.38551892,56170.74981415948,534.8142799999999,1077.3533173171984,2961.994526519102,491.1115101589762,260.2891003842574,1539.0761675959977,1272304.0755097177,6573.538026862609,1077.3533173171984,122454167.64273037
2448,2449.0,30.0,494.0,4786106.968260815,47192.08469978999,534.8142799999999,1077.3533173171984,2953.786132453492,489.750522902096,259.5677771381109,1539.0761675959977,1272304.0755097177,6573.538026862609,1077.3533173171984,122454167.64273037
2449,2450.0,30.0,494.0,3900223.240010416,14482.229331429116,534.8142799999999,1077.3533173171984,2941.1142743957967,487.6494740002438,258.4542212201292,1539.0761675959977,1272304.0755097177,6573.538026862609,1077.3533173171984,122454167.64273037
2450,2451.0,30.0,494.0,3081983.9184722304,23465.51992333194,534.8142799999999,1062.4039845702903,2922.324161420181,484.533991957015,256.803015737218,1517.7199779575576,1272304.0755097177,6573.538026862609,1077.3533173171984,122454167.64273037
2451,2452.0,30.0,494.0,2298807.7216632776,14208.705375249729,534.8142799999999,1062.40398457029,2912.5844045509502,482.9190981205127,255.94712200387173,1517.7199779575574,1272304.0755097177,6573.538026862609,1077.3533173171984,122454167.64273037
2452,2453.0,30.0,494.0,1525150.5909115672,0.0,534.8142799999999,1062.40398457029,2909.9402195350494,482.48068080249527,255.71476082532251,1517.7199779575571,1272304.0755097177,6573.538026862609,1077.3533173171984,122454167.64273037
2453,2454.0,30.0,494.0,760993.9420211744,0.0,534.8142799999999,1058.6801929054886,2907.3011967957946,482.04311941228485,255.482853288511,1512.4002755792694,1272304.0755097177,6573.538026862609,1077.3533173171984,122454167.64273037
2454,2455.0,30.0,494.0,0.0,0.0,534.8142799999999,1058.3602804112618,2906.4226671099004,481.8974553886359,255.40565135597703,1511.943257730374,1272304.0755097177,6573.538026862609,1077.3533173171984,122454167.64273037
2455,2456.0,30.0,494.0,139685.32844509743,0.0,485.41427999999996,967.255235325489,2656.2339808692695,440.4150885495849,233.41999693128,1381.7931933221273,1272304.0755097177,6573.538026862609,1077.3533173171984,122454167.64273037
2456,2457.0,30.0,494.0,1179464.3630248103,56170.74981415948,436.01428,865.2873306993744,2406.207951387432,398.9596909050187,211.44863617965993,1236.1247581419634,1272304.0755097177,6573.538026862609,1077.3533173171984,122454167.64273037
2457,2458.0,30.0,494.0,2988019.8561591394,49021.40085539268,393.81454667322123,799.8366922498587,2192.6589351222606,363.55233990150373,192.68274014779698,1142.6238460712268,1272304.0755097177,6573.538026862609,1077.3533173171984,122454167.64273037
2458,2459.0,30.0,494.0,4798898.182975107,40663.69608399365,393.81454667322123,799.8366922498587,2192.01370354403,363.44535771367384,192.62603958824715,1142.6238460712268,1272304.0755097177,6573.538026862609,1077.3533173171984,122454167.64273037
2459,2460.0,30.0,494.0,6614417.652561714,29891.6334149451,393.81454667322123,799.8366922498587,2190.72449721885,363.23160172607936,192.51274891482208,1142.6238460712268,1272304.0755097177,6573.538026862609,1077.3533173171984,122454167.64273037
2460,2461.0,30.0,494.0,8432255.434174161,17913.56713311933,393.81454667322123,799.8366922498587,2190.0805216561166,363.12482779105414,192.4561587292587,1142.6238460712268,1272304.0755097177,6573.538026862609,1077.3533173171984,122454167.64273037
2461,2462.0,30.0,494.0,10252410.02352751,4730.279779028613,393.8145466732211,799.8366922498587,2189.43696395031,363.0181231385157,192.39960526341332,1142.6238460712268,1272304.0755097177,6573.538026862609,1077.3533173171984,122454167.64273037
2462,2463.0,30.0,494.0,12056315.317349564,0.0,393.8145466732211,799.8366922498587,2193.950657153448,363.7665130040407,192.79625189214158,1142.6238460712268,1272304.0755097177,6573.538026862609,1077.3533173171984,122454167.64273037
2463,2464.0,30.0,494.0,12993743.74988648,0.0,439.92676000000006,886.5623362566289,2434.638674177098,403.67362777395437,213.94702272019583,1266.5176232237557,1272304.0755097177,6573.538026862609,1077.3533173171984,122454167.64273037
2464,2465.0,30.0,494.0,12992418.590001393,0.0,489.32676000000004,981.5186555219343,2695.403560960987,446.9095744302671,236.8620744480416,1402.1695078884777,1272304.0755097177,6573.538026862609,1077.3533173171984,122454167.64273037
2465,2466.0,30.0,494.0,12050823.637319956,0.0,538.72676,1076.628340705601,2956.5896145155293,490.2153523597009,259.81413675064147,1538.0404867222874,1272304.0755097177,6573.538026862609,1077.3533173171984,122454167.64273037
2466,2467.0,30.0,494.0,11086381.009838039,8157.083694539325,538.72676,1077.3533173171984,2962.936190848996,491.26764217980764,260.371850355298,1539.0761675959977,1272304.0755097177,6573.538026862609,1077.3533173171984,122454167.64273037
2467,2468.0,30.0,494.0,10112114.208317991,21424.777716960758,538.72676,1077.3533173171984,2965.66512808181,491.720111782144,260.6116592445363,1539.0761675959977,1272304.0755097177,6573.538026862609,1077.3533173171984,122454167.64273037
2468,2469.0,30.0,494.0,9134568.358019004,36398.257944945246,538.72676,1077.3533173171984,2966.5759749648487,491.8711341369281,260.6917010925719,1539.0761675959977,1272304.0755097177,6573.538026862609,1077.3533173171984,122454167.64273037
2469,2470.0,30.0,494.0,8157022.507720016,51371.73817292601,539.0824399999999,1077.3533173171984,2966.5759749648487,491.8711341369281,260.6917010925719,1539.0761675959977,1272304.0755097177,6573.538026862609,1077.3533173171984,122454167.64273037
2470,2471.0,30.0,494.0,7188060.536924938,51408.39891423471,539.0824399999999,1077.3533173171984,2964.1915639915405,491.47578847931237,259.990809836921,1539.0761675959977,1272304.0755097177,6573.538026862609,1077.3533173171984,122454167.64273037
2471,2472.0,30.0,494.0,6230143.636048568,56170.74981415948,539.0824399999999,1077.3533173171984,2961.1234890141213,490.96708837134423,260.21255683681244,1539.0761675959977,1272304.0755097177,6573.538026862609,1077.3533173171984,122454167.64273037
2472,2473.0,30.0,494.0,5288525.049169175,52454.593358990736,539.0824399999999,1077.3533173171984,2956.5961795705166,490.2164408742272,259.81471366334046,1539.0761675959977,1272304.0755097177,6573.538026862609,1077.3533173171984,122454167.64273037
2473,2474.0,30.0,494.0,4376108.82239669,33547.14625876304,539.0824399999999,1077.3533173171984,2948.484412874154,488.871474853311,259.1018816722548,1539.0761675959977,1272304.0755097177,6573.538026862609,1077.3533173171984,122454167.64273037
2474,2475.0,30.0,494.0,3508777.640552772,0.0,539.0824399999999,1075.6395062726635,2935.960789282885,486.7950038674586,258.00135204975305,1536.6278661038052,1272304.0755097177,6573.538026862609,1077.3533173171984,122454167.64273037
2475,2476.0,30.0,494.0,2673398.739734074,6615.277660717256,539.0824399999999,1064.598125413631,2927.0851556647685,485.3233854053767,257.22139426484966,1520.8544648766156,1272304.0755097177,6573.538026862609,1077.3533173171984,122454167.64273037
2476,2477.0,30.0,494.0,1850742.642643284,6612.055702119896,539.0824399999999,1064.5981254136311,2923.5510435181272,484.7374143180338,256.91082958855793,1520.854464876616,1272304.0755097177,6573.538026862609,1077.3533173171984,122454167.64273037
2477,2478.0,30.0,494.0,1034435.5602141414,3306.027851059948,539.0824399999999,1064.5981254136311,2921.7874283343363,484.44499928873637,256.7558496230303,1520.854464876616,1272304.0755097177,6573.538026862609,1077.3533173171984,122454167.64273037
2478,2479.0,30.0,494.0,218128.47778499871,0.0,539.0824399999999,1064.5981254136311,2921.7874283343363,484.44499928873637,256.7558496230303,1520.854464876616,1272304.0755097177,6573.538026862609,1077.3533173171984,122454167.64273037
2479,2480.0,30.0,494.0,219894.28333647456,0.0,493.96733389973735,981.2059997801065,2694.5449594508314,446.7672145843923,236.78662372972795,1401.7228568287237,1272304.0755097177,6573.538026862609,1077.3533173171984,122454167.64273037
2480,2481.0,30.0,494.0,1125272.0915697971,56170.74981415948,444.5673338997373,878.8822142360322,2443.54162537254,405.1497756085702,214.72938107254222,1255.5460203371888,1272304.0755097177,6573.538026862609,1077.3533173171984,122454167.64273037
2481,2482.0,30.0,494.0,2927869.785013455,50420.874926044606,395.1673338997373,800.167212573549,2194.31387948078,363.8267368377117,192.8281705239872,1143.096017962213,1272304.0755097177,6573.538026862609,1077.3533173171984,122454167.64273037
2482,2483.0,30.0,494.0,4739733.443667243,39850.77420348395,395.1673338997373,800.167212573549,2191.740000255744,363.3999765240591,192.60198755775136,1143.096017962213,1272304.0755097177,6573.538026862609,1077.3533173171984,122454167.64273037
2483,2484.0,30.0,494.0,6553909.845592694,28077.566776581574,395.1673338997373,800.167212573549,2191.097571569171,363.2934590677953,192.5455333059315,1143.096017962213,1272304.0755097177,6573.538026862609,1077.3533173171984,122454167.64273037
2484,2485.0,30.0,494.0,8370397.494487346,15102.031033300018,395.1673338997373,800.167212573549,2190.455558522171,363.18701052637124,192.48911557897677,1143.096017962213,1272304.0755097177,6573.538026862609,1077.3533173171984,122454167.64273037
2485,2486.0,30.0,494.0,10186885.143381998,2126.495290018618,395.1673338997373,800.167212573549,2190.455558522171,363.18701052637124,192.48911557897677,1143.096017962213,1272304.0755097177,6573.538026862609,1077.3533173171984,122454167.64273037
2486,2487.0,30.0,494.0,11982517.580331003,0.0,395.1673338997373,800.167212573549,2196.2486729515167,364.1475339677374,192.99819300290082,1143.096017962213,1272304.0755097177,6573.538026862609,1077.3533173171984,122454167.64273037
2487,2488.0,30.0,494.0,12951236.247145906,0.0,439.92676000000006,883.3972826153204,2425.9469424332124,402.2325010384324,213.1832255503692,1261.9961180218863,1272304.0755097177,6573.538026862609,1077.3533173171984,122454167.64273037
2488,2489.0,30.0,494.0,12993743.74988648,0.0,489.32676000000004,977.0849166365341,2683.2278213427485,444.89078411256764,235.79211557966087,1395.8355951950489,1272304.0755097177,6573.538026862609,1077.3533173171984,122454167.64273037
2489,2490.0,30.0,494.0,12097529.96374491,0.0,538.72676,1072.0379683508345,2943.983734921121,488.12524297257534,258.70637877546494,1531.4828119297636,1272304.0755097177,6573.538026862609,1077.3533173171984,122454167.64273037
2490,2491.0,30.0,494.0,11165694.696316404,0.0,538.72676,1075.6411340559675,2953.8785908341592,489.76585290171266,259.5759020379077,1536.6301915085253,1272304.0755097177,6573.538026862609,1077.3533173171984,122454167.64273037
2491,2492.0,30.0,494.0,10207790.729313543,4755.622600195368,538.72676,1077.3533173171984,2961.1198962714802,490.9664926790672,260.2122411199056,1539.0761675959977,1272304.0755097177,6573.538026862609,1077.3533173171984,122454167.64273037
2492,2493.0,30.0,494.0,9233523.927793495,18023.316622616723,538.72676,1077.3533173171984,2965.66512808181,491.720111782144,260.6116592445363,1539.0761675959977,1272304.0755097177,6573.538026862609,1077.3533173171984,122454167.64273037
2493,2494.0,30.0,494.0,8255978.077494508,32996.79685059935,538.72676,1077.3533173171984,2966.5759749648487,491.8711341369281,260.6917010925719,1539.0761675959977,1272304.0755097177,6573.538026862609,1077.3533173171984,122454167.64273037
2494,2495.0,30.0,494.0,7279476.094012809,42048.644412100315,539.0824399999999,1077.3533173171984,2966.286011960046,491.82305701595305,260.41383601166797,1539.0761675959977,1272304.0755097177,6573.538026862609,1077.3533173171984,122454167.64273037
2495,2496.0,30.0,494.0,6303566.849505515,56170.74981415948,540.5939453747717,1077.3533173171984,2966.1213622449336,491.7957573806863,260.65175141176377,1539.0761675959977,1272304.0755097177,6573.538026862609,1077.3533173171984,122454167.64273037
2496,2497.0,30.0,494.0,5350875.796642406,56170.74981415948,540.5939453747717,1077.3533173171984,2959.6718645659967,490.7264027561213,259.98908957826546,1539.0761675959977,1272304.0755097177,6573.538026862609,1077.3533173171984,122454167.64273037
2497,2498.0,30.0,494.0,4402689.075816724,55871.38677597698,541.3905348908368,1077.3533173171984,2958.420661222264,490.51894782730386,259.97504234847105,1539.0761675959977,1272304.0755097177,6573.538026862609,1077.3533173171984,122454167.64273037
2498,2499.0,30.0,494.0,3493286.714135606,35396.10404875595,541.3905348908368,1077.3533173171984,2947.647228126552,488.73266599934595,259.0283129796534,1539.0761675959977,1272304.0755097177,6573.538026862609,1077.3533173171984,122454167.64273037
2499,2500.0,30.0,494.0,2609572.3269807342,1557.7408827450126,541.3905348908368,1077.3533173171984,2940.511679647039,487.5495611832461,258.40126742712044,1539.0761675959977,1272304.0755097177,6573.538026862609,1077.3533173171984,122454167.64273037
2500,2501.0,30.0,494.0,1735456.485108437,3253.745872011408,541.3905348908368,1069.4729497401092,2937.8454170685454,487.10748330981295,258.16696615420085,1527.8184996287275,1272304.0755097177,6573.538026862609,1077.3533173171984,122454167.64273037
2501,2502.0,30.0,494.0,864535.9994401429,3287.502172069624,541.3905348908368,1069.4729497401092,2936.9578181229895,486.960315563666,258.08896724874296,1527.8184996287275,1272304.0755097177,6573.538026862609,1077.3533173171984,122454167.64273037
2502,2503.0,30.0,494.0,0.0,0.0,541.3905348908368,1069.4729497401092,2935.1843497262807,486.66626682902825,257.933121419385,1527.8184996287275,1272304.0755097177,6573.538026862609,1077.3533173171984,122454167.64273037
2503,2504.0,30.0,494.0,34714.875727935294,0.0,491.9905348908368,977.8731524254576,2685.3924399573702,445.2496872459892,235.98233424037429,1396.9616463220825,1272304.0755097177,6573.538026862609,1077.3533173171984,122454167.64273037
2504,2505.0,30.0,494.0,968096.9396343082,56170.74981415948,442.5905348908368,876.0495422079903,2435.7626654633586,403.8599903931486,214.04579490836878,1251.4993460114147,1272304.0755097177,6573.538026862609,1077.3533173171984,122454167.64273037
2505,2506.0,30.0,494.0,2799563.072835642,49739.09248583857,393.1905348908371,797.3796958504571,2186.2948684369817,362.49715010537915,192.12348955585097,1139.1138512149387,1272304.0755097177,6573.538026862609,1077.3533173171984,122454167.64273037
2506,2507.0,30.0,494.0,4635650.979545794,40903.153297733144,393.1905348908371,797.3796958504571,2185.0110424623126,362.28428620318215,192.01067168768654,1139.1138512149387,1272304.0755097177,6573.538026862609,1077.3533173171984,122454167.64273037
2507,2508.0,30.0,494.0,6476354.669670736,29666.04834247101,393.1905348908371,797.3796958504571,2183.728880402646,362.0716981852929,191.89800003820525,1139.1138512149387,1272304.0755097177,6573.538026862609,1077.3533173171984,122454167.64273037
2508,2509.0,30.0,494.0,8323970.82894091,14833.024171235505,393.1905348908371,797.3796958504571,2181.808750084526,361.753332269424,191.72926610279472,1139.1138512149387,1272304.0755097177,6573.538026862609,1077.3533173171984,122454167.64273037
2509,2510.0,30.0,494.0,10171586.988211084,0.0,393.1905348908371,797.3796958504571,2181.808750084526,361.753332269424,191.72926610279472,1139.1138512149387,1272304.0755097177,6573.538026862609,1077.3533173171984,122454167.64273037
2510,2511.0,30.0,494.0,11989151.74349058,0.0,393.1905348908371,797.5352408250018,2190.1563623041584,363.13740249869045,192.46282332430596,1139.3360583214312,1272304.0755097177,6573.538026862609,1077.3533173171984,122454167.64273037
2511,2512.0,30.0,494.0,12974539.841406934,0.0,436.7256400000001,881.7111449169743,2421.3165449050316,401.4647610907919,212.7763233781197,1259.587349881392,1272304.0755097177,6573.538026862609,1077.3533173171984,122454167.64273037
2512,2513.0,30.0,494.0,12993743.74988648,0.0,486.1256400000001,979.4421097855585,2689.7010419708117,445.9640721047559,236.36095821552064,1399.2030139793694,1272304.0755097177,6573.538026862609,1077.3533173171984,122454167.64273037
2513,2514.0,30.0,494.0,12068714.67208858,0.0,535.5256400000001,1074.9526778724057,2951.9879826034353,489.4523818756872,259.40976239411424,1535.6466826748654,1272304.0755097177,6573.538026862609,1077.3533173171984,122454167.64273037
2514,2515.0,30.0,494.0,11117496.783317888,2516.440984761825,535.5256400000001,1077.1124070050926,2959.2626523180998,490.65855359460505,260.0490334051407,1538.732010007275,1272304.0755097177,6573.538026862609,1077.3533173171984,122454167.64273037
2515,2516.0,30.0,494.0,10149840.295625417,13584.366613371718,535.5256400000001,1077.1124070050926,2963.828929796372,491.4156621604991,260.45030094506455,1538.7320100072752,1272304.0755097177,6573.538026862609,1077.3533173171984,122454167.64273037
2516,2517.0,30.0,494.0,9175593.088207364,28080.834953762598,535.5256400000001,1077.1124070050923,2965.6596852756998,491.7192093413378,260.611180950909,1538.7320100072748,1272304.0755097177,6573.538026862609,1077.3533173171984,122454167.64273037
2517,2518.0,30.0,494.0,8198047.237908376,44293.28250115058,535.5256400000001,1077.1124070050923,2966.5759749648487,491.87113413692816,260.691701092572,1538.7320100072748,1272304.0755097177,6573.538026862609,1077.3533173171984,122454167.64273037
2518,2519.0,30.0,494.0,7230390.750215905,55361.20812975976,535.5256400000001,1077.1124070050923,2963.828929796372,491.4156621604991,260.45030094506455,1538.7320100072748,1272304.0755097177,6573.538026862609,1077.3533173171984,122454167.64273037
2519,2520.0,30.0,494.0,6282454.049936704,56170.74981415948,535.5256400000001,1077.1124070050923,2958.3512110704633,490.50743269159847,259.96893932654723,1538.7320100072748,1272304.0755097177,6573.538026862609,1077.3533173171984,122454167.64273037
2520,2521.0,30.0,494.0,5360688.844412047,43365.6801460376,535.5256400000001,1077.1124070050923,2951.0813514164233,489.30205850154715,259.33009100582,1538.7320100072748,1272304.0755097177,6573.538026862609,1077.3533173171984,122454167.64273037
2521,2522.0,30.0,494.0,4484392.554659184,6907.333404544741,535.5256400000001,1077.1124070050923,2938.4510970353695,487.20790766931685,258.22019106473795,1538.7320100072748,1272304.0755097177,6573.538026862609,1077.3533173171984,122454167.64273037
2522,2523.0,30.0,494.0,3672330.666879246,19477.16367288844,535.5256400000001,1061.0817452616159,2920.608207598446,484.2494793877951,256.65222407553136,1515.8310646594514,1272304.0755097177,6573.538026862609,1077.3533173171984,122454167.64273037
2523,2524.0,30.0,494.0,2898408.252722081,12206.548623389868,535.5256400000001,1061.081745261616,2910.013909369898,482.49289889599675,255.7212364148783,1515.8310646594516,1272304.0755097177,6573.538026862609,1077.3533173171984,122454167.64273037
2524,2525.0,30.0,494.0,2133974.2298449147,0.0,535.5256400000001,1061.081745261616,2907.3782451254538,482.05589435875936,255.48962401014248,1515.8310646594514,1272304.0755097177,6573.538026862609,1077.3533173171984,122454167.64273037
2525,2526.0,30.0,494.0,1375855.5299242008,0.0,535.5256400000001,1058.0694454050788,2905.6239887486618,481.76503106016145,255.33546646188557,1511.5277791501126,1272304.0755097177,6573.538026862609,1077.3533173171984,122454167.64273037
2526,2527.0,30.0,494.0,847498.694742946,0.0,523.0327513398136,1034.82869175118,2841.801248543256,471.18294454915224,249.72696061105069,1478.326702501686,1272304.0755097177,6573.538026862609,1077.3533173171984,122454167.64273037
2527,2528.0,30.0,494.0,1223562.7351718536,56042.97953315731,473.6327513398137,932.4479317311044,2590.5732275404375,429.528251508939,227.64997329973767,1332.0684739015778,1272304.0755097177,6573.538026862609,1077.3533173171984,122454167.64273037
2528,2529.0,30.0,494.0,2499800.084515675,56170.74981415948,424.2327513398137,852.2664672062788,2340.5250861751797,388.0691876184152,205.67666943776007,1217.5235245803983,1272304.0755097177,6573.538026862609,1077.3533173171984,122454167.64273037
2529,2530.0,30.0,494.0,3783500.4724851465,52416.19043267798,424.2327513398137,852.2664672062788,2338.4520198902765,387.72546425744235,205.49449605644446,1217.5235245803983,1272304.0755097177,6573.538026862609,1077.3533173171984,122454167.64273037
2530,2531.0,30.0,494.0,5077129.0531466985,43496.909425497055,424.2327513398137,852.2664672062788,2335.694188586921,387.2682038931748,205.25214806338266,1217.5235245803983,1272304.0755097177,6573.538026862609,1077.3533173171984,122454167.64273037
2531,2532.0,30.0,494.0,6378186.938800981,30712.84724918753,424.2327513398137,852.2664672062788,2333.6304927556066,386.9260341939564,205.0707981227969,1217.5235245803983,1272304.0755097177,6573.538026862609,1077.3533173171984,122454167.64273037
2532,2533.0,30.0,494.0,7684189.698929268,15356.423624593765,424.2327513398137,852.2664672062788,2332.2569165128275,386.6982893089237,204.95009333372957,1217.5235245803983,1272304.0755097177,6573.538026862609,1077.3533173171984,122454167.64273037
2533,2534.0,30.0,494.0,8990192.459057555,0.0,424.2327513398137,852.2664672062788,2332.2569165128275,386.6982893089237,204.95009333372957,1217.5235245803983,1272304.0755097177,6573.538026862609,1077.3533173171984,122454167.64273037
2534,2535.0,30.0,494.0,10256456.484343626,0.0,424.2327513398137,853.3001279594297,2343.2954539689986,388.5285265870518,205.92011909113745,1219.0001827991853,1272304.0755097177,6573.538026862609,1077.3533173171984,122454167.64273037
2535,2536.0,30.0,494.0,11482566.92184196,0.0,424.2327513398137,857.3617229641235,2354.449228354481,390.3778706467331,206.90027144276854,1224.8024613773193,1272304.0755097177,6573.538026862609,1077.3533173171984,122454167.64273037
2536,2537.0,30.0,494.0,11737240.341578087,0.0,473.63275133981455,955.6240192145941,2624.2928443995384,435.1191099016168,230.61312824785693,1365.177170306563,1272304.0755097177,6573.538026862609,1077.3533173171984,122454167.64273037
2537,2538.0,30.0,494.0,11020412.637225267,0.0,523.0327513398146,1053.8927999151676,2894.1542677575794,479.8633016860521,254.32754989360765,1505.5611427359538,1272304.0755097177,6573.538026862609,1077.3533173171984,122454167.64273037
2538,2539.0,30.0,494.0,10069273.462670092,2210.4612355529493,533.92508,1077.1639410077037,2959.240787258234,490.65492827306093,260.04711198472233,1538.8056300110054,1272304.0755097177,6573.538026862609,1077.3533173171984,122454167.64273037
2539,2540.0,30.0,494.0,9098342.465844756,14716.779497751175,533.92508,1077.1639410077037,2964.7385156666123,491.56647543390443,260.53023197996936,1538.8056300110054,1272304.0755097177,6573.538026862609,1077.3533173171984,122454167.64273037
2540,2541.0,30.0,494.0,8120796.615545768,30664.195031707095,533.92508,1077.1639410077037,2966.575974964849,491.87113413692816,260.691701092572,1538.8056300110054,1272304.0755097177,6573.538026862609,1077.3533173171984,122454167.64273037
2541,2542.0,30.0,494.0,7146559.293255944,44890.489039505024,533.92508,1077.1639410077037,2965.656939406748,491.7187540643831,260.6109396541231,1538.8056300110054,1272304.0755097177,6573.538026862609,1077.3533173171984,122454167.64273037
2542,2543.0,30.0,494.0,6182234.348517343,53960.28857860579,533.92508,1077.1639410077037,2962.9035011980745,491.26222209422457,260.36897770993903,1538.8056300110054,1272304.0755097177,6573.538026862609,1077.3533173171984,122454167.64273037
2543,2544.0,30.0,494.0,5231095.173962168,56170.74981415948,533.92508,1077.1639410077037,2959.240787258234,490.65492827306093,260.04711198472233,1538.8056300110054,1272304.0755097177,6573.538026862609,1077.3533173171984,122454167.64273037
2544,2545.0,30.0,494.0,4299669.081625758,48126.31519886665,533.92508,1077.1639410077037,2953.764931086355,489.74700762367826,259.5659140405495,1538.8056300110054,1272304.0755097177,6573.538026862609,1077.3533173171984,122454167.64273037
2545,2546.0,30.0,494.0,3410686.7745709848,18002.299483644776,533.92508,1077.1639410077037,2941.974990730345,487.79218449315454,258.5298577813719,1538.8056300110054,1272304.0755097177,6573.538026862609,1077.3533173171984,122454167.64273037
2546,2547.0,30.0,494.0,2589503.26560832,18141.82901029095,533.92508,1064.421413705467,2923.1419912603146,484.6695916835659,256.8748835922899,1520.6020195792387,1272304.0755097177,6573.538026862609,1077.3533173171984,122454167.64273037
2547,2548.0,30.0,494.0,1803462.183165729,0.0,533.92508,1064.421413705467,2913.3802061158494,483.05104546370507,256.01705409576374,1520.6020195792387,1272304.0755097177,6573.538026862609,1077.3533173171984,122454167.64273037
2548,2549.0,30.0,494.0,1033311.5786665268,0.0,533.92508,1059.286490412147,2908.966184464908,482.31918157285054,255.6291662336108,1513.266414874496,1272304.0755097177,6573.538026862609,1077.3533173171984,122454167.64273037
2549,2550.0,30.0,494.0,275836.09232332744,0.0,533.92508,1058.0043833969912,2905.445318310463,481.735406728334,255.31976556601703,1511.4348334242732,1272304.0755097177,6573.538026862609,1077.3533173171984,122454167.64273037
2550,2551.0,30.0,494.0,0.0,0.0,507.9542833570692,1009.2858437945994,2771.6565977493874,459.552657905296,243.56290868980687,1441.8369197065706,1272304.0755097177,6573.538026862609,1077.3533173171984,122454167.64273037
2551,2552.0,30.0,494.0,633102.9590636698,55906.66903421143,458.5542833570693,906.4745684076069,2519.173527919666,417.68987233851476,221.37563233941285,1294.9636691537241,1272304.0755097177,6573.538026862609,1077.3533173171984,122454167.64273037
2552,2553.0,30.0,494.0,2167966.275164875,56170.74981415948,409.1542833570693,826.0795619710448,2268.684539853683,376.1577141573016,199.36358850336987,1180.1136599586355,1272304.0755097177,6573.538026862609,1077.3533173171984,122454167.64273037
2553,2554.0,30.0,494.0,3710055.435283969,52675.891377219,409.1542833570693,826.0795619710448,2266.677360959826,375.82491521088366,199.18720506176834,1180.1136599586355,1272304.0755097177,6573.538026862609,1077.3533173171984,122454167.64273037
2554,2555.0,30.0,494.0,5261757.202136077,44180.481539526954,409.1542833570693,826.0795619710448,2264.007192422878,375.38218971263615,198.95256054769717,1180.1136599586355,1272304.0755097177,6573.538026862609,1077.3533173171984,122454167.64273037
2555,2556.0,30.0,494.0,6820652.088120951,31943.156219990924,409.1542833570693,826.0795619710448,2262.009103774887,375.0508979683197,198.77697592320945,1180.1136599586355,1272304.0755097177,6573.538026862609,1077.3533173171984,122454167.64273037
2556,2557.0,30.0,494.0,8384334.63050085,17215.255496988073,409.1542833570693,826.0795619710448,2260.6791992207136,374.83039403824154,198.66010884026804,1180.1136599586355,1272304.0755097177,6573.538026862609,1077.3533173171984,122454167.64273037
2557,2558.0,30.0,494.0,9952798.63822959,0.0,409.1542833570693,826.0795619710448,2259.351014401591,374.61017524767675,198.5433928812687,1180.1136599586355,1272304.0755097177,6573.538026862609,1077.3533173171984,122454167.64273037
2558,2559.0,30.0,494.0,11485250.209837086,0.0,409.1542833570693,826.3748625468813,2269.354468879714,376.26879128885196,199.42245938309154,1180.5355179241162,1272304.0755097177,6573.538026862609,1077.3533173171984,122454167.64273037
2559,2560.0,30.0,494.0,12083031.58719718,0.0,458.5542833570692,920.9181400258389,2528.9850783928814,419.31666986523555,222.23783502857486,1315.5973428940556,1272304.0755097177,6573.538026862609,1077.3533173171984,122454167.64273037
2560,2561.0,30.0,494.0,11716161.554858293,0.0,507.9542833570692,1018.4940619488368,2796.943803309265,463.7453860143537,245.78505458760748,1454.991517069767,1272304.0755097177,6573.538026862609,1077.3533173171984,122454167.64273037
2561,2562.0,30.0,494.0,10840434.218654733,0.0,532.50236,1069.96573353157,2938.2930543827856,487.1817035136086,258.20630286221257,1528.5224764736718,1272304.0755097177,6573.538026862609,1077.3533173171984,122454167.64273037
2562,2563.0,30.0,494.0,9915701.71984337,0.0,532.50236,1074.9226784677053,2951.9055995516196,489.43872240919376,259.4025228768727,1535.6038263824362,1272304.0755097177,6573.538026862609,1077.3533173171984,122454167.64273037
2563,2564.0,30.0,494.0,8954720.571754849,6356.395690746208,532.50236,1077.3533173171984,2961.9746687952747,491.1082176624338,260.2873553610899,1539.0761675959975,1272304.0755097177,6573.538026862609,1077.3533173171984,122454167.64273037
2564,2565.0,30.0,494.0,7977174.721455861,21329.87591872923,532.50236,1077.3533173171984,2966.5759749648487,491.87113413692816,260.6917010925719,1539.0761675959977,1272304.0755097177,6573.538026862609,1077.3533173171984,122454167.64273037
2565,2566.0,30.0,494.0,6999628.871156873,36303.35614671372,532.1466800000001,1077.3533173171984,2966.575974964849,491.87113413692816,260.691701092572,1539.0761675959977,1272304.0755097177,6573.538026862609,1077.3533173171984,122454167.64273037
2566,2567.0,30.0,494.0,6022083.0208578855,51276.836374697275,532.1466800000001,1077.3533173171984,2966.575974964849,491.87113413692816,260.691701092572,1539.0761675959977,1272304.0755097177,6573.538026862609,1077.3533173171984,122454167.64273037
2567,2568.0,30.0,494.0,5055353.462811674,56170.74981415948,532.1466800000001,1077.3533173171984,2963.571449339083,491.372970786466,260.2187302416407,1539.0761675959977,1272304.0755097177,6573.538026862609,1077.3533173171984,122454167.64273037
2568,2569.0,30.0,494.0,4104512.2063470613,56170.74981415948,532.1466800000001,1077.3533173171984,2959.1580322330774,490.6412071317779,259.98908957826507,1539.0761675959977,1272304.0755097177,6573.538026862609,1077.3533173171984,122454167.64273037
2569,2570.0,30.0,494.0,3192939.213666821,36824.64590228442,532.1466800000001,1077.3533173171984,2948.2501811818634,488.8326382251209,259.0812982593141,1539.0761675959977,1272304.0755097177,6573.538026862609,1077.3533173171984,122454167.64273037
2570,2571.0,30.0,494.0,2365832.444714647,0.0,532.1466800000001,1072.208038800925,2924.7873412574004,484.94239783312975,257.01947085155876,1531.7257697156072,1272304.0755097177,6573.538026862609,1077.3533173171984,122454167.64273037
2571,2572.0,30.0,494.0,1570829.0150219947,3325.487010893412,532.1466800000001,1061.153768095169,2915.8697470186444,483.46382211856644,256.2358257228402,1515.93395442167,1272304.0755097177,6573.538026862609,1077.3533173171984,122454167.64273037
2572,2573.0,30.0,494.0,782220.9938377272,3324.0336961033404,532.1466800000001,1061.1537680951692,2914.093244655204,483.1692703391155,256.0797132797312,1515.9339544216705,1272304.0755097177,6573.538026862609,1077.3533173171984,122454167.64273037
2573,2574.0,30.0,494.0,0.0,0.0,532.1466800000001,1061.1537680951692,2912.319070392276,482.87510456880403,255.92380542146614,1515.9339544216705,1272304.0755097177,6573.538026862609,1077.3533173171984,122454167.64273037
2574,2575.0,30.0,494.0,19128.386749441644,0.0,488.5297729301197,979.4497489206556,2689.722020229174,445.9675503907732,236.3628017071098,1399.213927029508,1272304.0755097177,6573.538026862609,1077.3533173171984,122454167.64273037
2575,2576.0,30.0,494.0,947502.6030128933,56170.74981415948,439.1297729301196,876.5560934302194,2437.1537342530596,404.0906356181578,214.16803687762365,1252.2229906145992,1272304.0755097177,6573.538026862609,1077.3533173171984,122454167.64273037
2576,2577.0,30.0,494.0,2783933.0338510675,52251.81918710703,389.7297729301196,796.3889640285175,2184.915896871197,362.26851065244455,192.00231064579563,1137.6985200407394,1272304.0755097177,6573.538026862609,1077.3533173171984,122454167.64273037
2577,2578.0,30.0,494.0,4625019.761294698,45910.647521850035,389.7297729301196,796.3889640285175,2183.622481147455,362.0540567283527,191.88865006602694,1137.6985200407394,1272304.0755097177,6573.538026862609,1077.3533173171984,122454167.64273037
2578,2579.0,30.0,494.0,6473079.52964368,35942.046748628374,389.7297729301196,796.3889640285175,2181.685525340413,361.7329010736103,191.71843756901347,1137.6985200407394,1272304.0755097177,6573.538026862609,1077.3533173171984,122454167.64273037
2579,2580.0,30.0,494.0,8323460.609850178,24765.881827295758,389.7297729301196,796.3889640285175,2181.0407164911026,361.6259889760648,191.66177415731434,1137.6985200407394,1272304.0755097177,6573.538026862609,1077.3533173171984,122454167.64273037
2580,2581.0,30.0,494.0,10176161.48683493,12382.940913647879,389.7297729301196,796.3889640285175,2180.396328497143,361.5191466581575,191.6051477288235,1137.6985200407394,1272304.0755097177,6573.538026862609,1077.3533173171984,122454167.64273037
2581,2582.0,30.0,494.0,12028862.363819683,0.0,389.7297729301196,796.3889640285175,2180.396328497143,361.5191466581575,191.6051477288235,1137.6985200407394,1272304.0755097177,6573.538026862609,1077.3533173171984,122454167.64273037
2582,2583.0,30.0,494.0,12993743.74988648,0.0,435.8457890487998,883.7854292586665,2427.0128537521305,402.40923374770745,213.27689388628497,1262.5506132266664,1272304.0755097177,6573.538026862609,1077.3533173171984,122454167.64273037
2583,2584.0,30.0,494.0,12993743.74988648,0.0,485.2457890487999,981.3846136326232,2695.0354609929077,446.84854186265284,236.829727187206,1401.978019475176,1272304.0755097177,6573.538026862609,1077.3533173171984,122454167.64273037
2584,2585.0,30.0,494.0,12919118.178212415,0.0,485.2457890487999,988.9331009741799,2715.7647864579253,450.2855537283249,238.65134347601222,1412.761572820257,1272304.0755097177,6573.538026862609,1077.3533173171984,122454167.64273037
2585,2586.0,30.0,494.0,11990137.811937451,0.0,527.0681584237716,1075.352356566757,2953.0855627359524,489.6343654112997,259.50621366798885,1536.2176522382244,1272304.0755097177,6573.538026862609,1077.3533173171984,122454167.64273037
2586,2587.0,30.0,494.0,11024502.132968783,8777.718185156584,527.0681584237717,1077.3533173171984,2963.26759403976,491.3225902629423,260.40097283935944,1539.0761675959977,1272304.0755097177,6573.538026862609,1077.3533173171984,122454167.64273037
2587,2588.0,30.0,494.0,10052172.633576196,21037.612852399237,527.0681584237717,1077.3533173171984,2965.12698860196,491.6308859276533,260.5643695416563,1539.0761675959977,1272304.0755097177,6573.538026862609,1077.3533173171984,122454167.64273037
2588,2589.0,30.0,494.0,9076492.836728167,35040.35783060547,527.0681584237717,1077.3533173171984,2966.0576267840324,491.7851897654616,260.64615057569466,1539.0761675959977,1272304.0755097177,6573.538026862609,1077.3533173171984,122454167.64273037
2589,2590.0,30.0,494.0,8104163.337335579,47300.25249784533,527.0681584237717,1077.3533173171984,2965.12698860196,491.6308859276533,260.5643695416563,1539.0761675959977,1272304.0755097177,6573.538026862609,1077.3533173171984,122454167.64273037
2590,2591.0,30.0,494.0,7138527.658366911,56077.97068300098,527.0681584237717,1077.3533173171984,2963.26759403976,491.3225902629423,260.40097283935944,1539.0761675959977,1272304.0755097177,6573.538026862609,1077.3533173171984,122454167.64273037
2591,2592.0,30.0,494.0,6189587.118980993,56170.74981415948,527.0681584237717,1077.3533173171984,2958.6300552667735,490.5536662660102,259.99344312098543,1539.0761675959977,1272304.0755097177,6573.538026862609,1077.3533173171984,122454167.64273037
2592,2593.0,30.0,494.0,5263925.631944755,44153.588211387396,527.0681584237717,1077.3533173171984,2952.163651836307,489.48150859468404,259.42519955518253,1539.0761675959977,1272304.0755097177,6573.538026862609,1077.3533173171984,122454167.64273037
2593,2594.0,30.0,494.0,4391064.82660632,4669.1089331917465,527.0681584237717,1077.3533173171984,2937.4967958091393,487.04968039638834,258.13633061008585,1539.0761675959977,1272304.0755097177,6573.538026862609,1077.3533173171984,122454167.64273037
2594,2595.0,30.0,494.0,3609260.4312619027,13182.267135513946,527.0681584237717,1058.8099523367425,2912.203348588579,482.8559173929794,255.9136362182791,1512.5856461953465,1272304.0755097177,6573.538026862609,1077.3533173171984,122454167.64273037
2595,2596.0,30.0,494.0,2869161.3549842425,0.0,527.0681584237717,1058.8099523367425,2900.6185377367024,480.93510562191324,254.89560597961403,1512.5856461953465,1272304.0755097177,6573.538026862609,1077.3533173171984,122454167.64273037
2596,2597.0,30.0,494.0,2145007.849255778,0.0,527.0681584237717,1054.6338155980002,2896.1892125841478,480.2007043442672,254.50637330246164,1506.6197365685716,1272304.0755097177,6573.538026862609,1077.3533173171984,122454167.64273037
2597,2598.0,30.0,494.0,1430396.5440188553,0.0,527.0681584237717,1053.6686078547937,2893.538601336497,479.7612215292169,254.27344741048498,1505.240868363991,1272304.0755097177,6573.538026862609,1077.3533173171984,122454167.64273037
2598,2599.0,30.0,494.0,1631074.147222435,0.0,477.6681584237725,961.0857762028439,2639.2916823252463,437.60598213530074,231.9311705317094,1372.9796802897772,1272304.0755097177,6573.538026862609,1077.3533173171984,122454167.64273037
2599,2600.0,30.0,494.0,2745240.254493313,56170.74981415948,428.2681584237725,857.7629678839415,2385.5448756398855,395.5336635291908,209.63284167047112,1225.375668405631,1272304.0755097177,6573.538026862609,1077.3533173171984,122454167.64273037
2600,2601.0,30.0,494.0,4014688.700422179,55521.998171503656,419.92842301560376,853.1041652375146,2342.410892679334,388.38186249739664,205.84238712362023,1218.7202360535923,1272304.0755097177,6573.538026862609,1077.3533173171984,122454167.64273037
2601,2602.0,30.0,494.0,5291689.931241918,50944.230174113065,419.92842301560376,853.1041652375146,2340.312896876313,388.03400571444047,205.65802302865345,1218.7202360535923,1272304.0755097177,6573.538026862609,1077.3533173171984,122454167.64273037
2602,2603.0,30.0,494.0,6576229.124384014,42445.15663527977,419.92842301560376,853.1041652375146,2338.2190184534365,387.68683161092963,205.4740207537927,1218.7202360535923,1272304.0755097177,6573.538026862609,1077.3533173171984,122454167.64273037
2603,2604.0,30.0,494.0,7865785.412514592,31336.151985231787,419.92842301560376,853.1041652375146,2336.8253809566363,387.4557604831676,205.35155305607884,1218.7202360535923,1272304.0755097177,6573.538026862609,1077.3533173171984,122454167.64273037
2604,2605.0,30.0,494.0,9162855.055473033,16318.642800220288,419.92842301560376,853.1041652375146,2334.738337948896,387.1097197210658,205.1681514521649,1218.7202360535923,1272304.0755097177,6573.538026862609,1077.3533173171984,122454167.64273037
2605,2606.0,30.0,494.0,10462425.879750844,0.0,419.92842301560376,853.1041652375146,2334.0435653601826,386.9945234193153,205.10709741223712,1218.7202360535923,1272304.0755097177,6573.538026862609,1077.3533173171984,122454167.64273037
2606,2607.0,30.0,494.0,11729353.429252878,0.0,419.92842301560376,853.2330115001158,2343.1111416867866,388.49796681307254,205.90392241092846,1218.9043021430227,1272304.0755097177,6573.538026862609,1077.3533173171984,122454167.64273037
2607,2608.0,30.0,494.0,12040374.404388776,0.0,469.3284230156038,949.9243803492395,2608.640745677381,432.52392420097686,229.23767982651776,1357.0348290703423,1272304.0755097177,6573.538026862609,1077.3533173171984,122454167.64273037
2608,2609.0,30.0,494.0,11380881.321773566,0.0,518.7284230156039,1048.0933178246376,2878.227983941577,477.2226549103508,252.92800710248594,1497.2761683209108,1272304.0755097177,6573.538026862609,1077.3533173171984,122454167.64273037
2609,2610.0,30.0,494.0,10459824.968288403,0.0,528.76772,1074.550830911458,2950.8844480721195,489.26941107498686,259.31278786974303,1535.0726155877971,1272304.0755097177,6573.538026862609,1077.3533173171984,122454167.64273037
2610,2611.0,30.0,494.0,9505617.546725199,3581.0308559799264,528.76772,1077.2077990983482,2960.093078093798,490.7962417817797,260.1220081443433,1538.8682844262116,1272304.0755097177,6573.538026862609,1077.3533173171984,122454167.64273037
2611,2612.0,30.0,494.0,8538087.322710754,14092.685247267063,528.76772,1077.2077990983482,2963.7938565524755,491.40984686488594,260.4472188383896,1538.8682844262119,1272304.0755097177,6573.538026862609,1077.3533173171984,122454167.64273037
2612,2613.0,30.0,494.0,7560541.472411767,29814.54488648069,528.76772,1077.2077990983482,2966.5759749648487,491.87113413692816,260.6917010925719,1538.8682844262119,1272304.0755097177,6573.538026862609,1077.3533173171984,122454167.64273037
2613,2614.0,30.0,494.0,6582995.622112779,45536.40452569432,528.76772,1077.2077990983482,2966.5759749648487,491.87113413692816,260.6917010925719,1538.8682844262119,1272304.0755097177,6573.538026862609,1077.3533173171984,122454167.64273037
2614,2615.0,30.0,494.0,5615465.398098335,56048.05891698324,528.76772,1077.2077990983482,2963.7938565524755,491.40984686488594,260.4472188383896,1538.8682844262119,1272304.0755097177,6573.538026862609,1077.3533173171984,122454167.64273037
2615,2616.0,30.0,494.0,4667905.975787381,56170.74981415948,528.76772,1077.2077990983482,2958.246411634839,490.4900564916654,259.9597299405827,1538.8682844262119,1272304.0755097177,6573.538026862609,1077.3533173171984,122454167.64273037
2616,2617.0,30.0,494.0,3750152.538274668,40788.13989405148,528.76772,1077.2077990983482,2949.9669714131055,489.1172894746565,259.232163421568,1538.8682844262119,1272304.0755097177,6573.538026862609,1077.3533173171984,122454167.64273037
2617,2618.0,30.0,494.0,2888212.701893864,0.0,528.76772,1076.502134661336,2934.463193320909,486.54669597630317,257.8697488674407,1537.8601923733372,1272304.0755097177,6573.538026862609,1077.3533173171984,122454167.64273037
2618,2619.0,30.0,494.0,2116838.701004425,12441.723347838037,528.76772,1056.9910147886048,2909.3060167955296,482.3755272438496,255.6590294392403,1509.9871639837213,1272304.0755097177,6573.538026862609,1077.3533173171984,122454167.64273037
2619,2620.0,30.0,494.0,1393298.382458793,0.0,528.76772,1056.9910147886048,2896.0188828111386,480.1724629308215,254.49140535333538,1509.9871639837208,1272304.0755097177,6573.538026862609,1077.3533173171984,122454167.64273037
2620,2621.0,30.0,494.0,688760.1117853541,0.0,528.76772,1052.649705457294,2890.7405361799742,479.2972902179873,254.02756381553328,1503.78529351042,1272304.0755097177,6573.538026862609,1077.3533173171984,122454167.64273037
2621,2622.0,30.0,494.0,0.0,0.0,528.76772,1051.0537212662448,2886.3577142666168,478.5705993786371,253.64241767067767,1501.5053160946356,1272304.0755097177,6573.538026862609,1077.3533173171984,122454167.64273037
2622,2623.0,30.0,494.0,0.0,0.0,491.49920898000005,981.3846136326232,2695.0354609929077,446.8485418626529,236.82972718720603,1401.978019475176,1272304.0755097177,6573.538026862609,1077.3533173171984,122454167.64273037
2623,2624.0,30.0,494.0,908325.7510798275,55075.60408737231,442.09920898000007,878.796970443908,2442.722752359622,405.0140029194576,214.65742154731254,1255.4242434912971,1272304.0755097177,6573.538026862609,1077.3533173171984,122454167.64273037
2624,2625.0,30.0,494.0,2433085.877044187,56170.74981415948,408.6466584617891,826.9399186876655,2271.4909815583633,376.6230343364643,199.6102081983261,1181.3427409823794,1272304.0755097177,6573.538026862609,1077.3533173171984,122454167.64273037
2625,2626.0,30.0,494.0,3967515.532993162,52235.732230187394,408.64665846178923,826.9399186876655,2268.805001007082,376.17768713781584,199.3741741830424,1181.3427409823794,1272304.0755097177,6573.538026862609,1077.3533173171984,122454167.64273037
2626,2627.0,30.0,494.0,5513996.785707834,42031.38201232627,408.64665846178923,826.9399186876655,2265.457335238832,375.62262966683363,199.07999372342184,1181.3427409823794,1272304.0755097177,6573.538026862609,1077.3533173171984,122454167.64273037
2627,2628.0,30.0,494.0,7065287.729228117,29324.993922410533,408.64665846178923,826.9399186876655,2264.1213100150517,375.4011109032482,198.96258877872157,1181.3427409823794,1272304.0755097177,6573.538026862609,1077.3533173171984,122454167.64273037
2628,2629.0,30.0,494.0,8618981.178259462,15368.804126016796,408.64665846178923,826.9399186876655,2263.4539473730892,375.29045928928224,198.9039434233196,1181.3427409823794,1272304.0755097177,6573.538026862609,1077.3533173171984,122454167.64273037
2629,2630.0,30.0,494.0,10175075.574897116,163.62305708229542,408.64665846178923,826.9399186876655,2262.7870174824484,375.17987942735795,198.84533609649972,1181.3427409823794,1272304.0755097177,6573.538026862609,1077.3533173171984,122454167.64273037
2630,2631.0,30.0,494.0,11702255.443869278,0.0,408.64665846178923,826.9399186876655,2270.8188307228625,376.5115888192893,199.55114207422332,1181.3427409823794,1272304.0755097177,6573.538026862609,1077.3533173171984,122454167.64273037
2631,2632.0,30.0,494.0,12681789.243926175,0.0,436.90348000000006,882.303315834992,2422.942738754881,401.73439106824804,212.91922726617148,1260.4333083357028,1272304.0755097177,6573.538026862609,1077.3533173171984,122454167.64273037
2632,2633.0,30.0,494.0,12706544.308614198,0.0,486.30348000000004,978.880602095491,2688.1590541351234,445.7084038488387,236.22545403988454,1398.4008601364158,1272304.0755097177,6573.538026862609,1077.3533173171984,122454167.64273037
2633,2634.0,30.0,494.0,11784760.689246751,0.0,535.70348,1074.6243949349316,2951.086466372754,489.30290658344103,259.3305404892238,1535.1777070499024,1272304.0755097177,6573.538026862609,1077.3533173171984,122454167.64273037
2634,2635.0,30.0,494.0,10833534.083409797,1282.0083497725657,535.70348,1077.3533173171984,2959.265073725395,490.6589550744129,260.04924618943886,1539.0761675959977,1272304.0755097177,6573.538026862609,1077.3533173171984,122454167.64273037
2635,2636.0,30.0,494.0,9862581.141515154,12825.807298572734,535.70348,1077.3533173171984,2964.7446115191974,491.5674861526421,260.5307676609003,1539.0761675959977,1272304.0755097177,6573.538026862609,1077.3533173171984,122454167.64273037
2636,2637.0,30.0,494.0,8885035.291216167,27799.28752655536,535.70348,1077.3533173171984,2966.5759749648487,491.87113413692816,260.6917010925719,1539.0761675959977,1272304.0755097177,6573.538026862609,1077.3533173171984,122454167.64273037
2637,2638.0,30.0,494.0,7910786.989095563,41057.3580201678,535.70348,1077.3533173171984,2965.6599893597418,491.71925975978786,260.61120767268756,1539.0761675959977,1272304.0755097177,6573.538026862609,1077.3533173171984,122454167.64273037
2638,2639.0,30.0,494.0,6946418.21250017,49176.02391979378,535.70348,1077.3533173171984,2962.91567671385,491.2642408474282,260.37004764913695,1539.0761675959977,1272304.0755097177,6573.538026862609,1077.3533173171984,122454167.64273037
2639,2640.0,30.0,494.0,5970278.858916093,56170.74981415948,537.65972,1077.3533173171984,2966.185281432936,491.8063554586594,260.3173081939764,1539.0761675959977,1272304.0755097177,6573.538026862609,1077.3533173171984,122454167.64273037
2640,2641.0,30.0,494.0,5021516.66972186,56170.74981415948,537.6981608827507,1077.3533173171984,2958.580513546861,490.5454520344631,259.98908957826546,1539.0761675959977,1272304.0755097177,6573.538026862609,1077.3533173171984,122454167.64273037
2641,2642.0,30.0,494.0,4111808.6498611495,35854.47280521598,537.6981608827507,1077.3533173171984,2947.7321331764388,488.74674362403323,259.03577412073764,1539.0761675959977,1272304.0755097177,6573.538026862609,1077.3533173171984,122454167.64273037
2642,2643.0,30.0,494.0,3250487.4954641666,0.0,537.6981608827507,1075.4802299042,2934.2913372142916,486.5182014901401,257.8546467897743,1536.4003284345717,1272304.0755097177,6573.538026862609,1077.3533173171984,122454167.64273037
2643,2644.0,30.0,494.0,2421161.5029983446,8689.610007198527,537.6981608827507,1063.5825223487018,2925.4037922334137,485.0446080725674,257.07364227846074,1519.4036033552884,1272304.0755097177,6573.538026862609,1077.3533173171984,122454167.64273037
2644,2645.0,30.0,494.0,1610932.729378838,7444.700991118327,537.6981608827507,1063.5825223487018,2920.0990092205484,484.1650520932471,256.607477609421,1519.4036033552884,1272304.0755097177,6573.538026862609,1077.3533173171984,122454167.64273037
2645,2646.0,30.0,494.0,803879.5830193227,4547.806433106773,537.6981608827502,1063.5825223487018,2919.2168905372173,484.01879299829216,256.52996028909484,1519.4036033552884,1272304.0755097177,6573.538026862609,1077.3533173171984,122454167.64273037
2646,2647.0,30.0,494.0,0.0,0.0,537.6981608827502,1063.5825223487018,2918.335345164942,483.8726289607912,256.45249334921937,1519.4036033552884,1272304.0755097177,6573.538026862609,1077.3533173171984,122454167.64273037
2647,2648.0,30.0,494.0,40431.390544287235,0.0,491.19652128144764,977.2949184667613,2683.80451917505,444.9864031087512,235.84279364763813,1396.135597809659,1272304.0755097177,6573.538026862609,1077.3533173171984,122454167.64273037
2648,2649.0,30.0,494.0,977798.0816854592,56170.74981415948,441.7965212814478,875.6464912488091,2434.655824564804,403.67647138245223,213.9485298326997,1250.92355892687,1272304.0755097177,6573.538026862609,1077.3533173171984,122454167.64273037
2649,2650.0,30.0,494.0,2809784.098950561,46406.970418938436,392.39652128144814,797.9750214298626,2186.150456197046,362.47320593107185,192.11079914346809,1139.9643163283752,1272304.0755097177,6573.538026862609,1077.3533173171984,122454167.64273037
2650,2651.0,30.0,494.0,4641770.116215676,36643.191023717634,392.39652128144814,797.9750214298626,2186.150456197046,362.47320593107185,192.11079914346809,1139.9643163283752,1272304.0755097177,6573.538026862609,1077.3533173171984,122454167.64273037
2651,2652.0,30.0,494.0,6473756.133480778,26879.411628496367,392.39652128144814,797.9750214298626,2186.150456197046,362.47320593107185,192.11079914346809,1139.9643163283752,1272304.0755097177,6573.538026862609,1077.3533173171984,122454167.64273037
2652,2653.0,30.0,494.0,8305742.15074588,17115.632233276032,392.39652128144814,797.9750214298626,2186.150456197046,362.47320593107185,192.11079914346809,1139.9643163283752,1272304.0755097177,6573.538026862609,1077.3533173171984,122454167.64273037
2653,2654.0,30.0,494.0,10137728.168010982,7351.852838054299,392.39652128144814,797.9750214298626,2186.150456197046,362.47320593107185,192.11079914346809,1139.9643163283752,1272304.0755097177,6573.538026862609,1077.3533173171984,122454167.64273037
2654,2655.0,30.0,494.0,11965077.716293989,0.0,392.39652128144814,797.9750214298626,2187.4383642476278,362.6867466591199,192.22397572933355,1139.9643163283752,1272304.0755097177,6573.538026862609,1077.3533173171984,122454167.64273037
2655,2656.0,30.0,494.0,12937599.813269906,0.0,438.85972000000004,883.0125600091029,2424.890434055153,402.0573273774418,213.09038351004418,1261.4465142987185,1272304.0755097177,6573.538026862609,1077.3533173171984,122454167.64273037
2656,2657.0,30.0,494.0,12993743.74988648,0.0,488.25972,975.7055711094199,2679.4399230438594,444.2627341829542,235.45924911696574,1393.8651015848857,1272304.0755097177,6573.538026862609,1077.3533173171984,122454167.64273037
2657,2658.0,30.0,494.0,12117049.659142692,0.0,537.65972,1070.063522188268,2938.5615973106264,487.22622909313066,258.22990141935924,1528.6621745546686,1272304.0755097177,6573.538026862609,1077.3533173171984,122454167.64273037
2658,2659.0,30.0,494.0,11201559.991113909,0.0,537.65972,1073.9877524149151,2949.3381465564585,489.0130275922632,259.17690462389953,1534.268217735593,1272304.0755097177,6573.538026862609,1077.3533173171984,122454167.64273037
2659,2660.0,30.0,494.0,10246967.482267503,4757.351395027659,537.65972,1077.0180222549252,2960.200046783576,490.81397765343866,260.1314081563225,1538.5971746498933,1272304.0755097177,6573.538026862609,1077.3533173171984,122454167.64273037
2660,2661.0,30.0,494.0,9269421.631968515,21455.206228987143,537.65972,1077.0180222549252,2966.5759749648487,491.87113413692805,260.6917010925719,1538.5971746498933,1272304.0755097177,6573.538026862609,1077.3533173171984,122454167.64273037
2661,2662.0,30.0,494.0,8291875.781669527,38153.061062946625,536.94836,1077.018022254925,2966.575974964849,491.8711341369281,260.6917010925719,1538.5971746498928,1272304.0755097177,6573.538026862609,1077.3533173171984,122454167.64273037
2662,2663.0,30.0,494.0,7320907.564662095,51429.18084799741,536.94836,1077.018022254925,2964.7488546060836,491.56818967480916,260.53114052764886,1538.5971746498928,1272304.0755097177,6573.538026862609,1077.3533173171984,122454167.64273037
2663,2664.0,30.0,494.0,6366345.394526329,56170.74981415948,536.94836,1077.018022254925,2960.191619363954,490.8125803507967,260.13066758592225,1538.5971746498928,1272304.0755097177,6573.538026862609,1077.3533173171984,122454167.64273037
2664,2665.0,30.0,494.0,5441177.899683677,45620.98430735245,536.94836,1077.018022254925,2952.026431782533,489.4587569159656,259.4131411654618,1538.5971746498928,1272304.0755097177,6573.538026862609,1077.3533173171984,122454167.64273037
2665,2666.0,30.0,494.0,4561390.5617723055,11464.114753554575,536.94836,1077.018022254925,2939.4208326349553,487.3686940281382,258.30540783491324,1538.5971746498928,1272304.0755097177,6573.538026862609,1077.3533173171984,122454167.64273037
2666,2667.0,30.0,494.0,3732958.674677234,17579.227836060974,536.94836,1063.992678887576,2925.1554296304275,485.0034284782341,257.05181709346414,1519.9895412679657,1272304.0755097177,6573.538026862609,1077.3533173171984,122454167.64273037
2667,2668.0,30.0,494.0,2930003.989167096,10440.906172790425,536.94836,1063.992678887576,2918.078429190168,483.8300311804018,256.42991652561295,1519.9895412679657,1272304.0755097177,6573.538026862609,1077.3533173171984,122454167.64273037
2668,2669.0,30.0,494.0,2133397.892752111,0.0,536.94836,1063.992678887576,2916.314932219292,483.5376357513173,256.27494694819814,1519.9895412679657,1272304.0755097177,6573.538026862609,1077.3533173171984,122454167.64273037
2669,2670.0,30.0,494.0,1339962.9952983055,0.0,536.94836,1061.6417312053782,2915.434043618965,483.3915806094474,256.19753772300714,1516.6310445791116,1272304.0755097177,6573.538026862609,1077.3533173171984,122454167.64273037
2670,2671.0,30.0,494.0,549697.2357639503,0.0,536.94836,1061.3211682008744,2914.5537275302286,483.2456203924767,256.12017880801267,1516.1730974298207,1272304.0755097177,6573.538026862609,1077.3533173171984,122454167.64273037
2671,2672.0,30.0,494.0,662116.3154485505,0.0,487.54836,970.0132568589023,2663.8079388582964,441.67088355952467,234.0855682865481,1385.7332240841463,1272304.0755097177,6573.538026862609,1077.3533173171984,122454167.64273037
2672,2673.0,30.0,494.0,1678626.025728941,56170.74981415948,438.14836,867.6410573909054,2412.6716525816882,400.0314005338876,212.01664228296045,1239.4872248441507,1272304.0755097177,6573.538026862609,1077.3533173171984,122454167.64273037
2673,2674.0,30.0,494.0,3209148.1243597902,49311.91695472784,410.05829331676875,827.9036935472753,2269.89043359545,376.3576565580414,199.46955797576197,1182.7195622103934,1272304.0755097177,6573.538026862609,1077.3533173171984,122454167.64273037
2674,2675.0,30.0,494.0,4742077.902698331,41200.590732231736,410.05829331676875,827.9036935472753,2269.2216336766464,376.24676663735556,199.41078631779845,1182.7195622103934,1272304.0755097177,6573.538026862609,1077.3533173171984,122454167.64273037
2675,2676.0,30.0,494.0,6279818.361223727,30586.71195400413,410.05829331676887,827.9036935472753,2267.885333624743,376.02520230607803,199.29335722222137,1182.7195622103934,1272304.0755097177,6573.538026862609,1077.3533173171984,122454167.64273037
2676,2677.0,30.0,494.0,7819961.823258599,18722.772406717762,410.05829331676887,827.9036935472753,2267.217832649888,375.9145277559198,199.2346997106375,1182.7195622103934,1272304.0755097177,6573.538026862609,1077.3533173171984,122454167.64273037
2677,2678.0,30.0,494.0,9360105.285293471,6858.832859430462,410.05829331676887,827.9036935472753,2267.217832649888,375.9145277559198,199.2346997106375,1182.7195622103934,1272304.0755097177,6573.538026862609,1077.3533173171984,122454167.64273037
2678,2679.0,30.0,494.0,10890627.383924318,0.0,410.05829331676887,827.9036935472753,2269.89043359545,376.35765655804147,199.469557975762,1182.7195622103934,1272304.0755097177,6573.538026862609,1077.3533173171984,122454167.64273037
2679,2680.0,30.0,494.0,12404251.90988152,0.0,410.05829331676887,828.2792461593897,2274.584203782574,377.135903966772,199.88202910238917,1183.2560659419853,1272304.0755097177,6573.538026862609,1077.3533173171984,122454167.64273037
2680,2681.0,30.0,494.0,12993743.74988648,0.0,459.4582933167689,921.7566390334695,2531.287727658196,419.6984590778524,222.4401833112618,1316.7951986192422,1272304.0755097177,6573.538026862609,1077.3533173171984,122454167.64273037
2681,2682.0,30.0,494.0,12640874.3795989,0.0,508.8582933167689,1017.0778742011667,2793.054730517236,463.1005609159575,245.44329728545748,1452.9683917159525,1272304.0755097177,6573.538026862609,1077.3533173171984,122454167.64273037
2682,2683.0,30.0,494.0,11702573.507042559,0.0,538.1932400000001,1076.295139611545,2955.6745922585583,490.06363770985035,259.7337279862207,1537.5644851593502,1272304.0755097177,6573.538026862609,1077.3533173171984,122454167.64273037
2683,2684.0,30.0,494.0,10741417.49194758,6801.5236777581395,538.1932400000001,1077.2844527103155,2962.023242963735,491.1162714697632,260.2916238789745,1538.977789586165,1272304.0755097177,6573.538026862609,1077.3533173171984,122454167.64273037
2684,2685.0,30.0,494.0,9776987.836764352,15306.019918894372,538.1932400000001,1077.2844527103155,2962.9325874326933,491.26704471779135,260.37153370042944,1538.977789586165,1272304.0755097177,6573.538026862609,1077.3533173171984,122454167.64273037
2685,2686.0,30.0,494.0,8799441.986465365,30633.660982273017,538.1932400000001,1077.2844527103155,2966.575974964849,491.8711341369281,260.6917010925719,1538.977789586165,1272304.0755097177,6573.538026862609,1077.3533173171984,122454167.64273037
2686,2687.0,30.0,494.0,7821896.136166377,45961.30204565634,538.1932400000001,1077.2844527103155,2966.575974964849,491.8711341369281,260.6917010925719,1538.977789586165,1272304.0755097177,6573.538026862609,1077.3533173171984,122454167.64273037
2687,2688.0,30.0,494.0,6854190.67956119,56169.89519245864,538.1932400000001,1077.2844527103152,2963.8425322721264,491.4179175098422,260.45149628021636,1538.9777895861648,1272304.0755097177,6573.538026862609,1077.3533173171984,122454167.64273037
2688,2689.0,30.0,494.0,5906107.65420639,56170.74981415948,538.1932400000001,1077.2844527103152,2958.3918569247967,490.5141719501368,259.97251113357254,1538.9777895861648,1272304.0755097177,6573.538026862609,1077.3533173171984,122454167.64273037
2689,2690.0,30.0,494.0,4993798.327769784,37561.85317857843,538.1932400000001,1077.2844527103152,2948.454718336409,488.8665513704536,259.0992722263404,1538.9777895861648,1272304.0755097177,6573.538026862609,1077.3533173171984,122454167.64273037
2690,2691.0,30.0,494.0,4129857.000775438,0.0,538.1932400000001,1076.077254879699,2935.0191629357814,486.6388781443382,257.91860541649925,1537.253221256713,1272304.0755097177,6573.538026862609,1077.3533173171984,122454167.64273037
2691,2692.0,30.0,494.0,3301085.3664901927,9502.314728332683,538.1932400000001,1063.3684222779043,2925.24980384992,485.0190761322187,257.0601103500759,1519.097746111292,1272304.0755097177,6573.538026862609,1077.3533173171984,122454167.64273037
2692,2693.0,30.0,494.0,2485040.3520203102,12384.144679522642,538.1932400000001,1063.3684222779045,2921.7146316789863,484.4329292882608,256.74945252277826,1519.0977461112923,1272304.0755097177,6573.538026862609,1077.3533173171984,122454167.64273037
2693,2694.0,30.0,494.0,1681688.9041914158,8662.684367196433,538.1932400000001,1063.3684222779045,2918.188640945378,483.84830476634323,256.43960152616194,1519.0977461112923,1272304.0755097177,6573.538026862609,1077.3533173171984,122454167.64273037
2694,2695.0,30.0,494.0,887836.0175835975,0.0,538.1932400000001,1063.3684222779045,2915.5501517173016,483.41083183459494,256.2077408723353,1519.0977461112923,1272304.0755097177,6573.538026862609,1077.3533173171984,122454167.64273037
2695,2696.0,30.0,494.0,992044.8504069988,0.0,488.7932400000001,970.843735515381,2666.0885629864074,442.0490209090822,234.28598108181356,1386.9196221648301,1272304.0755097177,6573.538026862609,1077.3533173171984,122454167.64273037
2696,2697.0,30.0,494.0,1998888.072199747,56170.74981415948,439.3932400000001,868.6188370493977,2415.3567882726998,400.47660765104735,212.2526020550551,1240.884052927711,1272304.0755097177,6573.538026862609,1077.3533173171984,122454167.64273037
2697,2698.0,30.0,494.0,3315424.0075339936,50876.18871710077,422.55460292030244,849.2445476305627,2329.3310345111727,386.21316541165965,204.69297766817962,1213.2064966150897,1272304.0755097177,6573.538026862609,1077.3533173171984,122454167.64273037
2698,2699.0,30.0,494.0,4636904.401057263,43009.48272638302,422.55460292030244,849.2445476305627,2327.9575739031106,385.9854396993634,204.5722830406626,1213.2064966150897,1272304.0755097177,6573.538026862609,1077.3533173171984,122454167.64273037
2699,2700.0,30.0,494.0,5965789.497343239,31290.79383438453,422.55460292030244,849.2445476305627,2325.9007120245756,385.6444030990889,204.39153364251712,1213.2064966150897,1272304.0755097177,6573.538026862609,1077.3533173171984,122454167.64273037
2700,2701.0,30.0,494.0,7299603.090520079,17008.263237881474,422.55460292030244,849.2445476305627,2324.531685110452,385.4174125124339,204.27122863158996,1213.2064966150897,1272304.0755097177,6573.538026862609,1077.3533173171984,122454167.64273037
2701,2702.0,30.0,494.0,8630953.231383096,4007.2393398955464,422.55460292030244,849.2445476305627,2325.215977419847,385.53087113852126,204.3313617034163,1213.2064966150897,1272304.0755097177,6573.538026862609,1077.3533173171984,122454167.64273037
2702,2703.0,30.0,494.0,9945014.536061892,0.0,422.55460292030244,849.2445476305627,2330.0184319154646,386.3271388759178,204.75338360423643,1213.2064966150897,1272304.0755097177,6573.538026862609,1077.3533173171984,122454167.64273037
2703,2704.0,30.0,494.0,11231748.754112268,0.0,422.55460292030244,851.2295375774158,2337.6092893122473,387.5857358807936,205.42044001682063,1216.0421965391656,1272304.0755097177,6573.538026862609,1077.3533173171984,122454167.64273037
2704,2705.0,30.0,494.0,11582384.66284984,0.0,471.9546029203007,945.91727101499,2597.6365974546934,430.69938880657554,228.27067606748506,1351.3103871642716,1272304.0755097177,6573.538026862609,1077.3533173171984,122454167.64273037
2705,2706.0,30.0,494.0,10988326.537460074,0.0,521.3546029203007,1041.474474776187,2860.0516069345094,474.20893294657327,251.33073446168385,1487.8206782516957,1272304.0755097177,6573.538026862609,1077.3533173171984,122454167.64273037
2706,2707.0,30.0,494.0,10051306.992369728,0.0,538.1235634330627,1076.165531436485,2955.3186679624478,490.00462392133716,259.7024506783087,1537.3793306235502,1272304.0755097177,6573.538026862609,1077.3533173171984,122454167.64273037
2707,2708.0,30.0,494.0,9084886.670061093,9185.895640214905,538.1235634330627,1077.3533173171984,2963.4855505230844,491.358728391057,260.4201260472602,1539.0761675959977,1272304.0755097177,6573.538026862609,1077.3533173171984,122454167.64273037
2708,2709.0,30.0,494.0,8108627.22803387,23490.176465373486,538.1235634330627,1077.3533173171984,2966.218639333803,491.8118863429753,260.6602997617769,1539.0761675959977,1272304.0755097177,6573.538026862609,1077.3533173171984,122454167.64273037
2709,2710.0,30.0,494.0,7132367.786006648,37794.45729052834,538.1235634330627,1077.3533173171984,2966.218639333803,491.8118863429753,260.6602997617769,1539.0761675959977,1272304.0755097177,6573.538026862609,1077.3533173171984,122454167.64273037
2710,2711.0,30.0,494.0,6159390.217321785,50391.48255067412,538.1235634330627,1077.3533173171984,2965.307007849814,491.6607338979584,260.58018896591796,1539.0761675959977,1272304.0755097177,6573.538026862609,1077.3533173171984,122454167.64273037
2711,2712.0,30.0,494.0,5199518.48860747,56170.74981415948,538.1235634330627,1077.3533173171984,2961.666496746884,491.0571214032346,260.26027434371434,1539.0761675959977,1272304.0755097177,6573.538026862609,1077.3533173171984,122454167.64273037
2712,2713.0,30.0,494.0,4262498.943517124,50062.13671334833,538.1235634330627,1077.3533173171984,2955.3186679624478,490.00462392133716,259.7024506783087,1539.0761675959977,1272304.0755097177,6573.538026862609,1077.3533173171984,122454167.64273037
2713,2714.0,30.0,494.0,3357943.311046576,27065.54845307488,538.1235634330627,1077.3533173171984,2946.3009144569482,488.5094413669211,258.9100039244682,1539.0761675959977,1272304.0755097177,6573.538026862609,1077.3533173171984,122454167.64273037
2714,2715.0,30.0,494.0,2495273.684645446,27474.318881295,538.1235634330627,1068.565443664677,2934.665912770999,486.58030773837123,257.88756310133675,1526.5220623781101,1272304.0755097177,6573.538026862609,1077.3533173171984,122454167.64273037
2715,2716.0,30.0,494.0,1655011.047422463,16226.802494348027,538.1235634330627,1068.565443664677,2928.4417491104027,485.54831446915193,257.34060666865054,1526.5220623781101,1272304.0755097177,6573.538026862609,1077.3533173171984,122454167.64273037
2716,2717.0,30.0,494.0,824320.1384601746,0.0,538.1235634330627,1068.565443664677,2925.7829357046553,485.10747170079543,257.1069600014216,1526.5220623781101,1272304.0755097177,6573.538026862609,1077.3533173171984,122454167.64273037
2717,2718.0,30.0,494.0,0.0,0.0,538.1235634330626,1064.7658191761307,2924.0132772318448,484.8140546680269,256.9514489740543,1521.0940273944725,1272304.0755097177,6573.538026862609,1077.3533173171984,122454167.64273037
2718,2719.0,30.0,494.0,0.0,0.0,492.94230588719995,981.3846136326232,2695.0354609929077,446.8485418626529,236.82972718720603,1401.978019475176,1272304.0755097177,6573.538026862609,1077.3533173171984,122454167.64273037
2719,2720.0,30.0,494.0,900431.8151152395,56170.74981415948,443.5423058872,879.3825087812633,2444.915512349786,405.37757201472226,214.85011316780282,1256.2607268303761,1272304.0755097177,6573.538026862609,1077.3533173171984,122454167.64273037
2720,2721.0,30.0,494.0,2490052.840479943,50744.84127496742,406.26835720065935,821.6471252142377,2253.474065058268,373.6357516147881,198.0269483558377,1173.781607448911,1272304.0755097177,6573.538026862609,1077.3533173171984,122454167.64273037
2721,2722.0,30.0,494.0,4084455.564512125,42831.456587652676,406.26835720065935,821.6471252142377,2252.1458154284114,373.4155220783232,197.9102267015113,1173.781607448911,1272304.0755097177,6573.538026862609,1077.3533173171984,122454167.64273037
2722,2723.0,30.0,494.0,5683633.785826559,32433.82176014688,406.2683572006594,821.6471252142377,2250.8192884055647,373.19557815755485,197.79365642350407,1173.781607448911,1272304.0755097177,6573.538026862609,1077.3533173171984,122454167.64273037
2723,2724.0,30.0,494.0,7282812.007140994,22036.186932645738,406.26835720065935,821.6471252142377,2250.8192884055643,373.1955781575548,197.79365642350405,1173.781607448911,1272304.0755097177,6573.538026862609,1077.3533173171984,122454167.64273037
2724,2725.0,30.0,494.0,8881990.22845543,11638.552105143666,406.2683572006593,821.6471252142377,2250.8192884055643,373.19557815755473,197.79365642350402,1173.781607448911,1272304.0755097177,6573.538026862609,1077.3533173171984,122454167.64273037
2725,2726.0,30.0,494.0,10483553.876660265,0.0,406.2683572006593,821.6471252142377,2250.156669824898,373.08571312948095,197.7354279586249,1173.781607448911,1272304.0755097177,6573.538026862609,1077.3533173171984,122454167.64273037
2726,2727.0,30.0,494.0,12056389.94598459,0.0,406.2683572006593,822.2899106601199,2258.136552847261,374.4088122665379,198.4366705012651,1174.6998723716,1272304.0755097177,6573.538026862609,1077.3533173171984,122454167.64273037
2727,2728.0,30.0,494.0,12993743.74988648,0.0,439.21301516559987,886.5698850538333,2434.6594043534947,403.6770649269082,213.94884441126135,1266.528407219762,1272304.0755097177,6573.538026862609,1077.3533173171984,122454167.64273037
2728,2729.0,30.0,494.0,12993743.74988648,0.0,488.61301516559985,981.3846136326231,2695.0354609929072,446.8485418626528,236.82972718720598,1401.9780194751759,1272304.0755097177,6573.538026862609,1077.3533173171984,122454167.64273037
2729,2730.0,30.0,494.0,12065265.678296613,0.0,538.0130151655998,1075.301548713804,2952.9460364345373,489.6112313467424,259.4939526137735,1536.1450695911487,1272304.0755097177,6573.538026862609,1077.3533173171984,122454167.64273037
2730,2731.0,30.0,494.0,11104104.258078357,10206.356954154997,538.37108,1076.6229485317026,2962.0247443868675,491.11652041221583,260.29175581847437,1538.0327836167185,1272304.0755097177,6573.538026862609,1077.3533173171984,122454167.64273037
2731,2732.0,30.0,494.0,10126558.40777937,28936.01950754497,538.37108,1076.6229485317026,2966.575974964849,491.87113413692816,260.6917010925719,1538.032783616718,1272304.0755097177,6573.538026862609,1077.3533173171984,122454167.64273037
2732,2733.0,30.0,494.0,9149012.557480382,47665.68206093432,538.37108,1076.6229485317026,2966.575974964849,491.87113413692816,260.6917010925719,1538.032783616718,1272304.0755097177,6573.538026862609,1077.3533173171984,122454167.64273037
2733,2734.0,30.0,494.0,8191121.541407,56170.74981415948,538.37108,1076.6229485317026,2961.1162987910693,490.96589620124735,260.2119249866611,1538.032783616718,1272304.0755097177,6573.538026862609,1077.3533173171984,122454167.64273037
2734,2735.0,30.0,494.0,7252807.756250817,54491.59260063991,538.37108,1076.6229485317026,2955.678179091847,490.0642324223312,259.7340431838355,1538.032783616718,1272304.0755097177,6573.538026862609,1077.3533173171984,122454167.64273037
2735,2736.0,30.0,494.0,6324253.628796728,47735.38694973383,538.37108,1076.6229485317026,2952.967163063488,489.6147342332453,259.49580914362,1538.032783616718,1272304.0755097177,6573.538026862609,1077.3533173171984,122454167.64273037
2736,2737.0,30.0,494.0,5411922.894228466,32539.648477667943,538.37108,1076.6229485317026,2948.460665039647,488.86753735958405,259.09979480057956,1538.032783616718,1272304.0755097177,6573.538026862609,1077.3533173171984,122454167.64273037
2737,2738.0,30.0,494.0,4525439.141176948,34494.461687326686,538.37108,1070.6736584929445,2941.2809479516627,487.6771091970655,258.4688678744447,1529.5337978470636,1272304.0755097177,6573.538026862609,1077.3533173171984,122454167.64273037
2738,2739.0,30.0,494.0,3667871.92421462,21406.67208779165,538.37108,1070.6736584929445,2933.2485768157767,486.34530730365066,257.76301287093486,1529.5337978470636,1272304.0755097177,6573.538026862609,1077.3533173171984,122454167.64273037
2739,2740.0,30.0,494.0,2826296.1728746127,0.0,538.37108,1070.6736584929445,2928.8065030317985,485.60879224774646,257.37265989130566,1529.5337978470636,1272304.0755097177,6573.538026862609,1077.3533173171984,122454167.64273037
2740,2741.0,30.0,494.0,1994290.3165021148,0.0,538.37108,1065.5432409508721,2926.148198874157,485.16803391492965,257.1390579749127,1522.2046299298174,1272304.0755097177,6573.538026862609,1077.3533173171984,122454167.64273037
2741,2742.0,30.0,494.0,1168654.0138009954,0.0,538.37108,1064.8989511426846,2924.378878409885,484.8746729254396,256.983576650483,1521.284215918121,1272304.0755097177,6573.538026862609,1077.3533173171984,122454167.64273037
2742,2743.0,30.0,494.0,346199.38111686707,0.0,538.37108,1064.5771204979137,2923.495081182943,484.7281355206903,256.90591182596586,1520.8244578541626,1272304.0755097177,6573.538026862609,1077.3533173171984,122454167.64273037
2743,2744.0,30.0,494.0,409693.17634803243,0.0,488.97108000000003,974.96212200116,2677.3982956509176,443.92422352631627,235.27983846894764,1392.8030314302287,1272304.0755097177,6573.538026862609,1077.3533173171984,122454167.64273037
2744,2745.0,30.0,494.0,1369269.957797138,56170.74981415948,439.57108000000005,873.3999076477277,2428.4863550348227,402.6535466367709,213.4063797174886,1247.7141537824682,1272304.0755097177,6573.538026862609,1077.3533173171984,122454167.64273037
2745,2746.0,30.0,494.0,2949146.813319575,45138.82935325336,405.35280858694506,823.7228203307192,2256.1807789033414,374.08453648326804,198.26480433613207,1176.7468861867417,1272304.0755097177,6573.538026862609,1077.3533173171984,122454167.64273037
2746,2747.0,30.0,494.0,4526618.734714244,35357.9739837721,405.35280858694506,823.7228203307192,2256.8488161610553,374.19529995144495,198.32350897426582,1176.7468861867417,1272304.0755097177,6573.538026862609,1077.3533173171984,122454167.64273037
2747,2748.0,30.0,494.0,6104090.656108912,25577.11861429736,405.35280858694506,823.7228203307192,2256.8488161610553,374.19529995144495,198.32350897426582,1176.7468861867417,1272304.0755097177,6573.538026862609,1077.3533173171984,122454167.64273037
2748,2749.0,30.0,494.0,7683967.511631351,14545.19815339148,405.35280858694506,823.7228203307192,2256.1807789033414,374.08453648326804,198.26480433613207,1176.7468861867417,1272304.0755097177,6573.538026862609,1077.3533173171984,122454167.64273037
2749,2750.0,30.0,494.0,9263844.36715379,3513.2776924856007,405.35280858694506,823.7228203307192,2256.1807789033414,374.08453648326804,198.26480433613207,1176.7468861867417,1272304.0755097177,6573.538026862609,1077.3533173171984,122454167.64273037
2750,2751.0,30.0,494.0,10829268.065352824,0.0,405.35280858694506,823.7228203307192,2260.1955448265094,374.7502020467284,198.61760708476606,1176.7468861867417,1272304.0755097177,6573.538026862609,1077.3533173171984,122454167.64273037
2751,2752.0,30.0,494.0,12372905.555247122,0.0,405.3528085869454,825.2433903089144,2266.2472693556024,375.7536041617356,199.14941020571987,1178.9191290127349,1272304.0755097177,6573.538026862609,1077.3533173171984,122454167.64273037
2752,2753.0,30.0,494.0,12993743.74988648,0.0,454.7528085869453,918.5859087348108,2522.5804069264195,418.2547476206787,221.67501623895973,1312.2655839068727,1272304.0755097177,6573.538026862609,1077.3533173171984,122454167.64273037
2753,2754.0,30.0,494.0,12927228.920139559,6440.905427206308,492.07916635358805,986.8602891119639,2713.5118025892743,449.91199925339566,238.45335960429972,1409.8004130170914,1272304.0755097177,6573.538026862609,1077.3533173171984,122454167.64273037
2754,2755.0,30.0,494.0,12857750.354968442,14423.568645879626,492.07916635358805,986.8602891119639,2714.335062429329,450.0484992974311,238.52570462763848,1409.8004130170914,1272304.0755097177,6573.538026862609,1077.3533173171984,122454167.64273037
2755,2756.0,30.0,494.0,12791235.525221523,20864.474073085934,492.07916635358805,986.8602891119639,2713.5118025892743,449.91199925339566,238.45335960429972,1409.8004130170914,1272304.0755097177,6573.538026862609,1077.3533173171984,122454167.64273037
2756,2757.0,30.0,494.0,12727682.48572961,25764.633600686677,492.07916635358805,986.8602891119639,2712.689083073995,449.77558879754616,238.38106206269947,1409.8004130170914,1272304.0755097177,6573.538026862609,1077.3533173171984,122454167.64273037
2757,2758.0,30.0,494.0,12667089.293237874,29125.058124680072,492.07916635358805,986.8602891119639,2711.866903351723,449.63926784171326,238.30881195610803,1409.8004130170914,1272304.0755097177,6573.538026862609,1077.3533173171984,122454167.64273037
2758,2759.0,30.0,494.0,12594645.045556491,38650.49202385545,492.07916635358805,986.8602891119639,2715.1588631266254,450.1850890179376,238.59809717950696,1409.8004130170914,1272304.0755097177,6573.538026862609,1077.3533173171984,122454167.64273037
2759,2760.0,30.0,494.0,12513292.048621312,52810.325290167704,492.07916635358805,986.8602891119639,2717.633515697124,450.5953971228769,238.81556047512476,1409.8004130170914,1272304.0755097177,6573.538026862609,1077.3533173171984,122454167.64273037
2760,2761.0,30.0,494.0,12452698.856129576,56170.74981415948,492.07916635358805,986.8602891119639,2711.866903351723,449.63926784171326,238.30881195610803,1409.8004130170914,1272304.0755097177,6573.538026862609,1077.3533173171984,122454167.64273037
2761,2762.0,30.0,494.0,12421597.673993481,44189.20542264357,492.07916635358805,986.8602891119639,2703.674678252933,448.280961469501,237.58890957883554,1409.8004130170914,1272304.0755097177,6573.538026862609,1077.3533173171984,122454167.64273037
2762,2763.0,30.0,494.0,12411026.405429518,47147.50809362531,492.07916635358805,981.8786876194425,2697.971924482896,447.3354202164727,237.08777271473053,1402.6838394563465,1272304.0755097177,6573.538026862609,1077.3533173171984,122454167.64273037
2763,2764.0,30.0,494.0,12415062.046589259,54689.68128798902,492.07916635358805,979.5098688625317,2693.9144495596456,446.6626733159808,236.73121685746983,1399.2998126607597,1272304.0755097177,6573.538026862609,1077.3533173171984,122454167.64273037
2764,2765.0,30.0,494.0,12430749.005948473,56170.74981415948,492.07916635358805,979.5098688625317,2690.6779722820143,446.1260513778975,236.44680723028569,1399.2998126607597,1272304.0755097177,6573.538026862609,1077.3533173171984,122454167.64273037
2765,2766.0,30.0,494.0,12449344.058977157,56139.0058144182,492.07916635358805,979.5098688625317,2689.87016848494,445.99211401267235,236.37582042671636,1399.2998126607597,1272304.0755097177,6573.538026862609,1077.3533173171984,122454167.64273037
2766,2767.0,30.0,494.0,12470845.315017913,54595.4328231737,492.07916635358805,979.5098688625317,2689.062889870476,445.85826372499656,236.30487977424818,1399.2998126607597,1272304.0755097177,6573.538026862609,1077.3533173171984,122454167.64273037
2767,2768.0,30.0,494.0,12495250.885256521,51541.01341600157,492.07916635358805,979.5098688625317,2688.2561359266274,445.7245004299794,236.2339852278891,1399.2998126607597,1272304.0755097177,6573.538026862609,1077.3533173171984,122454167.64273037
2768,2769.0,30.0,494.0,12519656.455494918,48486.59400882479,492.07916635358805,979.5098688625317,2688.2561359266274,445.7245004299794,236.2339852278891,1399.2998126607597,1272304.0755097177,6573.538026862609,1077.3533173171984,122454167.64273037
2769,2770.0,30.0,494.0,12546964.45295794,43922.30980371311,492.07916635358805,979.5098688625317,2687.4499061420684,445.5908240428406,236.16313674270555,1399.2998126607597,1272304.0755097177,6573.538026862609,1077.3533173171984,122454167.64273037
2770,2771.0,30.0,494.0,12577172.992510334,37849.141462295316,492.07916635358805,979.5098688625317,2686.6442000061315,445.4572344789094,236.092334273822,1399.2998126607597,1272304.0755097177,6573.538026862609,1077.3533173171984,122454167.64273037
2771,2772.0,30.0,494.0,12613176.968177974,28761.143014024943,492.07916635358805,979.5098688625317,2685.0343566407855,445.1903154825385,235.95086720574542,1399.2998126607597,1272304.0755097177,6573.538026862609,1077.3533173171984,122454167.64273037
2772,2773.0,30.0,494.0,12652075.841536354,18167.196688707918,492.07916635358805,979.5098688625317,2684.2302183933575,445.05698588130696,235.8802025170927,1399.2998126607597,1272304.0755097177,6573.538026862609,1077.3533173171984,122454167.64273037
2773,2774.0,30.0,494.0,12696758.878686778,4564.284205111675,492.07916635358805,979.5098688625317,2682.623506228901,444.79058605159344,235.73901060734454,1399.2998126607597,1272304.0755097177,6573.538026862609,1077.3533173171984,122454167.64273037
2774,2775.0,30.0,494.0,12724066.8761498,0.0,492.07916635358805,979.5098688625317,2687.4499061420684,445.5908240428406,236.16313674270555,1399.2998126607597,1272304.0755097177,6573.538026862609,1077.3533173171984,122454167.64273037
2775,2776.0,30.0,494.0,12728102.51730954,0.0,492.07916635358805,980.9764025392136,2693.9144495596456,446.6626733159808,236.73121685746983,1401.3948607703053,1272304.0755097177,6573.538026862609,1077.3533173171984,122454167.64273037
2776,2777.0,30.0,494.0,12688174.002963953,0.0,492.0791663535881,985.4234421245674,2706.126714977793,448.687519769366,237.80438547776401,1407.7477744636678,1272304.0755097177,6573.538026862609,1077.3533173171984,122454167.64273037
2777,2778.0,30.0,494.0,11766557.241118286,0.0,537.9933403447604,1074.6075170489373,2951.0401170611485,489.2952216670061,259.3264674835132,1535.153595784196,1272304.0755097177,6573.538026862609,1077.3533173171984,122454167.64273037
2778,2779.0,30.0,494.0,10815624.174422784,1129.3070476455614,537.9933403447604,1077.3533173171984,2959.1835350749916,490.64543561332766,260.0420808750637,1539.0761675959977,1272304.0755097177,6573.538026862609,1077.3533173171984,122454167.64273037
2779,2780.0,30.0,494.0,9845050.064008962,12476.034968294203,537.9933403447604,1077.3533173171984,2964.639380552302,491.550038402957,260.5215203535672,1539.0761675959977,1272304.0755097177,6573.538026862609,1077.3533173171984,122454167.64273037
2780,2781.0,30.0,494.0,8867911.626193458,27237.576112368144,537.9933403447604,1077.3533173171984,2966.4628048305476,491.8523700389313,260.6817561206336,1539.0761675959977,1272304.0755097177,6573.538026862609,1077.3533173171984,122454167.64273037
2781,2782.0,30.0,494.0,7890773.188377954,41999.117256442085,537.9933403447604,1077.3533173171984,2966.4628048305476,491.8523700389313,260.6817561206336,1539.0761675959977,1272304.0755097177,6573.538026862609,1077.3533173171984,122454167.64273037
2782,2783.0,30.0,494.0,6923477.990149815,51640.13002838753,537.9933403447604,1077.3533173171984,2963.728571611835,491.3990223392154,260.44148183978416,1539.0761675959977,1272304.0755097177,6573.538026862609,1077.3533173171984,122454167.64273037
2783,2784.0,30.0,494.0,5966006.548161805,56170.74981415948,537.9933403447604,1077.3533173171984,2960.9997504340217,490.9465719793004,260.20168314902924,1539.0761675959977,1272304.0755097177,6573.538026862609,1077.3533173171984,122454167.64273037
2784,2785.0,30.0,494.0,5028124.399542976,50510.86965358723,537.9933403447604,1077.3533173171984,2955.558280053694,490.0443526429573,259.72350690076735,1539.0761675959977,1272304.0755097177,6573.538026862609,1077.3533173171984,122454167.64273037
2785,2786.0,30.0,494.0,4122719.647693038,27955.99977626186,537.9933403447604,1077.3533173171984,2946.536780951224,488.5485490523549,258.93073099774807,1539.0761675959977,1272304.0755097177,6573.538026862609,1077.3533173171984,122454167.64273037
2786,2787.0,30.0,494.0,3262426.7856177613,30276.711979074404,537.9933403447604,1067.9532639691154,2934.0057004582623,486.47084167993296,257.8295460903645,1525.6475199558793,1272304.0755097177,6573.538026862609,1077.3533173171984,122454167.64273037
2787,2788.0,30.0,494.0,2430917.1761749536,17624.156444305554,537.9933403447604,1067.9532639691154,2926.0103525047984,485.145178390377,257.12694454689984,1525.6475199558793,1272304.0755097177,6573.538026862609,1077.3533173171984,122454167.64273037
2788,2789.0,30.0,494.0,1608964.5216650926,0.0,537.9933403447604,1067.9532639691154,2923.3556428012025,484.7050160335954,256.8936584978056,1525.6475199558793,1272304.0755097177,6573.538026862609,1077.3533173171984,122454167.64273037
2789,2790.0,30.0,494.0,799725.4876441356,0.0,537.9933403447521,1063.2403430772229,2919.824081554285,484.1194678964653,256.58331798512666,1518.9147758246042,1272304.0755097177,6573.538026862609,1077.3533173171984,122454167.64273037
2790,2791.0,30.0,494.0,0.0,0.0,537.9933403447521,1062.2780337402517,2917.1814297829455,483.68130479703115,256.3510915424265,1517.5400482003597,1272304.0755097177,6573.538026862609,1077.3533173171984,122454167.64273037
2791,2792.0,30.0,494.0,107830.09050021016,0.0,488.5933403447527,970.4774399263395,2665.0826580761827,441.8822375220388,234.19758588668057,1386.3963427519136,1272304.0755097177,6573.538026862609,1077.3533173171984,122454167.64273037
2792,2793.0,30.0,494.0,1120864.7903694287,56170.74981415948,439.19334034475264,867.9925598519527,2413.6369332514573,400.1914482460671,212.1014675704156,1239.9893712170754,1272304.0755097177,6573.538026862609,1077.3533173171984,122454167.64273037
2793,2794.0,30.0,494.0,2734400.546471958,49624.175290457904,406.5275197343949,819.4460219782404,2246.8310842977608,372.53431665802475,197.44318782875314,1170.6371742546291,1272304.0755097177,6573.538026862609,1077.3533173171984,122454167.64273037
2794,2795.0,30.0,494.0,4352683.999819656,40607.81241807621,406.5275197343949,819.4460219782404,2245.5122795074362,372.3156531168256,197.32729615191758,1170.6371742546291,1272304.0755097177,6573.538026862609,1077.3533173171984,122454167.64273037
2795,2796.0,30.0,494.0,5978077.502575344,27892.747568795457,406.5275197343949,819.4460219782404,2243.537265782994,371.9881872946874,197.15373926618435,1170.6371742546291,1272304.0755097177,6573.538026862609,1077.3533173171984,122454167.64273037
2796,2797.0,30.0,494.0,7605837.962014718,13946.373784397729,406.5275197343949,819.4460219782404,2242.879777815304,371.87917294444713,197.09596166055698,1170.6371742546291,1272304.0755097177,6573.538026862609,1077.3533173171984,122454167.64273037
2797,2798.0,30.0,494.0,9233598.42145409,0.0,406.5275197343949,819.4460219782404,2242.879777815304,371.87917294444713,197.09596166055698,1170.6371742546291,1272304.0755097177,6573.538026862609,1077.3533173171984,122454167.64273037
2798,2799.0,30.0,494.0,10830468.764265459,0.0,406.5275197343949,819.8588082228371,2251.4603657675275,373.3018715583506,197.84999192592585,1171.2268688897673,1272304.0755097177,6573.538026862609,1077.3533173171984,122454167.64273037
2799,2800.0,30.0,494.0,12388961.284086602,0.0,406.5275197343949,823.7407819824954,2262.120872153701,375.0694296491908,198.78679771407113,1176.7725456892792,1272304.0755097177,6573.538026862609,1077.3533173171984,122454167.64273037
2800,2801.0,30.0,494.0,12993743.74988648,0.0,455.92751973439493,920.2099695384399,2527.0403316040524,418.9942224319983,222.0669378889591,1314.5856707691999,1272304.0755097177,6573.538026862609,1077.3533173171984,122454167.64273037
2801,2802.0,30.0,494.0,12650647.081088252,0.0,505.32751973439497,1016.089350939899,2790.340091214637,462.6504619723234,245.20474484533142,1451.5562156284273,1272304.0755097177,6573.538026862609,1077.3533173171984,122454167.64273037
2802,2803.0,30.0,494.0,11728955.652708258,0.0,534.8142799999999,1074.615069679712,2951.0608577651283,489.2986605654787,259.32829009970374,1535.1643852567315,1272304.0755097177,6573.538026862609,1077.3533173171984,122454167.64273037
2803,2804.0,30.0,494.0,10781058.218242358,513.1582841043253,534.8142799999999,1077.1660653154076,2958.3403039001023,490.50562423555317,259.96798084484317,1538.8086647362966,1272304.0755097177,6573.538026862609,1077.3533173171984,122454167.64273037
2804,2805.0,30.0,494.0,9813414.871347303,11298.290945109069,534.8142799999999,1077.1660653154076,2963.8252795748676,491.41505693797785,260.4499801771283,1538.8086647362968,1272304.0755097177,6573.538026862609,1077.3533173171984,122454167.64273037
2805,2806.0,30.0,494.0,8835869.021048315,27234.78146801712,534.8142799999999,1077.1660653154076,2966.5759749648487,491.87113413692816,260.6917010925719,1538.8086647362968,1272304.0755097177,6573.538026862609,1077.3533173171984,122454167.64273037
2806,2807.0,30.0,494.0,7861626.199718421,41453.011107393,534.8142799999999,1077.1660653154076,2965.6584669178783,491.7190073323387,260.61107388613954,1538.8086647362968,1272304.0755097177,6573.538026862609,1077.3533173171984,122454167.64273037
2807,2808.0,30.0,494.0,6893982.8528233655,52238.14376839767,534.8142799999999,1077.1660653154074,2963.8252795748676,491.41505693797785,260.4499801771283,1538.8086647362964,1272304.0755097177,6573.538026862609,1077.3533173171984,122454167.64273037
2808,2809.0,30.0,494.0,5939512.181939591,56170.74981415948,534.8142799999999,1077.1660653154074,2960.1662029050676,490.8083661919268,260.12843408172125,1538.8086647362964,1272304.0755097177,6573.538026862609,1077.3533173171984,122454167.64273037
2809,2810.0,30.0,494.0,5008009.764681486,48155.094994715415,534.8142799999999,1077.1660653154074,2953.786132453492,489.750522902096,259.5677771381109,1538.8086647362964,1272304.0755097177,6573.538026862609,1077.3533173171984,122454167.64273037
2810,2811.0,30.0,494.0,4138316.6072351467,7985.791397605091,534.8142799999999,1077.1660653154074,2936.616893616891,486.9037888052465,258.0590080667807,1538.8086647362964,1272304.0755097177,6573.538026862609,1077.3533173171984,122454167.64273037
2811,2812.0,30.0,494.0,3310470.768213222,9209.262807699426,534.8142799999999,1064.884551802519,2924.992638498998,484.9764370041848,257.03751161221794,1521.2636454321698,1272304.0755097177,6573.538026862609,1077.3533173171984,122454167.64273037
2812,2813.0,30.0,494.0,2489031.370338468,7100.054629198505,534.8142799999999,1064.8845518025187,2923.2130715136727,484.6813770971636,256.8811298614967,1521.2636454321696,1272304.0755097177,6573.538026862609,1077.3533173171984,122454167.64273037
2813,2814.0,30.0,494.0,1677185.9232804608,0.0,534.8142799999999,1064.8845518025187,2920.5480851756874,484.2395108299294,256.6469407398626,1521.2636454321696,1272304.0755097177,6573.538026862609,1077.3533173171984,122454167.64273037
2814,2815.0,30.0,494.0,1291187.1353433058,0.0,512.1739865427458,1020.4289639704107,2802.257346531006,464.6263944742143,246.25198907133358,1457.7556628148725,1272304.0755097177,6573.538026862609,1077.3533173171984,122454167.64273037
2815,2816.0,30.0,494.0,1812028.0771306092,56170.74981415948,462.7739865427458,917.778689045062,2550.3574216075467,422.8602968563783,224.1159573338805,1311.1124129215173,1272304.0755097177,6573.538026862609,1077.3533173171984,122454167.64273037
2816,2817.0,30.0,494.0,3240981.4873667983,54027.55341988057,413.3739865427456,837.2605878241155,2298.1039581495215,381.0355810196173,201.9488579403972,1196.0865540344507,1272304.0755097177,6573.538026862609,1077.3533173171984,122454167.64273037
2817,2818.0,30.0,494.0,4677292.46906545,48056.89218649827,413.3739865427456,837.2605878241155,2296.0601882988376,380.6967151342146,201.76925902113376,1196.0865540344507,1272304.0755097177,6573.538026862609,1077.3533173171984,122454167.64273037
2818,2819.0,30.0,494.0,6118500.51565159,39538.740416696295,413.3739865427456,837.2605878241155,2294.699892496759,380.47117220371945,201.64972126797133,1196.0865540344507,1272304.0755097177,6573.538026862609,1077.3533173171984,122454167.64273037
2819,2820.0,30.0,494.0,7567042.216587108,27205.56567258574,413.3739865427456,837.2605878241155,2292.662766288597,380.1334078629965,201.47070616738813,1196.0865540344507,1272304.0755097177,6573.538026862609,1077.3533173171984,122454167.64273037
2820,2821.0,30.0,494.0,9020465.076545756,12333.174744111486,413.3739865427456,837.2605878241155,2291.306888782172,379.9085975050403,201.35155667767137,1196.0865540344507,1272304.0755097177,6573.538026862609,1077.3533173171984,122454167.64273037
2821,2822.0,30.0,494.0,10469006.777481277,0.0,413.37398654274557,837.2605878241155,2292.6627662885967,380.1334078629964,201.4707061673881,1196.0865540344507,1272304.0755097177,6573.538026862609,1077.3533173171984,122454167.64273037
2822,2823.0,30.0,494.0,11863433.6824061,0.0,413.3739865427455,840.336262451826,2307.6946540693452,382.6257599056651,202.79165275000253,1200.48037493118,1272304.0755097177,6573.538026862609,1077.3533173171984,122454167.64273037
2823,2824.0,30.0,494.0,12918707.260810915,0.0,429.07852000000014,874.642124834558,2401.9039114360144,398.2460624558773,211.07041310161497,1249.4887497636544,1272304.0755097177,6573.538026862609,1077.3533173171984,122454167.64273037
2824,2825.0,30.0,494.0,12993743.74988648,0.0,478.4785200000001,973.7945613859802,2674.191991805251,443.3926044738245,234.998080371127,1391.1350876942574,1272304.0755097177,6573.538026862609,1077.3533173171984,122454167.64273037
2825,2826.0,30.0,494.0,12095894.473649153,0.0,527.8785200000001,1072.2034006015779,2944.438037725498,488.2005683434798,258.7463012220443,1531.71914371654,1272304.0755097177,6573.538026862609,1077.3533173171984,122454167.64273037
2826,2827.0,30.0,494.0,11158357.358325794,0.0,527.8785200000001,1076.217884433784,2955.4624374716186,490.02846152810235,259.71508460989423,1537.4541206196916,1272304.0755097177,6573.538026862609,1077.3533173171984,122454167.64273037
2827,2828.0,30.0,494.0,10190843.988383966,10187.315321298489,527.8785200000001,1077.2691602141622,2963.789174865638,491.40907062094885,260.44680742910293,1538.955943163089,1272304.0755097177,6573.538026862609,1077.3533173171984,122454167.64273037
2828,2829.0,30.0,494.0,9213298.138084978,25593.60350775465,527.8785200000001,1077.2691602141622,2966.5759749648487,491.8711341369281,260.6917010925719,1538.955943163089,1272304.0755097177,6573.538026862609,1077.3533173171984,122454167.64273037
2829,2830.0,30.0,494.0,8235752.28778599,40999.89169420847,527.8785200000001,1077.2691602141622,2966.5759749648487,491.8711341369281,260.6917010925719,1538.955943163089,1272304.0755097177,6573.538026862609,1077.3533173171984,122454167.64273037
2830,2831.0,30.0,494.0,7264897.009474181,52925.693260166234,527.8785200000001,1077.2691602141622,2964.717482746188,491.56298808468085,260.52838368488085,1538.955943163089,1272304.0755097177,6573.538026862609,1077.3533173171984,122454167.64273037
2831,2832.0,30.0,494.0,6310728.808498897,56170.74981415948,527.8785200000001,1077.2691602141622,2960.082183486042,490.7944354086688,260.12105076659446,1538.955943163089,1272304.0755097177,6573.538026862609,1077.3533173171984,122454167.64273037
2832,2833.0,30.0,494.0,5379828.512847964,47311.66440189071,527.8785200000001,1077.2691602141622,2953.6188764515005,489.72279113318626,259.5530793005887,1538.955943163089,1272304.0755097177,6573.538026862609,1077.3533173171984,122454167.64273037
2833,2834.0,30.0,494.0,4491851.508370681,16123.555264338851,527.8785200000001,1077.2691602141622,2941.6957400143756,487.74588351602415,258.5053182634928,1538.955943163089,1272304.0755097177,6573.538026862609,1077.3533173171984,122454167.64273037
2834,2835.0,30.0,494.0,3691842.994608784,18933.343867986358,527.8785200000001,1061.7603144681166,2917.2600481489903,483.6943400623326,256.3580002330363,1516.8004492401665,1272304.0755097177,6573.538026862609,1077.3533173171984,122454167.64273037
2835,2836.0,30.0,494.0,2933631.507783197,0.0,527.8785200000001,1061.7603144681166,2905.649762888904,481.76930452414797,255.33773139779845,1516.8004492401665,1272304.0755097177,6573.538026862609,1077.3533173171984,122454167.64273037
2836,2837.0,30.0,494.0,2185014.6943163164,0.0,527.8785200000001,1057.108315486625,2902.9845758448187,481.327404978974,255.10352463885624,1510.1547364094645,1272304.0755097177,6573.538026862609,1077.3533173171984,122454167.64273037
2837,2838.0,30.0,494.0,1442783.810241282,0.0,527.8785200000001,1056.4623692500056,2901.2107065693062,481.03328977689574,254.94764358175476,1509.2319560714366,1272304.0755097177,6573.538026862609,1077.3533173171984,122454167.64273037
2838,2839.0,30.0,494.0,1614184.5860678684,0.0,478.4785200000001,964.0471707476175,2647.424134374411,438.95437787722483,232.64582027492918,1377.210243925168,1272304.0755097177,6573.538026862609,1077.3533173171984,122454167.64273037
2839,2840.0,30.0,494.0,2695428.876959335,56170.74981415948,429.07852000000014,861.0930584765666,2394.6898246341666,397.0499356460695,210.43646589241686,1230.1329406808095,1272304.0755097177,6573.538026862609,1077.3533173171984,122454167.64273037
2840,2841.0,30.0,494.0,4185637.431390037,53174.59961964749,407.0704358854949,831.2303911956625,2281.0886403177124,378.21436769143634,200.45361487646127,1187.4719874223752,1272304.0755097177,6573.538026862609,1077.3533173171984,122454167.64273037
2841,2842.0,30.0,494.0,5683196.3732724385,46354.721763275564,407.0704358854949,831.2303911956625,2279.046866025578,377.87583267827665,200.27419131948665,1187.4719874223752,1272304.0755097177,6573.538026862609,1077.3533173171984,122454167.64273037
2842,2843.0,30.0,494.0,7188091.248883209,35718.63518224005,407.0704358854949,831.2303911956625,2277.0091066565824,377.5379633567476,200.09512057907622,1187.4719874223752,1272304.0755097177,6573.538026862609,1077.3533173171984,122454167.64273037
2843,2844.0,30.0,494.0,8695428.231164426,23812.14606931433,407.0704358854949,831.2303911956625,2276.3307436925697,377.4254878417831,200.03550855614503,1187.4719874223752,1272304.0755097177,6573.538026862609,1077.3533173171984,122454167.64273037
2844,2845.0,30.0,494.0,10205205.720453793,10636.086581035517,407.0704358854949,831.2303911956625,2275.6528250791944,377.31308600207717,199.9759355811009,1187.4719874223752,1272304.0755097177,6573.538026862609,1077.3533173171984,122454167.64273037
2845,2846.0,30.0,494.0,11710100.596064564,0.0,407.0704358854949,831.2303911956625,2277.0091066565824,377.5379633567476,200.09512057907622,1187.4719874223752,1272304.0755097177,6573.538026862609,1077.3533173171984,122454167.64273037
2846,2847.0,30.0,494.0,12838331.443135647,0.0,424.27684,867.2623888185018,2381.6380034731624,394.88588721744577,209.28952022524626,1238.9462697407168,1272304.0755097177,6573.538026862609,1077.3533173171984,122454167.64273037
2847,2848.0,30.0,494.0,12993743.74988648,0.0,473.67683999999997,965.6644281263123,2651.8653757843435,439.6907549219102,233.0361001086124,1379.5206116090176,1272304.0755097177,6573.538026862609,1077.3533173171984,122454167.64273037
2848,2849.0,30.0,494.0,12156087.65651382,0.0,523.07684,1066.1147708100846,2927.7177091519798,485.4282655108527,257.27698072075196,1523.0211011572637,1272304.0755097177,6573.538026862609,1077.3533173171984,122454167.64273037
2849,2850.0,30.0,494.0,11242316.951139275,0.0,523.07684,1073.8138767909827,2948.860656930281,488.9338577459662,259.1349446053621,1534.0198239871181,1272304.0755097177,6573.538026862609,1077.3533173171984,122454167.64273037
2850,2851.0,30.0,494.0,10278265.82615556,12723.897491396461,523.07684,1076.4257246867871,2962.827440155051,491.24961084414645,260.36229374739764,1537.751035266839,1272304.0755097177,6573.538026862609,1077.3533173171984,122454167.64273037
2851,2852.0,30.0,494.0,9300719.975856574,32467.85410435171,523.07684,1076.4257246867871,2966.5759749648482,491.87113413692805,260.69170109257186,1537.751035266839,1272304.0755097177,6573.538026862609,1077.3533173171984,122454167.64273037
2852,2853.0,30.0,494.0,8329926.073146153,48699.396040460975,523.07684,1076.4257246867871,2964.7004339680248,491.56016132348475,260.526885501447,1537.751035266839,1272304.0755097177,6573.538026862609,1077.3533173171984,122454167.64273037
2853,2854.0,30.0,494.0,7375971.962083466,56170.74981415948,523.07684,1076.4257246867871,2960.0227140658762,490.78457512145883,260.1158248143732,1537.751035266839,1272304.0755097177,6573.538026862609,1077.3533173171984,122454167.64273037
2854,2855.0,30.0,494.0,6445497.829409488,51427.63959464617,523.07684,1076.4257246867871,2953.500497846791,489.7031634482567,259.5426766275761,1537.751035266839,1272304.0755097177,6573.538026862609,1077.3533173171984,122454167.64273037
2855,2856.0,30.0,494.0,5541722.123737149,32795.803845312446,523.07684,1076.4257246867871,2946.0842681241124,488.47352046742697,258.8909658477363,1537.751035266839,1272304.0755097177,6573.538026862609,1077.3533173171984,122454167.64273037
2856,2857.0,30.0,494.0,4664501.0770097505,350.0318067148328,523.07684,1076.4257246867871,2938.7079739727405,487.250498977136,258.24276445788206,1537.751035266839,1272304.0755097177,6573.538026862609,1077.3533173171984,122454167.64273037
2857,2858.0,30.0,494.0,3830127.7004683074,23852.570870714902,523.07684,1061.212780978737,2926.8058433655306,485.27707421747385,257.19684933526116,1516.018258541053,1272304.0755097177,6573.538026862609,1077.3533173171984,122454167.64273037
2858,2859.0,30.0,494.0,3086785.4947158713,0.0,523.07684,1061.212780978737,2901.519407035251,481.08447365001217,254.97477103450643,1516.018258541053,1272304.0755097177,6573.538026862609,1077.3533173171984,122454167.64273037
2859,2860.0,30.0,494.0,2397891.192768393,0.0,523.07684,1051.067294800322,2886.3949893116514,478.57677974240687,253.64569326347566,1501.5247068576032,1272304.0755097177,6573.538026862609,1077.3533173171984,122454167.64273037
2860,2861.0,30.0,494.0,1731239.401102854,0.0,523.07684,1048.8174318707495,2880.2165142333356,477.5523618378413,253.10275177405592,1498.3106169582136,1272304.0755097177,6573.538026862609,1077.3533173171984,122454167.64273037
2861,2862.0,30.0,494.0,1077251.6293618046,0.0,523.07684,1047.5364474581843,2876.698730920977,476.9690981418835,252.79362201519825,1496.4806392259775,1272304.0755097177,6573.538026862609,1077.3533173171984,122454167.64273037
2862,2863.0,30.0,494.0,433734.5882934332,56170.74981415948,523.0226682517864,1035.555227267297,2873.790194623011,476.4868502373525,252.53803062579684,1479.3646103818528,1272304.0755097177,6573.538026862609,1077.3533173171984,122454167.64273037
2863,2864.0,30.0,494.0,702884.3287542909,47721.26203136332,473.62266825178637,955.8026738438527,2620.271644198225,434.4523775069964,230.2597600787081,1365.432391205504,1272304.0755097177,6573.538026862609,1077.3533173171984,122454167.64273037
2864,2865.0,30.0,494.0,974886.6433039848,37787.84343231097,473.6226682517867,955.8026738438527,2619.4792625068812,434.3209971936386,230.1901285126285,1365.432391205504,1272304.0755097177,6573.538026862609,1077.3533173171984,122454167.64273037
2865,2866.0,30.0,494.0,1246888.9578536786,27854.424833258614,473.6226682517867,955.8026738438527,2619.4792625068812,434.3209971936386,230.1901285126285,1365.432391205504,1272304.0755097177,6573.538026862609,1077.3533173171984,122454167.64273037
2866,2867.0,30.0,494.0,1518891.2724033669,17921.00623420626,473.6226682517867,955.8026738438527,2619.4792625068812,434.3209971936386,230.1901285126285,1365.432391205504,1272304.0755097177,6573.538026862609,1077.3533173171984,122454167.64273037
2867,2868.0,30.0,494.0,1785186.5647189952,10956.424166109413,473.6226682517867,955.8026738438527,2621.0645464607887,434.58384413331515,230.32943739065703,1365.432391205504,1272304.0755097177,6573.538026862609,1077.3533173171984,122454167.64273037
2868,2869.0,30.0,494.0,2051481.8570346236,3991.8420980116352,473.6226682517867,955.8026738438527,2621.0645464607887,434.58384413331515,230.32943739065703,1365.432391205504,1272304.0755097177,6573.538026862609,1077.3533173171984,122454167.64273037
2869,2870.0,30.0,494.0,2312062.623498636,0.0,473.6226682517867,955.8026738438527,2622.6519147529048,434.8470366652864,230.4689294326018,1365.432391205504,1272304.0755097177,6573.538026862609,1077.3533173171984,122454167.64273037
2870,2871.0,30.0,494.0,2515082.1552259433,0.0,473.62266825178676,960.8488866565449,2638.6411466242116,437.49812050095704,231.87400386550723,1372.6412666522072,1272304.0755097177,6573.538026862609,1077.3533173171984,122454167.64273037
2871,2872.0,30.0,494.0,2662708.408560276,0.0,473.62266825178676,966.4519989862291,2654.0281684000374,440.0493552968077,233.22615830730808,1380.6457128374702,1272304.0755097177,6573.538026862609,1077.3533173171984,122454167.64273037
2872,2873.0,30.0,494.0,2473644.054014055,0.0,488.7733592664,1000.5087537231673,2747.5533372557466,455.5562330115949,241.4448034961453,1429.2982196045248,1272304.0755097177,6573.538026862609,1077.3533173171984,122454167.64273037
2873,2874.0,30.0,494.0,2232187.331497187,0.0,488.7733592664,1005.8083195093823,2762.106772803149,457.9692556035325,242.72370546987221,1436.8690278705462,1272304.0755097177,6573.538026862609,1077.3533173171984,122454167.64273037
2874,2875.0,30.0,494.0,1956508.6851986945,8632.64349163215,488.7733592664,1007.5913483276727,2771.612862742489,459.5454064518944,243.559065419504,1439.4162118966753,1272304.0755097177,6573.538026862609,1077.3533173171984,122454167.64273037
2875,2876.0,30.0,494.0,1671452.5576973148,22143.52428840565,488.7733592664,1007.5913483276727,2774.21771863218,459.9773028305942,243.78797050021498,1439.4162118966753,1272304.0755097177,6573.538026862609,1077.3533173171984,122454167.64273037
2876,2877.0,30.0,494.0,1386396.430195935,35654.40508517739,488.7733592664,1007.5913483276726,2774.21771863218,459.9773028305942,243.78797050021498,1439.4162118966751,1272304.0755097177,6573.538026862609,1077.3533173171984,122454167.64273037
2877,2878.0,30.0,494.0,1104468.245182328,47538.10632252712,488.7733592664,1007.5913483276727,2773.34884571891,459.8332399416349,243.71161716906644,1439.4162118966753,1272304.0755097177,6573.538026862609,1077.3533173171984,122454167.64273037
2878,2879.0,30.0,494.0,828789.5988838356,56170.74981415948,488.7733592664,1007.5913483276727,2771.612862742489,459.5454064518944,243.559065419504,1439.4162118966753,1272304.0755097177,6573.538026862609,1077.3533173171984,122454167.64273037
2879,2880.0,30.0,494.0,571808.9528450407,55076.55083872471,488.7733592664,1007.5913483276727,2766.418973781462,458.684237186249,243.10264570871198,1439.4162118966753,1272304.0755097177,6573.538026862609,1077.3533173171984,122454167.64273037
2880,2881.0,30.0,494.0,345823.9423694294,37858.18563683331,488.7733592664,1007.5913483276727,2757.809075013911,457.2566787123253,242.34603971753242,1439.4162118966753,1272304.0755097177,6573.538026862609,1077.3533173171984,122454167.64273037
2881,2882.0,30.0,494.0,169000.6009793952,0.0,488.7733592664,1006.6318709469134,2744.1530558234726,454.99245163582975,241.14599936698977,1438.045529924162,1272304.0755097177,6573.538026862609,1077.3533173171984,122454167.64273037
2882,2883.0,30.0,494.0,64940.8623786252,24827.536130288616,488.7733592664,987.0828341781674,2723.9409439375663,451.64119601975176,239.3698338904684,1410.1183345402394,1272304.0755097177,6573.538026862609,1077.3533173171984,122454167.64273037
2883,2884.0,30.0,494.0,17668.76686057076,20113.706838083155,488.7733592664,987.0828341781673,2708.1665986368116,449.0257413073735,237.98364289290797,1410.1183345402392,1272304.0755097177,6573.538026862609,1077.3533173171984,122454167.64273037
2884,2885.0,30.0,494.0,0.0,0.0,488.7733592664,987.0828341781673,2699.9434517875106,447.6623079751164,237.2610232268117,1410.1183345402392,1272304.0755097177,6573.538026862609,1077.3533173171984,122454167.64273037
2885,2886.0,30.0,494.0,0.0,0.0,488.7733592664,981.3846136326232,2695.0354609929077,446.8485418626529,236.82972718720603,1401.978019475176,1272304.0755097177,6573.538026862609,1077.3533173171984,122454167.64273037
2886,2887.0,30.0,494.0,11740.58647217229,0.0,488.7733592664,980.1970358844121,2691.7741869728598,446.3078085173721,236.54313851420724,1400.2814798348745,1272304.0755097177,6573.538026862609,1077.3533173171984,122454167.64273037
2887,2888.0,30.0,494.0,439419.51958965446,56170.74981415948,466.50913549361854,927.2021645023701,2576.2357573491627,427.1510369076105,226.39004956103358,1324.5745207176717,1272304.0755097177,6573.538026862609,1077.3533173171984,122454167.64273037
2888,2889.0,30.0,494.0,1777974.731004647,52398.240760593675,417.10913549361857,846.7213106077749,2323.214568933188,385.1990289505873,204.15548534381128,1209.6018722968213,1272304.0755097177,6573.538026862609,1077.3533173171984,122454167.64273037
2889,2890.0,30.0,494.0,3126483.7456188826,43447.687300004065,417.1091354936188,846.7213106077749,2320.4496236000646,384.7405890493992,203.91251219618158,1209.6018722968213,1272304.0755097177,6573.538026862609,1077.3533173171984,122454167.64273037
2890,2891.0,30.0,494.0,4477477.149287688,33204.7356885496,417.1091354936188,846.7213106077749,2319.759515529356,384.6261661449191,203.85186805680715,1209.6018722968213,1272304.0755097177,6573.538026862609,1077.3533173171984,122454167.64273037
2891,2892.0,30.0,494.0,5828470.552956473,22961.784077094868,417.1091354936188,846.7213106077749,2319.759515529356,384.6261661449191,203.85186805680715,1209.6018722968213,1272304.0755097177,6573.538026862609,1077.3533173171984,122454167.64273037
2892,2893.0,30.0,494.0,7179463.956625259,12718.8324656412,417.1091354936188,846.7213106077749,2319.759515529356,384.6261661449191,203.85186805680715,1209.6018722968213,1272304.0755097177,6573.538026862609,1077.3533173171984,122454167.64273037
2893,2894.0,30.0,494.0,8530457.360294044,2475.8808541875333,417.1091354936188,846.7213106077749,2319.759515529356,384.6261661449191,203.85186805680715,1209.6018722968213,1272304.0755097177,6573.538026862609,1077.3533173171984,122454167.64273037
2894,2895.0,30.0,494.0,9866520.051192658,0.0,417.1091354936188,846.7213106077749,2323.9069357432927,385.3138263638338,204.21632797283192,1209.6018722968213,1272304.0755097177,6573.538026862609,1077.3533173171984,122454167.64273037
2895,2896.0,30.0,494.0,10950906.74159182,0.0,429.6120400000001,871.6972903437422,2393.8169358820296,396.9052069136479,210.3597596642334,1245.2818433482032,1272304.0755097177,6573.538026862609,1077.3533173171984,122454167.64273037
2896,2897.0,30.0,494.0,11083497.053874088,0.0,479.01204000000007,967.9729067414906,2658.2048186922775,440.74186198919466,233.59318685427317,1382.8184382021295,1272304.0755097177,6573.538026862609,1077.3533173171984,122454167.64273037
2897,2898.0,30.0,494.0,10237940.735997515,0.0,528.41204,1066.9138902449574,2929.9122159586223,485.79212423584875,257.46982584499983,1524.1627003499393,1272304.0755097177,6573.538026862609,1077.3533173171984,122454167.64273037
2898,2899.0,30.0,494.0,9330129.388002483,0.0,528.41204,1073.211078946572,2947.2052798804166,488.6593890676608,258.9894762058602,1533.1586842093884,1272304.0755097177,6573.538026862609,1077.3533173171984,122454167.64273037
2899,2900.0,30.0,494.0,8372608.062229697,5326.345529814067,528.41204,1077.2036386858404,2961.013607040904,490.9488694646842,260.20290081628264,1538.862340979772,1272304.0755097177,6573.538026862609,1077.3533173171984,122454167.64273037
2900,2901.0,30.0,494.0,7395062.211930711,21069.60157620987,528.41204,1077.2036386858404,2966.5759749648482,491.8711341369281,260.69170109257186,1538.862340979772,1272304.0755097177,6573.538026862609,1077.3533173171984,122454167.64273037
2901,2902.0,30.0,494.0,6417516.361631725,36812.8576226045,528.41204,1077.2036386858401,2966.5759749648482,491.8711341369281,260.69170109257186,1538.8623409797717,1272304.0755097177,6573.538026862609,1077.3533173171984,122454167.64273037
2902,2903.0,30.0,494.0,5439970.511332737,52556.113669000006,529.30124,1077.2036386858401,2966.5759749648487,491.87113413692816,260.6917010925719,1538.8623409797717,1272304.0755097177,6573.538026862609,1077.3533173171984,122454167.64273037
2903,2904.0,30.0,494.0,4485739.620521471,56170.74981415948,529.30124,1077.2036386858401,2960.0995973293707,490.79732269924887,260.1225810306019,1538.8623409797717,1272304.0755097177,6573.538026862609,1077.3533173171984,122454167.64273037
2904,2905.0,30.0,494.0,3567926.2763295267,40840.70021307189,529.30124,1077.2036386858401,2949.9836121573367,489.12004858206075,259.2336257484922,1538.8623409797717,1272304.0755097177,6573.538026862609,1077.3533173171984,122454167.64273037
2905,2906.0,30.0,494.0,2705871.266900152,0.0,529.30124,1076.5240046481815,2934.4951858344007,486.55200047348364,257.8725602509463,1537.891435211688,1272304.0755097177,6573.538026862609,1077.3533173171984,122454167.64273037
2906,2907.0,30.0,494.0,1911831.0335053783,14142.736649392173,529.30124,1058.9529852635915,2915.6021924914558,483.4194604201497,256.2123140226793,1512.789978947988,1272304.0755097177,6573.538026862609,1077.3533173171984,122454167.64273037
2907,2908.0,30.0,494.0,1172164.2300162576,0.0,529.30124,1058.9529852635915,2900.498461962108,480.9151965388726,254.88505416560247,1512.7899789479875,1272304.0755097177,6573.538026862609,1077.3533173171984,122454167.64273037
2908,2909.0,30.0,494.0,461038.6359086465,0.0,529.30124,1053.3160230002236,2892.570348245022,479.60068097665584,254.18836091762762,1504.7371757146052,1272304.0755097177,6573.538026862609,1077.3533173171984,122454167.64273037
2909,2910.0,30.0,494.0,0.0,0.0,516.7925552597311,1028.0193559743627,2823.1017487453096,468.08248656289817,248.08371787833605,1468.5990799633753,1272304.0755097177,6573.538026862609,1077.3533173171984,122454167.64273037
2910,2911.0,30.0,494.0,450510.9066640807,56170.74981415948,467.3925552597311,924.8926764886364,2569.8935424751076,426.0994702363478,225.83271922526436,1321.2752521266236,1272304.0755097177,6573.538026862609,1077.3533173171984,122454167.64273037
2911,2912.0,30.0,494.0,1805249.959836239,52005.67919198051,417.9925552597311,845.1606224084826,2318.7190573339753,384.45365367367185,203.7604364470461,1207.3723177264037,1272304.0755097177,6573.538026862609,1077.3533173171984,122454167.64273037
2912,2913.0,30.0,494.0,3164937.5691061206,45266.33191275317,417.99255525973075,845.1606224084826,2317.3444584179406,384.2257392249878,203.63964178924354,1207.3723177264037,1272304.0755097177,6573.538026862609,1077.3533173171984,122454167.64273037
2913,2914.0,30.0,494.0,4529567.297909015,35956.056326573715,417.99255525973075,845.1606224084826,2315.9716474365473,383.99812122360436,203.51900424851033,1207.3723177264037,1272304.0755097177,6573.538026862609,1077.3533173171984,122454167.64273037
2914,2915.0,30.0,494.0,5894197.026711913,26645.780740394257,417.99255525973075,845.1606224084826,2315.9716474365473,383.99812122360436,203.51900424851033,1207.3723177264037,1272304.0755097177,6573.538026862609,1077.3533173171984,122454167.64273037
2915,2916.0,30.0,494.0,7258826.755514811,17335.505154212937,417.99255525973075,845.1606224084826,2315.9716474365473,383.99812122360436,203.51900424851033,1207.3723177264037,1272304.0755097177,6573.538026862609,1077.3533173171984,122454167.64273037
2916,2917.0,30.0,494.0,8623456.484317709,8025.229568033479,417.99255525973075,845.1606224084826,2315.9716474365473,383.99812122360436,203.51900424851033,1207.3723177264037,1272304.0755097177,6573.538026862609,1077.3533173171984,122454167.64273037
2917,2918.0,30.0,494.0,9985615.957139555,0.0,417.99255525973075,845.1606224084826,2316.657829653506,384.1118932045441,203.5793033984084,1207.3723177264037,1272304.0755097177,6573.538026862609,1077.3533173171984,122454167.64273037
2918,2919.0,30.0,494.0,11325470.596640509,0.0,417.99255525973075,845.8563281010562,2322.853616687087,385.139181506208,204.12376619829024,1208.366183001509,1272304.0755097177,6573.538026862609,1077.3533173171984,122454167.64273037
2919,2920.0,30.0,494.0,12632874.92419225,0.0,417.99255525973075,849.1387253207124,2331.867592228535,386.6337376578357,204.91588095865293,1213.0553218867321,1272304.0755097177,6573.538026862609,1077.3533173171984,122454167.64273037
2920,2921.0,30.0,494.0,12993743.74988648,0.0,467.3925552597308,944.8821962761066,2594.7941205222883,430.2280938307181,228.0208897302806,1349.8317089658667,1272304.0755097177,6573.538026862609,1077.3533173171984,122454167.64273037
2921,2922.0,30.0,494.0,12389188.5455148,0.0,516.7925552597308,1042.53626989602,2862.9674622072635,474.692394368796,251.58696901546188,1489.3375284228857,1272304.0755097177,6573.538026862609,1077.3533173171984,122454167.64273037
2922,2923.0,30.0,494.0,11457962.087344084,0.0,531.61316,1075.5795520958868,2953.70947715144,489.7378131212994,259.56104095428867,1536.5422172798383,1272304.0755097177,6573.538026862609,1077.3533173171984,122454167.64273037
2923,2924.0,30.0,494.0,10493694.561857903,9159.829826519854,531.61316,1077.1406270758741,2962.8875514057354,491.25957754963395,260.367576101306,1538.772324394106,1272304.0755097177,6573.538026862609,1077.3533173171984,122454167.64273037
2924,2925.0,30.0,494.0,9516148.711558914,25227.14558131338,531.61316,1077.1406270758741,2966.575974964849,491.87113413692816,260.691701092572,1538.772324394106,1272304.0755097177,6573.538026862609,1077.3533173171984,122454167.64273037
2925,2926.0,30.0,494.0,8538602.861259924,41294.461336105735,531.61316,1077.1406270758741,2966.575974964849,491.87113413692816,260.691701092572,1538.772324394106,1272304.0755097177,6573.538026862609,1077.3533173171984,122454167.64273037
2926,2927.0,30.0,494.0,7571019.082718644,52179.43131664191,531.61316,1077.1406270758744,2963.80873280993,491.4123134127471,260.44852610875597,1538.7723243941064,1272304.0755097177,6573.538026862609,1077.3533173171984,122454167.64273037
2927,2928.0,30.0,494.0,6616687.034906652,56170.74981415948,531.61316,1077.1406270758744,2960.127696496239,490.8019816627113,260.12505028123695,1538.7723243941064,1272304.0755097177,6573.538026862609,1077.3533173171984,122454167.64273037
2928,2929.0,30.0,494.0,5685460.576735936,48142.36420279369,531.61316,1077.1406270758744,2953.70947715144,489.7378131212994,259.56104095428867,1538.7723243941064,1272304.0755097177,6573.538026862609,1077.3533173171984,122454167.64273037
2929,2930.0,30.0,494.0,4790326.081491275,21338.663967777044,531.61316,1077.1406270758744,2943.6839318942025,488.07553433335204,258.6800331966766,1538.7723243941064,1272304.0755097177,6573.538026862609,1077.3533173171984,122454167.64273037
2930,2931.0,30.0,494.0,3950454.8469059877,0.0,531.61316,1070.4880202920767,2928.3330261554875,485.5302877327419,257.33105249835324,1529.2686004172526,1272304.0755097177,6573.538026862609,1077.3533173171984,122454167.64273037
2931,2932.0,30.0,494.0,3162032.832226105,10503.560861294158,531.61316,1059.0923116158115,2914.041576181764,483.16070348263014,256.075172845794,1512.9890165940164,1272304.0755097177,6573.538026862609,1077.3533173171984,122454167.64273037
2932,2933.0,30.0,494.0,2395950.348736413,9385.927067701623,531.61316,1059.0923116158115,2907.8361508511557,482.1318171096108,255.5298630680937,1512.9890165940164,1272304.0755097177,6573.538026862609,1077.3533173171984,122454167.64273037
2933,2934.0,30.0,494.0,1645762.0827494673,0.0,531.61316,1059.0923116158115,2903.421090433726,481.3997809867772,255.14188392299195,1512.9890165940164,1272304.0755097177,6573.538026862609,1077.3533173171984,122454167.64273037
2934,2935.0,30.0,494.0,1809286.3678040877,0.0,482.21316,964.8438894802761,2649.6120484777352,439.31714350348153,232.8380860568452,1378.3484135432516,1272304.0755097177,6573.538026862609,1077.3533173171984,122454167.64273037
2935,2936.0,30.0,494.0,2884140.080838749,56170.74981415948,432.81316000000004,861.7394749123162,2396.464985149946,397.34426494137165,210.59246041892698,1231.0563927318804,1272304.0755097177,6573.538026862609,1077.3533173171984,122454167.64273037
2936,2937.0,30.0,494.0,4126340.8946961816,54852.25572106615,423.90245239685856,855.9905313638945,2349.9796793658493,389.63680008300184,206.507504043991,1222.8436162341352,1272304.0755097177,6573.538026862609,1077.3533173171984,122454167.64273037
2937,2938.0,30.0,494.0,5376076.849456603,49613.92381041031,423.90245239685856,855.9905313638945,2347.8865846705685,389.28975592491787,206.32357064020647,1222.8436162341352,1272304.0755097177,6573.538026862609,1077.3533173171984,122454167.64273037
2938,2939.0,30.0,494.0,6633333.243734116,40463.401855372824,423.90245239685856,855.9905313638945,2345.797573693598,388.9433888650016,206.13999609845087,1222.8436162341352,1272304.0755097177,6573.538026862609,1077.3533173171984,122454167.64273037
2939,2940.0,30.0,494.0,7898095.419125434,27408.315269237384,423.90245239685856,855.9905313638945,2343.712634495319,388.59769692361243,205.9567793695146,1222.8436162341352,1272304.0755097177,6573.538026862609,1077.3533173171984,122454167.64273037
2940,2941.0,30.0,494.0,9167853.32618543,11754.410933927633,423.90245239685856,855.9905313638945,2342.3249312540197,388.3676097210922,205.83483315217887,1222.8436162341352,1272304.0755097177,6573.538026862609,1077.3533173171984,122454167.64273037
2941,2942.0,30.0,494.0,10430115.20060394,0.0,423.90245239685856,855.9905313638945,2344.4071625433216,388.7128526794548,206.01781192011106,1222.8436162341352,1272304.0755097177,6573.538026862609,1077.3533173171984,122454167.64273037
2942,2943.0,30.0,494.0,11644560.686796589,0.0,423.90245239685856,858.541650102979,2357.6894926060604,390.9151204814846,207.18501385518687,1226.4880715756844,1272304.0755097177,6573.538026862609,1077.3533173171984,122454167.64273037
2943,2944.0,30.0,494.0,12808027.046806468,0.0,423.90245239685885,863.6982643846758,2371.850360990163,393.2630537389617,208.4294184816497,1233.8546634066797,1272304.0755097177,6573.538026862609,1077.3533173171984,122454167.64273037
2944,2945.0,30.0,494.0,12993743.74988648,0.0,473.30245239685877,962.5990934568049,2643.447487915127,438.2950326858336,232.2963673234918,1375.14156208115,1272304.0755097177,6573.538026862609,1077.3533173171984,122454167.64273037
2945,2946.0,30.0,494.0,12785429.452865137,0.0,490.62224294667016,1002.4559139772125,2752.9005434988358,456.44282294606757,241.91469616141583,1432.0798771103036,1272304.0755097177,6573.538026862609,1077.3533173171984,122454167.64273037
2946,2947.0,30.0,494.0,12530898.309324803,0.0,490.62224294667016,1007.130816602267,2765.7385564207784,458.5714210434263,243.04285315301595,1438.7583094318102,1272304.0755097177,6573.538026862609,1077.3533173171984,122454167.64273037
2947,2948.0,30.0,494.0,12254639.44944167,6695.983792428859,490.62224294667016,1008.0266105122596,2771.774033182667,459.57212920832086,243.57322848041008,1440.0380150175138,1272304.0755097177,6573.538026862609,1077.3533173171984,122454167.64273037
2948,2949.0,30.0,494.0,11965918.67829517,19874.74895258434,490.62224294667016,1008.0266105122596,2775.2356752002684,460.1460844346635,243.8774247503717,1440.0380150175138,1272304.0755097177,6573.538026862609,1077.3533173171984,122454167.64273037
2949,2950.0,30.0,494.0,11674077.172522554,34676.94408750627,490.62224294667016,1008.0266105122596,2776.1025459297457,460.28981535288585,243.95360213702952,1440.0380150175138,1272304.0755097177,6573.538026862609,1077.3533173171984,122454167.64273037
2950,2951.0,30.0,494.0,11385356.401376043,47855.70924766641,490.62224294667016,1008.0266105122596,2775.2356752002684,460.1460844346635,243.8774247503717,1440.0380150175138,1272304.0755097177,6573.538026862609,1077.3533173171984,122454167.64273037
2951,2952.0,30.0,494.0,11105985.213511407,56170.74981415948,490.62224294667016,1008.0266105122596,2772.638568733084,459.71547294374983,243.64920066018743,1440.0380150175138,1272304.0755097177,6573.538026862609,1077.3533173171984,122454167.64273037
2952,2953.0,30.0,494.0,10845256.590536641,54787.78581613768,490.62224294667016,1008.0266105122596,2767.460078485898,458.85685685149537,243.19413413129254,1440.0380150175138,1272304.0755097177,6573.538026862609,1077.3533173171984,122454167.64273037
2953,2954.0,30.0,494.0,10615432.268490287,37328.16856587492,490.62224294667016,1008.0266105122596,2758.8755504502283,457.4335049547063,242.43975762599433,1440.0380150175138,1272304.0755097177,6573.538026862609,1077.3533173171984,122454167.64273037
2954,2955.0,30.0,494.0,10461969.803606002,0.0,490.62224294667016,1004.165824738903,2737.663923460764,453.91652540918136,240.57575846686612,1434.5226067698616,1272304.0755097177,6573.538026862609,1077.3533173171984,122454167.64273037
2955,2956.0,30.0,494.0,10356716.377341725,3114.1349642975256,490.62224294667016,991.425627683842,2724.2725238440953,451.69617340312493,239.39897190365622,1416.3223252626315,1272304.0755097177,6573.538026862609,1077.3533173171984,122454167.64273037
2956,2957.0,30.0,494.0,10263435.612620663,0.0,490.6222429466697,991.425627683842,2720.946784526536,451.14475143255123,239.10671825925218,1416.3223252626315,1272304.0755097177,6573.538026862609,1077.3533173171984,122454167.64273037
2957,2958.0,30.0,494.0,10179113.608090952,56170.74981415948,490.6222429466696,978.9918193083,2718.458240028938,450.7321399859833,238.88803419257115,1398.5597418690002,1272304.0755097177,6573.538026862609,1077.3533173171984,122454167.64273037
2958,2959.0,30.0,494.0,10367410.982647717,50653.315056799336,475.98875999999996,963.4108892425936,2642.7306347271397,438.1761753251725,232.23337292234143,1376.3012703465624,1272304.0755097177,6573.538026862609,1077.3533173171984,122454167.64273037
2959,2960.0,30.0,494.0,10558599.811949076,43631.723469264354,475.98875999999996,963.4108892425936,2641.9274528536416,438.04300429487705,232.16279227628485,1376.3012703465624,1272304.0755097177,6573.538026862609,1077.3533173171984,122454167.64273037
2960,2961.0,30.0,494.0,10749788.641250435,36610.131881729365,475.98875999999996,963.4108892425936,2641.9274528536416,438.04300429487705,232.16279227628485,1376.3012703465624,1272304.0755097177,6573.538026862609,1077.3533173171984,122454167.64273037
2961,2962.0,30.0,494.0,10940977.470551794,29588.540294192044,475.98875999999996,963.4108892425936,2641.9274528536416,438.04300429487705,232.16279227628485,1376.3012703465624,1272304.0755097177,6573.538026862609,1077.3533173171984,122454167.64273037
2962,2963.0,30.0,494.0,11132166.299853154,22566.948706657644,475.98875999999996,963.4108892425936,2641.9274528536416,438.04300429487705,232.16279227628485,1376.3012703465624,1272304.0755097177,6573.538026862609,1077.3533173171984,122454167.64273037
2963,2964.0,30.0,494.0,11326244.678038824,14042.19173200792,475.98875999999996,963.4108892425936,2641.124800385777,437.9099210423265,232.09225815243306,1376.3012703465624,1272304.0755097177,6573.538026862609,1077.3533173171984,122454167.64273037
2964,2965.0,30.0,494.0,11520323.056224495,5517.434757357608,475.98875999999996,963.4108892425936,2641.124800385777,437.9099210423265,232.09225815243306,1376.3012703465624,1272304.0755097177,6573.538026862609,1077.3533173171984,122454167.64273037
2965,2966.0,30.0,494.0,11708620.43078126,0.0,475.98875999999996,963.4108892425936,2642.7306347271397,438.1761753251725,232.23337292234143,1376.3012703465624,1272304.0755097177,6573.538026862609,1077.3533173171984,122454167.64273037
2966,2967.0,30.0,494.0,11832819.774015747,0.0,475.98875999999996,968.8216657153878,2660.5356434277724,441.12832281669324,233.79801109284742,1384.0309510219827,1272304.0755097177,6573.538026862609,1077.3533173171984,122454167.64273037
2967,2968.0,30.0,494.0,11894954.509570232,0.0,475.98875999999996,975.0995929047082,2677.7758122277733,443.9868174084148,235.31301322645987,1392.9994184352975,1272304.0755097177,6573.538026862609,1077.3533173171984,122454167.64273037
2968,2969.0,30.0,494.0,10970933.235168688,0.0,525.3887599999999,1074.8507370629816,2951.7080372155583,489.40596571894844,259.3851618310427,1535.5010529471167,1272304.0755097177,6573.538026862609,1077.3533173171984,122454167.64273037
2969,2970.0,30.0,494.0,10016875.556445993,2754.7540760476427,525.3887599999999,1077.3533173171984,2960.0514828603227,490.7893451120713,260.1183529093978,1539.0761675959977,1272304.0755097177,6573.538026862609,1077.3533173171984,122454167.64273037
2970,2971.0,30.0,494.0,9046051.962574845,14231.265195639804,525.3887599999999,1077.3533173171984,2964.7086815126713,491.5615288020774,260.52761026510103,1539.0761675959977,1272304.0755097177,6573.538026862609,1077.3533173171984,122454167.64273037
2971,2972.0,30.0,494.0,8068506.1122758575,29204.74542362243,525.3887599999999,1077.3533173171984,2966.575974964849,491.87113413692816,260.6917010925719,1539.0761675959977,1272304.0755097177,6573.538026862609,1077.3533173171984,122454167.64273037
2972,2973.0,30.0,494.0,7090960.26197687,44178.22565160319,525.3887599999999,1077.3533173171984,2966.575974964849,491.87113413692816,260.6917010925719,1539.0761675959977,1272304.0755097177,6573.538026862609,1077.3533173171984,122454167.64273037
2973,2974.0,30.0,494.0,6119144.731406422,56170.74981415948,525.2635067294085,1077.3533173171984,2964.984219484699,491.6072141901959,260.55182352080385,1539.0761675959977,1272304.0755097177,6573.538026862609,1077.3533173171984,122454167.64273037
2974,2975.0,30.0,494.0,5170382.542212188,56170.74981415948,524.5761229886884,1077.3533173171984,2958.5805135468618,490.5454520344632,259.9890895782655,1539.0761675959977,1272304.0755097177,6573.538026862609,1077.3533173171984,122454167.64273037
2975,2976.0,30.0,494.0,4241674.435115604,45738.46322328225,524.5761229886884,1077.3533173171984,2953.0099351864033,489.62182603631567,259.4995677992473,1539.0761675959977,1272304.0755097177,6573.538026862609,1077.3533173171984,122454167.64273037
2976,2977.0,30.0,494.0,3339579.1593709085,21461.97861298453,524.5761229886884,1077.3533173171984,2945.6174820331007,488.3961253135786,258.84994641619664,1539.0761675959977,1272304.0755097177,6573.538026862609,1077.3533173171984,122454167.64273037
2977,2978.0,30.0,494.0,2473843.4742770363,0.0,524.5761229886884,1073.1282256992993,2935.5175957412052,486.72152046038326,257.9624058440031,1533.0403224275703,1272304.0755097177,6573.538026862609,1077.3533173171984,122454167.64273037
2978,2979.0,30.0,494.0,1673533.7617959064,24052.65931931697,524.5761229886884,1057.6602229709224,2917.343714459888,483.70821229873496,256.36535251832953,1510.9431756727463,1272304.0755097177,6573.538026862609,1077.3533173171984,122454167.64273037
2979,2980.0,30.0,494.0,931366.8213758711,17859.004777153023,524.5761229886884,1057.6602229709224,2901.1929444429175,481.03034473947713,254.94608271192288,1510.9431756727463,1272304.0755097177,6573.538026862609,1077.3533173171984,122454167.64273037
2980,2981.0,30.0,494.0,211624.2928306867,0.0,524.5761229886884,1057.6602229709224,2894.9639411443472,479.9975490373389,254.39870098978963,1510.9431756727463,1272304.0755097177,6573.538026862609,1077.3533173171984,122454167.64273037
2981,2982.0,30.0,494.0,0.0,0.0,497.5287916305465,1002.7907249663539,2753.8199867792096,456.5952706207297,241.99549342898675,1432.5581785233628,1272304.0755097177,6573.538026862609,1077.3533173171984,122454167.64273037
2982,2983.0,30.0,494.0,704368.3350670398,56170.74981415948,448.1287916305465,899.2146208051332,2499.377590140952,414.4076201903507,219.63603870088588,1284.5923154359048,1272304.0755097177,6573.538026862609,1077.3533173171984,122454167.64273037
2983,2984.0,30.0,494.0,2321103.231748102,51558.21104792878,398.7287916305465,818.7463616518414,2245.9424341370573,372.38697461585735,197.3650965464044,1169.6376595026306,1272304.0755097177,6573.538026862609,1077.3533173171984,122454167.64273037
2984,2985.0,30.0,494.0,3940257.066146776,45687.32241593767,398.7287916305465,818.7463616518414,2245.2705069932767,372.2755661877376,197.30605007950092,1169.6376595026306,1272304.0755097177,6573.538026862609,1077.3533173171984,122454167.64273037
2985,2986.0,30.0,494.0,5559410.900545447,39816.433783943634,398.7287916305465,818.7463616518414,2245.2705069932767,372.2755661877376,197.30605007950092,1169.6376595026306,1272304.0755097177,6573.538026862609,1077.3533173171984,122454167.64273037
2986,2987.0,30.0,494.0,7183397.831881168,31431.33123164624,398.7287916305465,818.7463616518414,2243.927980066318,372.05296941362985,197.18807378922384,1169.6376595026306,1272304.0755097177,6573.538026862609,1077.3533173171984,122454167.64273037
2987,2988.0,30.0,494.0,8812211.499304697,20535.32372137904,398.7287916305465,818.7463616518414,2242.5872200419276,371.83066559961406,197.07025276779547,1169.6376595026306,1272304.0755097177,6573.538026862609,1077.3533173171984,122454167.64273037
2988,2989.0,30.0,494.0,10443436.153376529,8385.102552297525,398.7287916305465,818.7463616518414,2241.91750152851,371.719623371966,197.011400387142,1169.6376595026306,1272304.0755097177,6573.538026862609,1077.3533173171984,122454167.64273037
2989,2990.0,30.0,494.0,12067423.084712252,0.0,398.7287916305465,818.7463616518414,2243.927980066318,372.05296941362985,197.18807378922384,1169.6376595026306,1272304.0755097177,6573.538026862609,1077.3533173171984,122454167.64273037
2990,2991.0,30.0,494.0,12725268.268999582,0.0,448.1287916305471,914.8425968024486,2512.30068757976,416.5503256687984,220.77167260446316,1306.9179954320696,1272304.0755097177,6573.538026862609,1077.3533173171984,122454167.64273037
2991,2992.0,30.0,494.0,12421977.948210679,0.0,497.5287916305471,1012.0628797541996,2779.2827723231585,460.8171106509471,244.23306864500196,1445.804113934571,1272304.0755097177,6573.538026862609,1077.3533173171984,122454167.64273037
2992,2993.0,30.0,494.0,11504344.685269121,0.0,527.7006799999999,1074.2045802220798,2949.933589587785,489.11175462356266,259.2292299504882,1534.5779717458283,1272304.0755097177,6573.538026862609,1077.3533173171984,122454167.64273037
2993,2994.0,30.0,494.0,10550184.344235338,3243.075132897502,527.7006799999999,1077.2687504457372,2960.0800001689586,490.7940734052483,260.12085890478164,1538.9553577796248,1272304.0755097177,6573.538026862609,1077.3533173171984,122454167.64273037
2994,2995.0,30.0,494.0,9572638.49393635,18651.47069982517,527.7006799999999,1077.2687504457372,2966.5759749648487,491.87113413692816,260.6917010925719,1538.9553577796246,1272304.0755097177,6573.538026862609,1077.3533173171984,122454167.64273037
2995,2996.0,30.0,494.0,8595092.643637363,34059.866266754005,527.3449999999999,1077.2687504457372,2966.575974964849,491.8711341369282,260.6917010925719,1538.9553577796246,1272304.0755097177,6573.538026862609,1077.3533173171984,122454167.64273037
2996,2997.0,30.0,494.0,7620896.590421278,47725.671820333795,527.3449999999999,1077.2687504457372,2965.6454757751535,491.7168533446574,260.6099322726684,1538.9553577796246,1272304.0755097177,6573.538026862609,1077.3533173171984,122454167.64273037
2997,2998.0,30.0,494.0,6656736.3906282,56170.74981415948,527.3449999999999,1077.2687504457372,2962.8577387132073,491.2546344762021,260.36495627238713,1538.9553577796246,1272304.0755097177,6573.538026862609,1077.3533173171984,122454167.64273037
2998,2999.0,30.0,494.0,5712587.182220222,54205.957334710285,527.3449999999999,1077.2687504457372,2957.2991299951236,490.33299309655746,259.87648634117545,1538.9553577796246,1272304.0755097177,6573.538026862609,1077.3533173171984,122454167.64273037
2999,3000.0,30.0,494.0,4791682.362565303,40149.25638889894,527.3449999999999,1077.2687504457372,2950.8423553414964,489.2624319180985,259.3090889165922,1538.9553577796246,1272304.0755097177,6573.538026862609,1077.3533173171984,122454167.64273037
3000,3001.0,30.0,494.0,3897209.3016984146,12342.552753611468,527.3449999999999,1077.2687504457372,2943.5002001225994,488.04507081054385,258.66388752958824,1538.9553577796246,1272304.0755097177,6573.538026862609,1077.3533173171984,122454167.64273037
3001,3002.0,30.0,494.0,3035577.719479341,19720.974174270592,527.3449999999999,1067.1052340396973,2934.3775671648727,486.53249878909577,257.8622243582208,1524.436048628139,1272304.0755097177,6573.538026862609,1077.3533173171984,122454167.64273037
3002,3003.0,30.0,494.0,2226039.558901176,0.0,527.3449999999999,1067.1052340396973,2919.9071722646204,484.1332446958037,256.590619688776,1524.436048628139,1272304.0755097177,6573.538026862609,1077.3533173171984,122454167.64273037
3003,3004.0,30.0,494.0,1468045.0716840178,0.0,527.3449999999999,1058.0568811057453,2905.5894852198962,481.7593102257824,255.33243441966468,1511.5098301510648,1272304.0755097177,6573.538026862609,1077.3533173171984,122454167.64273037
3004,3005.0,30.0,494.0,729239.5026528016,0.0,527.3449999999999,1056.1158935491287,2900.2592301682453,480.87553087220437,254.86403136226832,1508.7369907844695,1272304.0755097177,6573.538026862609,1077.3533173171984,122454167.64273037
3005,3006.0,30.0,494.0,0.0,0.0,527.3449999999999,1055.1482717360414,2897.6019895075747,480.43494887178747,254.63052290204737,1507.3546739086305,1272304.0755097177,6573.538026862609,1077.3533173171984,122454167.64273037
3006,3007.0,30.0,494.0,0.0,0.0,488.13198286319994,981.3846136326232,2695.0354609929077,446.8485418626529,236.82972718720603,1401.978019475176,1272304.0755097177,6573.538026862609,1077.3533173171984,122454167.64273037
3007,3008.0,30.0,494.0,909302.2553261723,56170.74981415948,438.73198286319996,878.4852505875343,2442.4515011800822,404.9690283000842,214.63358499904461,1254.9789294107634,1272304.0755097177,6573.538026862609,1077.3533173171984,122454167.64273037
3008,3009.0,30.0,494.0,2291110.1350350105,55404.23092553578,413.24990016567125,841.7617409222951,2311.1999388515637,383.20695129124,203.09968418435722,1202.516772746136,1272304.0755097177,6573.538026862609,1077.3533173171984,122454167.64273037
3009,3010.0,30.0,494.0,3677887.7652679114,52052.40987749398,413.24990016567125,841.7617409222951,2309.8194525948793,382.9780606959995,202.97837216887973,1202.516772746136,1272304.0755097177,6573.538026862609,1077.3533173171984,122454167.64273037
3010,3011.0,30.0,494.0,5072107.809708657,44828.98814655002,413.2499001656713,841.7617409222951,2307.752115314923,382.6352872288383,202.7967022312843,1202.516772746136,1272304.0755097177,6573.538026862609,1077.3533173171984,122454167.64273037
3011,3012.0,30.0,494.0,6476228.345272748,32455.25535742566,413.2499001656713,841.7617409222951,2305.0019788917743,382.17930270900774,202.5550304357741,1202.516772746136,1272304.0755097177,6573.538026862609,1077.3533173171984,122454167.64273037
3012,3013.0,30.0,494.0,7887757.259032575,16227.627678711899,413.2499001656713,841.7617409222951,2302.944096059622,381.8380968302055,202.37419132000892,1202.516772746136,1272304.0755097177,6573.538026862609,1077.3533173171984,122454167.64273037
3013,3014.0,30.0,494.0,9299286.172792401,0.0,413.2499001656715,841.7617409222951,2302.944096059623,381.8380968302056,202.37419132000898,1202.516772746136,1272304.0755097177,6573.538026862609,1077.3533173171984,122454167.64273037
3014,3015.0,30.0,494.0,10673627.183046311,0.0,413.2499001656714,842.3679805112796,2313.2740692557104,383.5508510877883,203.2819510765278,1203.382829301828,1272304.0755097177,6573.538026862609,1077.3533173171984,122454167.64273037
3015,3016.0,30.0,494.0,11676476.51192498,0.0,431.21260000000007,879.9449154874337,2416.4662029710553,400.6605534088885,212.35009330671093,1257.0641649820482,1272304.0755097177,6573.538026862609,1077.3533173171984,122454167.64273037
3016,3017.0,30.0,494.0,11714854.158992078,0.0,480.61260000000004,977.5026576678504,2684.3750034742698,445.08099187426154,235.89292569335862,1396.4323680969292,1272304.0755097177,6573.538026862609,1077.3533173171984,122454167.64273037
3017,3018.0,30.0,494.0,10787068.778594038,0.0,530.0126,1075.2314819715893,2952.753622214586,489.57932823642597,259.47704396530577,1536.0449742451278,1272304.0755097177,6573.538026862609,1077.3533173171984,122454167.64273037
3018,3019.0,30.0,494.0,9822841.297946913,8045.162668746993,530.0126,1077.3533173171984,2962.876427839331,491.25773321418814,260.3665986035198,1539.0761675959977,1272304.0755097177,6573.538026862609,1077.3533173171984,122454167.64273037
3019,3020.0,30.0,494.0,8845295.447647925,23018.64289672859,530.0126,1077.3533173171984,2966.5759749648487,491.8711341369281,260.6917010925719,1539.0761675959977,1272304.0755097177,6573.538026862609,1077.3533173171984,122454167.64273037
3020,3021.0,30.0,494.0,7867749.597348938,37992.123124711215,529.6569199999999,1077.3533173171984,2966.5759749648487,491.87113413692805,260.6917010925719,1539.0761675959977,1272304.0755097177,6573.538026862609,1077.3533173171984,122454167.64273037
3021,3022.0,30.0,494.0,6893538.92738164,51230.61708490923,529.6569199999999,1077.3533173171984,2965.6495359838236,491.717526544825,260.61028906875725,1539.0761675959977,1272304.0755097177,6573.538026862609,1077.3533173171984,122454167.64273037
3022,3023.0,30.0,494.0,5935280.274831776,56170.74981415948,529.1613088881907,1077.3533173171984,2961.2184200345364,490.9828283453312,260.22089902302554,1539.0761675959977,1272304.0755097177,6573.538026862609,1077.3533173171984,122454167.64273037
3023,3024.0,30.0,494.0,4990309.687497346,54198.32958333846,529.1613088881907,1077.3533173171984,2957.5272908080274,490.37082314667435,259.8965362677374,1539.0761675959977,1272304.0755097177,6573.538026862609,1077.3533173171984,122454167.64273037
3024,3025.0,30.0,494.0,4061899.1894257087,43611.2245058734,529.1613088881907,1077.3533173171984,2952.927266012807,489.6081191295929,259.49230313868424,1539.0761675959977,1272304.0755097177,6573.538026862609,1077.3533173171984,122454167.64273037
3025,3026.0,30.0,494.0,3163157.7137810383,17590.067482167855,529.1613088881907,1077.3533173171984,2944.6858708942045,488.2416601553185,258.76807988231883,1539.0761675959977,1272304.0755097177,6573.538026862609,1077.3533173171984,122454167.64273037
3026,3027.0,30.0,494.0,2316723.852884531,22256.81705110846,529.1613088881907,1066.0952314966669,2930.1559779086037,485.8325410220051,257.49124674166274,1522.9931878523814,1272304.0755097177,6573.538026862609,1077.3533173171984,122454167.64273037
3027,3028.0,30.0,494.0,1522045.4159458133,0.0,529.1613088881907,1066.0952314966669,2915.7794712536625,483.4488540060753,256.22789262321993,1522.9931878523814,1272304.0755097177,6573.538026862609,1077.3533173171984,122454167.64273037
3028,3029.0,30.0,494.0,749838.5677259908,0.0,529.1613088881907,1059.49448251657,2909.537363276191,482.4138854914663,255.67935931047717,1513.563546452243,1272304.0755097177,6573.538026862609,1077.3533173171984,122454167.64273037
3029,3030.0,30.0,494.0,0.0,0.0,529.1613088881905,1057.2318977433833,2903.323952027905,481.3836750187377,255.13334775993098,1510.3312824905477,1272304.0755097177,6573.538026862609,1077.3533173171984,122454167.64273037
3030,3031.0,30.0,494.0,0.0,0.0,489.2543915688,981.3846136326232,2695.0354609929077,446.8485418626529,236.82972718720603,1401.978019475176,1272304.0755097177,6573.538026862609,1077.3533173171984,122454167.64273037
3031,3032.0,30.0,494.0,915122.8802023791,56122.6056854818,439.8543915688,877.9058471001073,2440.8346609366913,404.7009491910554,214.49150307125936,1254.1512101430105,1272304.0755097177,6573.538026862609,1077.3533173171984,122454167.64273037
3032,3033.0,30.0,494.0,2310175.2832729444,56170.74981415948,414.1520595851124,840.2636310276038,2307.520904584417,382.59695148918485,202.77638428926798,1200.3766157537198,1272304.0755097177,6573.538026862609,1077.3533173171984,122454167.64273037
3033,3034.0,30.0,494.0,3715104.466632357,51080.91744176019,414.15205958511234,840.2636310276038,2304.777354504182,382.1420590135109,202.53529127716078,1200.3766157537198,1272304.0755097177,6573.538026862609,1077.3533173171984,122454167.64273037
3034,3035.0,30.0,494.0,5127424.324445494,42146.39980150871,414.15205958511234,840.2636310276038,2302.7243893781474,381.80166851166365,202.35488431118173,1200.3766157537198,1272304.0755097177,6573.538026862609,1077.3533173171984,122454167.64273037
3035,3036.0,30.0,494.0,6547120.408998616,29374.712704380974,414.15205958511234,840.2636310276038,2300.6754375059295,381.4619434246661,202.17483001507304,1200.3766157537198,1272304.0755097177,6573.538026862609,1077.3533173171984,122454167.64273037
3036,3037.0,30.0,494.0,7971725.972444711,14049.077210419811,414.15205958511234,840.2636310276038,2299.3116933689953,381.2358287453296,202.05498923502472,1200.3766157537198,1272304.0755097177,6573.538026862609,1077.3533173171984,122454167.64273037
3037,3038.0,30.0,494.0,9393877.59596137,0.0,414.15205958511234,840.2636310276038,2299.9933433493916,381.3488492618347,202.11489010877239,1200.3766157537198,1272304.0755097177,6573.538026862609,1077.3533173171984,122454167.64273037
3038,3039.0,30.0,494.0,10783981.917147664,0.0,414.15205958511234,840.7734982129888,2308.8953717744917,382.8248440971347,202.8971673714814,1201.1049974471268,1272304.0755097177,6573.538026862609,1077.3533173171984,122454167.64273037
3039,3040.0,30.0,494.0,11777440.486631982,0.0,434.2877151361883,880.894804738875,2419.0747472472635,401.09306133803403,212.57932250915806,1258.4211496269643,1272304.0755097177,6573.538026862609,1077.3533173171984,122454167.64273037
3040,3041.0,30.0,494.0,11829751.155857103,0.0,483.68771513618833,976.0933117957836,2680.504719541485,444.4392820500346,235.55281948651836,1394.4190168511195,1272304.0755097177,6573.538026862609,1077.3533173171984,122454167.64273037
3041,3042.0,30.0,494.0,10936700.011807144,0.0,533.0877151361881,1071.718062408959,2943.1052232290067,487.979581932373,258.6291784241577,1531.02580344137,1272304.0755097177,6573.538026862609,1077.3533173171984,122454167.64273037
3042,3043.0,30.0,494.0,10010953.793929346,0.0,533.0877151361881,1075.0252176559384,2952.187188181185,489.48541102251534,259.42726784193314,1535.7503109370548,1272304.0755097177,6573.538026862609,1077.3533173171984,122454167.64273037
3043,3044.0,30.0,494.0,9062191.604735114,0.0,533.0877151361881,1077.3533173171984,2958.580513546861,490.5454520344631,259.98908957826546,1539.0761675959977,1272304.0755097177,6573.538026862609,1077.3533173171984,122454167.64273037
3044,3045.0,30.0,494.0,8096923.704108031,8586.397084412165,533.0877151361881,1077.3533173171984,2963.16543338932,491.30565158501184,260.39199534005627,1539.0761675959977,1272304.0755097177,6573.538026862609,1077.3533173171984,122454167.64273037
3045,3046.0,30.0,494.0,7121725.95231343,22338.378546104766,533.0877151361881,1077.3533173171984,2965.9237253802967,491.76298833328065,260.6343838166388,1539.0761675959977,1272304.0755097177,6573.538026862609,1077.3533173171984,122454167.64273037
3046,3047.0,30.0,494.0,6144180.102014442,37311.858774089254,533.03588,1077.3533173171984,2966.575974964849,491.8711341369282,260.691701092572,1539.0761675959977,1272304.0755097177,6573.538026862609,1077.3533173171984,122454167.64273037
3047,3048.0,30.0,494.0,5169948.297105349,50561.347292344086,533.03588,1077.3533173171984,2965.655406800989,491.7184999517163,260.61080497440963,1539.0761675959977,1272304.0755097177,6573.538026862609,1077.3533173171984,122454167.64273037
3048,3049.0,30.0,494.0,4209083.794885028,56170.74981415948,533.03588,1077.3533173171984,2961.942267165219,491.10284533195664,260.2523036567702,1539.0761675959977,1272304.0755097177,6573.538026862609,1077.3533173171984,122454167.64273037
3049,3050.0,30.0,494.0,3277734.2809338868,47112.54323231429,533.03588,1077.3533173171984,2953.743659312669,489.74348067155034,259.56404475592166,1539.0761675959977,1272304.0755097177,6573.538026862609,1077.3533173171984,122454167.64273037
3050,3051.0,30.0,494.0,2405152.630035449,7482.845683495514,533.03588,1077.3533173171984,2937.4192529091406,487.0368234480113,258.129516427446,1539.0761675959977,1272304.0755097177,6573.538026862609,1077.3533173171984,122454167.64273037
3051,3052.0,30.0,494.0,1584225.8502658904,14981.355211490414,533.03588,1062.9645323884808,2923.0706775955628,484.65776756934895,256.8686168117549,1518.5207605549729,1272304.0755097177,6573.538026862609,1077.3533173171984,122454167.64273037
3052,3053.0,30.0,494.0,785727.7850563917,10812.276214803336,533.03588,1062.9645323884808,2916.840479106657,483.624773699481,256.32113006072495,1518.5207605549726,1272304.0755097177,6573.538026862609,1077.3533173171984,122454167.64273037
3053,3054.0,30.0,494.0,0.0,0.0,533.03588,1062.9645323884808,2913.2931790641273,483.0366160019308,256.00940648102335,1518.5207605549729,1272304.0755097177,6573.538026862609,1077.3533173171984,122454167.64273037
3054,3055.0,30.0,494.0,126040.64625057578,0.0,483.63588000000004,968.6354151822646,2660.0241703677475,441.0435183700052,233.75306473610277,1383.7648788318068,1272304.0755097177,6573.538026862609,1077.3533173171984,122454167.64273037
3055,3056.0,30.0,494.0,1162063.2723543923,56170.74981415948,434.23588000000007,865.6672969923474,2407.2513981862917,399.13269889965557,211.54033041681745,1236.667567131925,1272304.0755097177,6573.538026862609,1077.3533173171984,122454167.64273037
3056,3057.0,30.0,494.0,2664766.7799819955,50389.48006098252,409.0583955343281,830.5080591588345,2277.61781998524,377.6388906607701,200.14861205020816,1186.4400845126208,1272304.0755097177,6573.538026862609,1077.3533173171984,122454167.64273037
3057,3058.0,30.0,494.0,4172332.044404611,42079.08731061593,409.0583955343281,830.5080591588345,2276.2673319866262,377.4149739065314,200.02993617046164,1186.4400845126208,1272304.0755097177,6573.538026862609,1077.3533173171984,122454167.64273037
3058,3059.0,30.0,494.0,5682325.8104401855,32505.369483117945,409.0583955343281,830.5080591588345,2275.592748205248,377.30312499640166,199.9706562480929,1186.4400845126208,1272304.0755097177,6573.538026862609,1077.3533173171984,122454167.64273037
3059,3060.0,30.0,494.0,7194746.495630708,21669.149785228074,409.0583955343281,830.5080591588345,2274.9186039955403,377.1913489691571,199.91141495365326,1186.4400845126208,1272304.0755097177,6573.538026862609,1077.3533173171984,122454167.64273037
3060,3061.0,30.0,494.0,8712016.277939998,8310.392750366591,409.0583955343281,830.5080591588345,2273.5716325736603,376.9680152785585,199.79304809763602,1186.4400845126208,1272304.0755097177,6573.538026862609,1077.3533173171984,122454167.64273037
3061,3062.0,30.0,494.0,10219581.54236261,0.0,409.0583955343281,830.5080591588345,2276.2673319866262,377.4149739065314,200.02993617046164,1186.4400845126208,1272304.0755097177,6573.538026862609,1077.3533173171984,122454167.64273037
3062,3063.0,30.0,494.0,11668383.974788005,0.0,409.0583955343281,834.836097135556,2292.5903408747427,380.1213994159674,201.46434169046273,1192.6229959079371,1272304.0755097177,6573.538026862609,1077.3533173171984,122454167.64273037
3063,3064.0,30.0,494.0,12160150.15207776,0.0,458.4583955343283,931.6417348712993,2558.4337450790863,424.19938623724266,224.82567470573863,1330.9167641018562,1272304.0755097177,6573.538026862609,1077.3533173171984,122454167.64273037
3064,3065.0,30.0,494.0,11674001.25794109,0.0,507.8583955343283,1030.5592958652799,2830.0768204753163,469.2389836394868,248.696661328928,1472.2275655218284,1272304.0755097177,6573.538026862609,1077.3533173171984,122454167.64273037
3065,3066.0,30.0,494.0,10786264.120935084,0.0,526.4558000000001,1071.1805427088832,2941.6291101612424,487.7348359980423,258.49946307896244,1530.2579181555475,1272304.0755097177,6573.538026862609,1077.3533173171984,122454167.64273037
3066,3067.0,30.0,494.0,9852163.108981635,0.0,526.4558000000001,1075.87031747771,2954.50796431331,489.87020574809117,259.6312090464883,1536.9575963967286,1272304.0755097177,6573.538026862609,1077.3533173171984,122454167.64273037
3067,3068.0,30.0,494.0,8891371.892466933,6257.591836194089,526.4558000000001,1077.3533173171984,2961.921910024769,491.099470029977,260.2827191158878,1539.0761675959975,1272304.0755097177,6573.538026862609,1077.3533173171984,122454167.64273037
3068,3069.0,30.0,494.0,7913826.042167945,21231.072064176202,526.4558000000001,1077.3533173171984,2966.5759749648487,491.8711341369281,260.6917010925719,1539.0761675959977,1272304.0755097177,6573.538026862609,1077.3533173171984,122454167.64273037
3069,3070.0,30.0,494.0,6936280.191868959,36204.55229216069,526.1001200000001,1077.3533173171984,2966.5759749648482,491.87113413692805,260.6917010925719,1539.0761675959977,1272304.0755097177,6573.538026862609,1077.3533173171984,122454167.64273037
3070,3071.0,30.0,494.0,5962620.454309395,46433.866508433835,526.1001200000001,1077.3533173171984,2965.4964992038977,491.69215238446566,260.46908713677465,1539.0761675959977,1272304.0755097177,6573.538026862609,1077.3533173171984,122454167.64273037
3071,3072.0,30.0,494.0,4995140.963257389,56170.74981415948,526.1001200000001,1077.3533173171984,2963.779764062909,491.4075102691325,260.44598044264023,1539.0761675959977,1272304.0755097177,6573.538026862609,1077.3533173171984,122454167.64273037
3072,3073.0,30.0,494.0,4044575.544821834,56170.74981415948,526.1001200000001,1077.3533173171984,2959.0814105583395,490.6285029265356,259.9890895782658,1539.0761675959977,1272304.0755097177,6573.538026862609,1077.3533173171984,122454167.64273037
3073,3074.0,30.0,494.0,3123803.985737562,41609.81036330387,526.1001200000001,1077.3533173171984,2950.8053385163166,489.25629436829803,259.30583601519794,1539.0761675959977,1272304.0755097177,6573.538026862609,1077.3533173171984,122454167.64273037
3074,3075.0,30.0,494.0,2285355.2571344655,0.0,526.1001200000001,1074.285743499683,2927.937885604879,485.46477171952955,257.2963290113507,1534.6939192852612,1272304.0755097177,6573.538026862609,1077.3533173171984,122454167.64273037
3075,3076.0,30.0,494.0,1508560.1134887505,7808.346717292443,526.1001200000001,1058.4403057698316,2910.8118897833842,482.62520750171353,255.79135997590816,1512.0575796711883,1272304.0755097177,6573.538026862609,1077.3533173171984,122454167.64273037
3076,3077.0,30.0,494.0,747860.8424046729,7243.4976595020225,526.1001200000001,1058.4403057698314,2906.340814071818,481.8838838007131,255.39845841437793,1512.0575796711878,1272304.0755097177,6573.538026862609,1077.3533173171984,122454167.64273037
3077,3078.0,30.0,494.0,0.0,0.0,526.1001200000001,1058.4403057698314,2902.7745838830947,481.2925874030061,255.08507132359327,1512.0575796711878,1272304.0755097177,6573.538026862609,1077.3533173171984,122454167.64273037
3078,3079.0,30.0,494.0,169392.54482371546,0.0,476.7001200000001,964.2503062943747,2647.9819763196533,439.0468704857374,232.69484135744082,1377.5004375633926,1272304.0755097177,6573.538026862609,1077.3533173171984,122454167.64273037
3079,3080.0,30.0,494.0,1257424.1802712064,56170.74981415948,427.3001200000001,860.4065085002701,2392.8044511463822,396.73733256307605,210.27078625843032,1229.1521550003858,1272304.0755097177,6573.538026862609,1077.3533173171984,122454167.64273037
3080,3081.0,30.0,494.0,2789882.2112009116,51468.05579080898,403.4385177163222,827.288621903615,2269.352674623545,376.26849379341473,199.42230171050983,1181.8408884337357,1272304.0755097177,6573.538026862609,1077.3533173171984,122454167.64273037
3081,3082.0,30.0,494.0,4327230.426900795,44221.45032057818,403.4385177163222,827.288621903615,2267.9942899651624,376.04326773881456,199.30293190157172,1181.8408884337357,1272304.0755097177,6573.538026862609,1077.3533173171984,122454167.64273037
3082,3083.0,30.0,494.0,5867021.320697905,35704.14505788591,403.4385177163222,827.288621903615,2267.315768271488,375.93076590578534,199.24330593006624,1181.8408884337357,1272304.0755097177,6573.538026862609,1077.3533173171984,122454167.64273037
3083,3084.0,30.0,494.0,7411692.750054774,24647.947941239923,403.4385177163222,827.288621903615,2265.960063949336,375.70598426253105,199.12417165914147,1181.8408884337357,1272304.0755097177,6573.538026862609,1077.3533173171984,122454167.64273037
3084,3085.0,30.0,494.0,8961238.298022084,11056.197116645984,403.4385177163222,827.288621903615,2264.6061421130994,375.481498163155,199.00519402647214,1181.8408884337357,1272304.0755097177,6573.538026862609,1077.3533173171984,122454167.64273037
3085,3086.0,30.0,494.0,10505909.727378942,0.0,403.4385177163222,827.288621903615,2265.960063949336,375.70598426253105,199.12417165914147,1181.8408884337357,1272304.0755097177,6573.538026862609,1077.3533173171984,122454167.64273037
3086,3087.0,30.0,494.0,11999013.049997918,0.0,403.4385177163222,830.3549963366702,2280.284538043192,378.08104405466844,200.38295334897427,1186.2214233381003,1272304.0755097177,6573.538026862609,1077.3533173171984,122454167.64273037
3087,3088.0,30.0,494.0,12978391.097471287,0.0,428.7715297875842,882.3190704399991,2422.986003361416,401.7415645272338,212.9230291994339,1260.4558149142845,1272304.0755097177,6573.538026862609,1077.3533173171984,122454167.64273037
3088,3089.0,30.0,494.0,12993743.74988648,0.0,478.17152978758423,979.8316700528869,2690.7708353220214,446.1414484717838,236.45496769004544,1399.7595286469814,1272304.0755097177,6573.538026862609,1077.3533173171984,122454167.64273037
3089,3090.0,30.0,494.0,12051995.794711834,0.0,527.5715297875844,1076.6438171348905,2956.632115208086,490.22239915844324,259.81787155397495,1538.0625959069864,1272304.0755097177,6573.538026862609,1077.3533173171984,122454167.64273037
3090,3091.0,30.0,494.0,11086915.20183504,8488.958162890747,527.5715297875844,1077.3533173171984,2963.1134034586835,491.29702479735937,260.3874231426005,1539.0761675959977,1272304.0755097177,6573.538026862609,1077.3533173171984,122454167.64273037
3091,3092.0,30.0,494.0,10111801.207167586,22197.36852767784,527.5715297875844,1077.3533173171984,2965.900459511645,491.759130751578,260.6323392983364,1539.0761675959977,1272304.0755097177,6573.538026862609,1077.3533173171984,122454167.64273037
3092,3093.0,30.0,494.0,9136687.212500133,35905.778892457485,527.5715297875844,1077.3533173171984,2965.900459511645,491.759130751578,260.6323392983364,1539.0761675959977,1272304.0755097177,6573.538026862609,1077.3533173171984,122454167.64273037
3093,3094.0,30.0,494.0,8164919.938569472,47873.19958263263,527.5715297875844,1077.3533173171984,2964.9708148625364,491.6049916458345,260.5506455722923,1539.0761675959977,1272304.0755097177,6573.538026862609,1077.3533173171984,122454167.64273037
3094,3095.0,30.0,494.0,7203179.310560281,54624.682525633834,527.5715297875844,1077.3533173171984,2962.185635439905,491.14319684504545,260.3058943278741,1539.0761675959977,1272304.0755097177,6573.538026862609,1077.3533173171984,122454167.64273037
3095,3096.0,30.0,494.0,6251445.101755344,56170.74981415948,527.5715297875844,1077.3533173171984,2959.4060745498346,490.6823336212684,260.0616368192723,1539.0761675959977,1272304.0755097177,6573.538026862609,1077.3533173171984,122454167.64273037
3096,3097.0,30.0,494.0,5322980.887969374,45611.58806133177,527.5715297875844,1077.3533173171984,2952.942187044566,489.61059310122744,259.49361434365056,1539.0761675959977,1272304.0755097177,6573.538026862609,1077.3533173171984,122454167.64273037
3097,3098.0,30.0,494.0,4430863.840186463,16144.353096090257,527.5715297875844,1077.3533173171984,2942.8457520437164,487.9365604870226,258.60637705812195,1539.0761675959977,1272304.0755097177,6573.538026862609,1077.3533173171984,122454167.64273037
3098,3099.0,30.0,494.0,3600902.7975478834,0.0,527.5715297875844,1068.4755847752538,2925.580195059179,485.0738564244406,257.0891439049535,1526.3936925360767,1272304.0755097177,6573.538026862609,1077.3533173171984,122454167.64273037
3099,3100.0,30.0,494.0,2832318.3172537694,13303.348415335951,527.5715297875844,1056.5413124323336,2908.5311499634945,482.24705096995854,255.59093701407804,1509.344732046191,1272304.0755097177,6573.538026862609,1077.3533173171984,122454167.64273037
3100,3101.0,30.0,494.0,2092539.1031757863,11621.977458828129,527.5715297875834,1056.5413124323336,2900.5296871256805,480.9203738061159,254.88779811724143,1509.344732046191,1272304.0755097177,6573.538026862609,1077.3533173171984,122454167.64273037
3101,3102.0,30.0,494.0,1371868.8099620221,0.0,527.5715297875834,1056.5413124323336,2895.2216535522857,480.0402788697934,254.4213478009905,1509.344732046191,1272304.0755097177,6573.538026862609,1077.3533173171984,122454167.64273037
3102,3103.0,30.0,494.0,853573.8591066003,0.0,517.5590459086553,1033.810917216769,2839.0062806749693,470.7195267817153,249.4813491943091,1476.8727388810985,1272304.0755097177,6573.538026862609,1077.3533173171984,122454167.64273037
3103,3104.0,30.0,494.0,1251080.345348943,56170.74981415948,468.15904590865534,930.2541522887486,2584.616992592257,428.5406819796663,227.12656144922315,1328.934503269641,1272304.0755097177,6573.538026862609,1077.3533173171984,122454167.64273037
3104,3105.0,30.0,494.0,2559492.7073770594,54165.20270498283,418.7590459086553,849.426728630653,2331.5875826517645,386.58731085830055,204.8912747548993,1213.466755186647,1272304.0755097177,6573.538026862609,1077.3533173171984,122454167.64273037
3105,3106.0,30.0,494.0,3875402.399922137,48259.48702969278,418.7590459086553,849.426728630653,2329.504990841497,386.24200812400176,204.70826430572095,1213.466755186647,1272304.0755097177,6573.538026862609,1077.3533173171984,122454167.64273037
3106,3107.0,30.0,494.0,5198794.74285843,38461.23950176779,418.7590459086553,849.426728630653,2327.4264768439375,385.8973815086961,204.52561219960896,1213.466755186647,1272304.0755097177,6573.538026862609,1077.3533173171984,122454167.64273037
3107,3108.0,30.0,494.0,6527167.385041697,26072.202288242057,418.7590459086553,849.426728630653,2326.0430603864447,385.66800507348154,204.40404268894522,1213.466755186647,1272304.0755097177,6573.538026862609,1077.3533173171984,122454167.64273037
3108,3109.0,30.0,494.0,7858027.741317854,12389.037213525735,418.7590459086553,849.426728630653,2325.352028693975,385.5534290285166,204.3433173851138,1213.466755186647,1272304.0755097177,6573.538026862609,1077.3533173171984,122454167.64273037
3109,3110.0,30.0,494.0,9186400.38350112,0.0,418.7590459086553,849.426728630653,2326.0430603864447,385.66800507348154,204.40404268894522,1213.466755186647,1272304.0755097177,6573.538026862609,1077.3533173171984,122454167.64273037
3110,3111.0,30.0,494.0,10489806.348211313,0.0,418.75904590865537,849.5431656569046,2332.97824857341,386.8178892860428,205.0134813216027,1213.6330937955781,1272304.0755097177,6573.538026862609,1077.3533173171984,122454167.64273037
3111,3112.0,30.0,494.0,11520129.516671166,0.0,431.5682800000001,877.1658958343809,2408.8345808651707,399.3951974388395,211.67945464258494,1253.0941369062584,1272304.0755097177,6573.538026862609,1077.3533173171984,122454167.64273037
3112,3113.0,30.0,494.0,11584407.694940059,0.0,480.96828000000005,974.8827804926341,2677.180411473771,443.8880973868787,235.26069161504572,1392.6896864180487,1272304.0755097177,6573.538026862609,1077.3533173171984,122454167.64273037
3113,3114.0,30.0,494.0,10679625.232851228,0.0,530.36828,1072.9047026413843,2946.3639226842492,488.5198884036679,258.915540853944,1532.7210037734064,1272304.0755097177,6573.538026862609,1077.3533173171984,122454167.64273037
3114,3115.0,30.0,494.0,9738594.77578746,0.0,530.36828,1076.5712411359932,2956.432810177288,490.1893535218693,259.80035736659073,1537.958915908562,1272304.0755097177,6573.538026862609,1077.3533173171984,122454167.64273037
3115,3116.0,30.0,494.0,8774358.375427809,9844.554463033222,530.36828,1077.0043378215823,2962.8789055372554,491.258144027226,260.3668163344298,1538.5776254594034,1272304.0755097177,6573.538026862609,1077.3533173171984,122454167.64273037
3116,3117.0,30.0,494.0,7796812.525128821,26612.786382754817,530.36828,1077.0043378215823,2966.575974964849,491.8711341369281,260.6917010925719,1538.5776254594034,1272304.0755097177,6573.538026862609,1077.3533173171984,122454167.64273037
3117,3118.0,30.0,494.0,6819266.674829833,43381.018302477576,530.36828,1077.0043378215823,2966.575974964849,491.8711341369281,260.6917010925719,1538.5776254594034,1272304.0755097177,6573.538026862609,1077.3533173171984,122454167.64273037
3118,3119.0,30.0,494.0,5851706.255757084,54954.752674097756,530.36828,1077.0043378215823,2963.8022440686714,491.4112375513672,260.44795590222463,1538.5776254594034,1272304.0755097177,6573.538026862609,1077.3533173171984,122454167.64273037
3119,3120.0,30.0,494.0,4904056.611851234,56170.74981415948,530.36828,1077.0043378215823,2958.271473188977,490.4942118057923,259.9619322570699,1538.5776254594034,1272304.0755097177,6573.538026862609,1077.3533173171984,122454167.64273037
3120,3121.0,30.0,494.0,3982830.7490678355,43640.894307276234,530.36828,1077.0043378215823,2950.9315339882965,489.27721812364746,259.31692560553313,1538.5776254594034,1272304.0755097177,6573.538026862609,1077.3533173171984,122454167.64273037
3121,3122.0,30.0,494.0,3104244.185196968,8929.750017210841,530.36828,1077.0043378215823,2939.087284290371,487.31339026921717,258.2760968426851,1538.5776254594034,1272304.0755097177,6573.538026862609,1077.3533173171984,122454167.64273037
3122,3123.0,30.0,494.0,2280864.502767537,17833.264985055655,530.36828,1062.9394516311768,2923.7520394455273,484.7707403125816,256.92849236566826,1518.4849309016813,1272304.0755097177,6573.538026862609,1077.3533173171984,122454167.64273037
3123,3124.0,30.0,494.0,1508881.1825384255,0.0,530.36828,1062.9394516311768,2909.475272167661,482.4035905169805,255.67390297399967,1518.4849309016813,1272304.0755097177,6573.538026862609,1077.3533173171984,122454167.64273037
3124,3125.0,30.0,494.0,752848.6491325572,0.0,530.36828,1057.8584265656054,2905.044498050093,481.668948994665,255.28454296717248,1511.2263236651509,1272304.0755097177,6573.538026862609,1077.3533173171984,122454167.64273037
3125,3126.0,30.0,494.0,0.0,0.0,530.36828,1057.5363719455213,2904.160085751951,481.5223096084492,255.2068240924781,1510.7662456364592,1272304.0755097177,6573.538026862609,1077.3533173171984,122454167.64273037
3126,3127.0,30.0,494.0,157498.4381036535,0.0,480.96828000000005,965.4534128435299,2651.285894853004,439.5946744758626,232.98517747220717,1379.2191612050428,1272304.0755097177,6573.538026862609,1077.3533173171984,122454167.64273037
3127,3128.0,30.0,494.0,1226734.4289808385,56170.74981415948,431.5682800000001,862.307715846929,2398.025463527023,397.6029990090666,210.7295894748053,1231.8681654956129,1272304.0755097177,6573.538026862609,1077.3533173171984,122454167.64273037
3128,3129.0,30.0,494.0,3036614.7889107508,49846.39182431158,391.1825524749625,799.542265096363,2192.290916567932,363.49132083264163,192.6504000413001,1142.2032358519473,1272304.0755097177,6573.538026862609,1077.3533173171984,122454167.64273037
3129,3130.0,30.0,494.0,4848832.739784437,42306.00118141761,391.1825524749625,799.542265096363,2191.6415857502197,363.38365897316675,192.59333925577837,1142.2032358519473,1272304.0755097177,6573.538026862609,1077.3533173171984,122454167.64273037
3130,3131.0,30.0,494.0,6665721.289450018,32335.929393762723,391.18255247496273,799.542265096363,2190.3441971969132,363.16854633674126,192.47932955847287,1142.2032358519473,1272304.0755097177,6573.538026862609,1077.3533173171984,122454167.64273037
3131,3132.0,30.0,494.0,8484942.849957986,21152.2075567618,391.18255247496273,799.542265096363,2189.6961386295834,363.0610954218853,192.4223805735992,1142.2032358519473,1272304.0755097177,6573.538026862609,1077.3533173171984,122454167.64273037
3132,3133.0,30.0,494.0,10306495.897598855,8755.628315719776,391.18255247496273,799.542265096363,2189.0485033148884,362.95371468414777,192.36546878259833,1142.2032358519473,1272304.0755097177,6573.538026862609,1077.3533173171984,122454167.64273037
3133,3134.0,30.0,494.0,12121049.911218384,0.0,391.18255247496273,799.542265096363,2190.9926794319276,363.27606749753267,192.5363157736923,1142.2032358519473,1272304.0755097177,6573.538026862609,1077.3533173171984,122454167.64273037
3134,3135.0,30.0,494.0,12993743.74988648,0.0,440.58255247496277,893.1103365120085,2452.620505807326,406.65509327238124,215.52719943436207,1275.8719093028694,1272304.0755097177,6573.538026862609,1077.3533173171984,122454167.64273037
3135,3136.0,30.0,494.0,12993743.74988648,0.0,485.72682135119993,981.3846136326232,2695.0354609929077,446.84854186265284,236.829727187206,1401.978019475176,1272304.0755097177,6573.538026862609,1077.3533173171984,122454167.64273037
3136,3137.0,30.0,494.0,12098773.623814767,0.0,530.54612,1071.9121702888042,2943.6382737906056,488.0679640221959,258.67602093176384,1531.3031004125776,1272304.0755097177,6573.538026862609,1077.3533173171984,122454167.64273037
3137,3138.0,30.0,494.0,11147802.17919857,1149.2715349504579,530.54612,1077.3533173171984,2959.194195608518,490.64720317591843,260.0430176832368,1539.0761675959977,1272304.0755097177,6573.538026862609,1077.3533173171984,122454167.64273037
3138,3139.0,30.0,494.0,10170809.605631419,12984.131476751769,530.54612,1077.3533173171984,2966.422286983784,491.845652004602,260.54442532778444,1539.0761675959977,1272304.0755097177,6573.538026862609,1077.3533173171984,122454167.64273037
3139,3140.0,30.0,494.0,9193263.75533243,27957.611704734394,530.0126,1077.3533173171984,2966.5759749648487,491.8711341369281,260.6917010925719,1539.0761675959977,1272304.0755097177,6573.538026862609,1077.3533173171984,122454167.64273037
3140,3141.0,30.0,494.0,8215717.905033443,42931.09193271609,530.0126,1077.3533173171984,2966.5759749648487,491.8711341369281,260.6917010925719,1539.0761675959977,1272304.0755097177,6573.538026862609,1077.3533173171984,122454167.64273037
3141,3142.0,30.0,494.0,7241504.997649448,56170.74981415948,530.0126,1077.3533173171984,2965.650157488462,491.7176295929834,260.61034368428125,1539.0761675959977,1272304.0755097177,6573.538026862609,1077.3533173171984,122454167.64273037
3142,3143.0,30.0,494.0,6273155.6099252645,53309.6491230363,530.0126,1077.3533173171984,2964.021402027403,491.44757488930367,259.8548360674873,1539.0761675959977,1272304.0755097177,6573.538026862609,1077.3533173171984,122454167.64273037
3143,3144.0,30.0,494.0,5318893.500109643,56170.74981415948,530.0126,1077.3533173171984,2960.108269275025,490.79876054536516,260.12334308904354,1539.0761675959977,1272304.0755097177,6573.538026862609,1077.3533173171984,122454167.64273037
3144,3145.0,30.0,494.0,4384502.205452276,48694.90077525377,530.0126,1077.3533173171984,2954.5885983977314,489.8835752282222,259.6382948709578,1539.0761675959977,1272304.0755097177,6573.538026862609,1077.3533173171984,122454167.64273037
3145,3146.0,30.0,494.0,3483052.499364022,24082.58590169158,530.0126,1077.3533173171984,2945.438157128534,488.3663924683952,258.83418800824944,1539.0761675959977,1272304.0755097177,6573.538026862609,1077.3533173171984,122454167.64273037
3146,3147.0,30.0,494.0,2640348.131541902,0.0,530.0126,1071.3081363002404,2929.120007610163,485.6607726634913,257.4002095116504,1530.4401947146293,1272304.0755097177,6573.538026862609,1077.3533173171984,122454167.64273037
3147,3148.0,30.0,494.0,1855693.2681950536,0.0,530.0126,1060.7536177232557,2912.995145255921,482.98720070682606,255.98321637461783,1515.3623110332226,1272304.0755097177,6573.538026862609,1077.3533173171984,122454167.64273037
3148,3149.0,30.0,494.0,1093427.9466419313,0.0,530.0126,1058.4888823380268,2906.775828090997,481.95601100756187,255.4366858340078,1512.1269747686097,1272304.0755097177,6573.538026862609,1077.3533173171984,122454167.64273037
3149,3150.0,30.0,494.0,466224.356870994,0.0,523.1635265346993,1044.82718769615,2869.258680373724,475.73550556525765,252.13981794958656,1492.6102681373575,1272304.0755097177,6573.538026862609,1077.3533173171984,122454167.64273037
3150,3151.0,30.0,494.0,749882.1975623267,54108.819350228645,473.7635265346992,942.1710426953063,2616.2416163564344,433.7841814513843,229.9056161692337,1345.9586324218662,1272304.0755097177,6573.538026862609,1077.3533173171984,122454167.64273037
3151,3152.0,30.0,494.0,1945750.6969470978,56170.74981415948,424.363526534699,860.0198089688727,2362.8497667193596,391.77071625991266,207.63847961775372,1228.5997270983896,1272304.0755097177,6573.538026862609,1077.3533173171984,122454167.64273037
3152,3153.0,30.0,494.0,3151772.641978696,52950.78034585621,424.363526534699,860.0198089688727,2360.029365150797,391.3030814749087,207.39063318170162,1228.5997270983896,1272304.0755097177,6573.538026862609,1077.3533173171984,122454167.64273037
3153,3154.0,30.0,494.0,4365392.25838924,45778.44422908034,424.363526534699,860.0198089688727,2357.9189008788676,390.9531573658518,207.20517340390145,1228.5997270983896,1272304.0755097177,6573.538026862609,1077.3533173171984,122454167.64273037
3154,3155.0,30.0,494.0,5584068.721577799,35975.49781673029,424.363526534699,860.0198089688727,2356.514221218308,390.72025539955484,207.0817353617641,1228.5997270983896,1272304.0755097177,6573.538026862609,1077.3533173171984,122454167.64273037
3155,3156.0,30.0,494.0,6807795.432668652,23545.37389432639,424.363526534699,860.0198089688727,2355.1113745787816,390.4876573560774,206.95845839872104,1228.5997270983896,1272304.0755097177,6573.538026862609,1077.3533173171984,122454167.64273037
3156,3157.0,30.0,494.0,8034044.797167409,9802.946412350051,424.363526534699,860.0198089688727,2354.410637521031,390.37147211955005,206.89688022336153,1228.5997270983896,1272304.0755097177,6573.538026862609,1077.3533173171984,122454167.64273037
3157,3158.0,30.0,494.0,9252721.260355968,0.0,424.363526534699,860.0198089688727,2356.514221218308,390.72025539955484,207.0817353617641,1228.5997270983896,1272304.0755097177,6573.538026862609,1077.3533173171984,122454167.64273037
3158,3159.0,30.0,494.0,10435860.492577935,0.0,424.363526534699,861.7083241599821,2366.3856742645835,392.35698503210995,207.9492020670183,1231.0118916571173,1272304.0755097177,6573.538026862609,1077.3533173171984,122454167.64273037
3159,3160.0,30.0,494.0,11451167.406071015,0.0,431.3904400000001,878.6848123128948,2413.0057628003856,400.0867974539679,212.046002650603,1255.2640175898498,1272304.0755097177,6573.538026862609,1077.3533173171984,122454167.64273037
3160,3161.0,30.0,494.0,11503995.513428036,0.0,480.7904400000001,976.0409721607084,2680.3609867270684,444.4154505274184,235.54018877953175,1394.3442459438693,1272304.0755097177,6573.538026862609,1077.3533173171984,122454167.64273037
3161,3162.0,30.0,494.0,10586082.591086728,0.0,530.1904400000001,1074.2328681854628,2950.011272754382,489.12463482874864,259.2360564592368,1534.6183831220899,1272304.0755097177,6573.538026862609,1077.3533173171984,122454167.64273037
3162,3163.0,30.0,494.0,9635128.926287364,3975.8721281970275,530.1904400000001,1076.801902080315,2959.189256770509,490.64638429520426,260.04258367645826,1538.288431543307,1272304.0755097177,6573.538026862609,1077.3533173171984,122454167.64273037
3163,3164.0,30.0,494.0,8657583.075988377,21785.202145865438,530.1904400000001,1076.801902080315,2966.575974964849,491.8711341369281,260.6917010925719,1538.288431543307,1272304.0755097177,6573.538026862609,1077.3533173171984,122454167.64273037
3164,3165.0,30.0,494.0,7680037.225689391,39594.532163532676,529.8347600000001,1076.801902080315,2966.5759749648482,491.87113413692805,260.69170109257186,1538.288431543307,1272304.0755097177,6573.538026862609,1077.3533173171984,122454167.64273037
3165,3166.0,30.0,494.0,6712486.851386413,52204.139267187755,529.8347600000001,1076.8019020803151,2963.799453854846,491.4107749218406,260.4477107085755,1538.2884315433075,1272304.0755097177,6573.538026862609,1077.3533173171984,122454167.64273037
3166,3167.0,30.0,494.0,5761550.990211271,56170.74981415948,529.8347600000001,1076.8019020803151,2959.1843113193363,490.6455643179991,260.04214908853953,1538.2884315433075,1272304.0755097177,6573.538026862609,1077.3533173171984,122454167.64273037
3167,3168.0,30.0,494.0,4840381.5173806995,44652.657921304926,529.8347600000001,1076.8019020803151,2950.9158701125107,489.2746209852587,259.3155491221871,1538.2884315433075,1272304.0755097177,6573.538026862609,1077.3533173171984,122454167.64273037
3168,3169.0,30.0,494.0,3955351.2318805214,14334.684909172356,529.8347600000001,1076.8019020803151,2940.8772069651795,487.61016719436765,258.43338861301487,1538.2884315433075,1272304.0755097177,6573.538026862609,1077.3533173171984,122454167.64273037
3169,3170.0,30.0,494.0,3119177.705120329,22251.216687885713,529.8347600000001,1064.4254813730215,2927.3058850929615,485.35998329975024,257.24079114886763,1520.607830532888,1272304.0755097177,6573.538026862609,1077.3533173171984,122454167.64273037
3170,3171.0,30.0,494.0,2340995.9234277476,0.0,529.8347600000001,1064.4254813730215,2911.1970670186247,482.68907155412296,255.82520792368516,1520.607830532888,1272304.0755097177,6573.538026862609,1077.3533173171984,122454167.64273037
3171,3172.0,30.0,494.0,1604271.8304005526,0.0,529.8347600000001,1055.9053491617876,2899.6810423893508,480.7796648364281,254.8132223633069,1508.436213088268,1272304.0755097177,6573.538026862609,1077.3533173171984,122454167.64273037
3172,3173.0,30.0,494.0,880233.018325286,0.0,529.8347600000001,1054.6222141647395,2896.1573532360376,480.19542192648316,254.50357362103608,1506.603163092485,1272304.0755097177,6573.538026862609,1077.3533173171984,122454167.64273037
3173,3174.0,30.0,494.0,159360.3416740857,0.0,529.8347600000001,1054.3019548671007,2895.2778711737965,480.04959999471464,254.42628799719878,1506.1456498101438,1272304.0755097177,6573.538026862609,1077.3533173171984,122454167.64273037
3174,3175.0,30.0,494.0,0.0,0.0,499.42600085818145,997.5041487314887,2739.3022225690424,454.188162490869,240.71972612016057,1425.0059267592696,1272304.0755097177,6573.538026862609,1077.3533173171984,122454167.64273037
3175,3176.0,30.0,494.0,747923.633368935,56170.74981415948,450.02600085818153,894.8089377327738,2487.2788961682036,412.40160437407894,218.57285031826186,1278.2984824753912,1272304.0755097177,6573.538026862609,1077.3533173171984,122454167.64273037
3176,3177.0,30.0,494.0,2399562.2506930297,47635.968538486864,400.62600085818156,815.9784567669362,2236.24695618066,370.77942241471436,196.51309387979862,1165.6835096670518,1272304.0755097177,6573.538026862609,1077.3533173171984,122454167.64273037
3177,3178.0,30.0,494.0,4053585.522643553,37860.671722782776,400.62600085818156,815.9784567669362,2235.584552117762,370.66959295461487,196.45488426594588,1165.6835096670518,1272304.0755097177,6573.538026862609,1077.3533173171984,122454167.64273037
3178,3179.0,30.0,494.0,5707608.794594077,28085.374907078687,400.62600085818156,815.9784567669362,2235.584552117762,370.66959295461487,196.45488426594588,1165.6835096670518,1272304.0755097177,6573.538026862609,1077.3533173171984,122454167.64273037
3179,3180.0,30.0,494.0,7361632.066544601,18310.07809137646,400.62600085818156,815.9784567669362,2235.584552117762,370.66959295461487,196.45488426594588,1165.6835096670518,1272304.0755097177,6573.538026862609,1077.3533173171984,122454167.64273037
3180,3181.0,30.0,494.0,9015655.338495124,8534.781275672372,400.62600085818156,815.9784567669362,2235.584552117762,370.66959295461487,196.45488426594588,1165.6835096670518,1272304.0755097177,6573.538026862609,1077.3533173171984,122454167.64273037
3181,3182.0,30.0,494.0,10667293.955819216,0.0,400.62600085818156,815.9784567669362,2236.24695618066,370.77942241471436,196.51309387979862,1165.6835096670518,1272304.0755097177,6573.538026862609,1077.3533173171984,122454167.64273037
3182,3183.0,30.0,494.0,12299799.139888648,0.0,400.6260008581808,816.2542911367943,2241.5617987513983,371.6606463122615,196.9801425454986,1166.077558766849,1272304.0755097177,6573.538026862609,1077.3533173171984,122454167.64273037
3183,3184.0,30.0,494.0,12993743.74988648,0.0,450.02600085818085,911.1910863094593,2502.273069326843,414.8877031691967,219.89048267967425,1301.7015518706562,1272304.0755097177,6573.538026862609,1077.3533173171984,122454167.64273037
3184,3185.0,30.0,494.0,12734986.5091972,0.0,499.4260008581809,1007.5582926016787,2766.912472295486,458.7660613754275,243.1460125289766,1439.3689894309696,1272304.0755097177,6573.538026862609,1077.3533173171984,122454167.64273037
3185,3186.0,30.0,494.0,11820094.074287487,0.0,532.50236,1073.9273413984477,2949.172248467828,488.9855209712649,259.1623261147704,1534.1819162834968,1272304.0755097177,6573.538026862609,1077.3533173171984,122454167.64273037
3186,3187.0,30.0,494.0,10869025.26410949,2631.8861521089534,532.50236,1077.0748798127358,2959.221241597907,490.6516875179973,260.0453943845386,1538.6783997324796,1272304.0755097177,6573.538026862609,1077.3533173171984,122454167.64273037
3187,3188.0,30.0,494.0,9891479.413810503,19037.33068875538,532.50236,1077.0748798127358,2966.5759749648487,491.87113413692816,260.6917010925719,1538.6783997324799,1272304.0755097177,6573.538026862609,1077.3533173171984,122454167.64273037
3188,3189.0,30.0,494.0,8913933.563511513,35442.77522540415,531.61316,1077.0748798127358,2966.575974964849,491.87113413692816,260.691701092572,1538.6783997324799,1272304.0755097177,6573.538026862609,1077.3533173171984,122454167.64273037
3189,3190.0,30.0,494.0,7939710.62478981,50119.615793959245,531.61316,1077.0748798127358,2965.6529439711585,491.7180916038728,260.61058855005257,1538.6783997324799,1272304.0755097177,6573.538026862609,1077.3533173171984,122454167.64273037
3190,3191.0,30.0,494.0,6982068.962451201,56170.74981415948,531.61316,1077.0748798127358,2961.0470338647433,490.95441177672717,260.2058382416654,1538.6783997324799,1272304.0755097177,6573.538026862609,1077.3533173171984,122454167.64273037
3191,3192.0,30.0,494.0,6047548.3023488205,50194.161975930445,531.61316,1077.0748798127358,2954.6245332435687,489.88953338116556,259.64145269201777,1538.6783997324799,1272304.0755097177,6573.538026862609,1077.3533173171984,122454167.64273037
3192,3193.0,30.0,494.0,5139319.975877341,30540.101479272358,531.61316,1077.0748798127358,2947.3211072349854,488.67859374427684,258.99965468446675,1538.6783997324799,1272304.0755097177,6573.538026862609,1077.3533173171984,122454167.64273037
3193,3194.0,30.0,494.0,4267016.2582432255,0.0,531.61316,1075.5577824970082,2937.342049224606,487.0240227430262,258.1227320538039,1536.5111178528691,1272304.0755097177,6573.538026862609,1077.3533173171984,122454167.64273037
3194,3195.0,30.0,494.0,3440058.179881202,15580.240243953653,531.61316,1062.0031595541502,2924.746038315692,484.9355496266611,257.0158413021304,1517.1473707916432,1272304.0755097177,6573.538026862609,1077.3533173171984,122454167.64273037
3195,3196.0,30.0,494.0,2651636.1652013194,11113.725993790338,531.61316,1062.0031595541502,2914.041576181764,483.16070348263014,256.075172845794,1517.1473707916432,1272304.0755097177,6573.538026862609,1077.3533173171984,122454167.64273037
3196,3197.0,30.0,494.0,1875992.1478344873,0.0,531.61316,1062.0031595541502,2910.4921324836946,482.5721903577151,255.763260889589,1517.1473707916432,1272304.0755097177,6573.538026862609,1077.3533173171984,122454167.64273037
3197,3198.0,30.0,494.0,1109909.664344795,0.0,531.61316,1058.874993933724,2907.8361508511557,482.1318171096107,255.5298630680937,1512.678562762463,1272304.0755097177,6573.538026862609,1077.3533173171984,122454167.64273037
3198,3199.0,30.0,494.0,1256172.7926102318,0.0,482.21316,966.5898811102343,2654.4068142525084,440.1121364176901,233.25943230137577,1380.8426873003348,1272304.0755097177,6573.538026862609,1077.3533173171984,122454167.64273037
3199,3200.0,30.0,494.0,2312992.7820440736,56170.74981415948,432.81316000000004,863.5636128219924,2401.4743528168406,398.1748397779569,211.03266508231715,1233.6623040314178,1272304.0755097177,6573.538026862609,1077.3533173171984,122454167.64273037
3200,3201.0,30.0,494.0,3535485.0509523246,54138.35766249709,424.1543216760696,858.1228934502809,2355.45427518506,390.54451176045797,206.98859123304274,1225.8898477861158,1272304.0755097177,6573.538026862609,1077.3533173171984,122454167.64273037
3201,3202.0,30.0,494.0,4765546.487843921,48168.42654633615,424.1543216760696,858.1228934502809,2353.3517285230196,390.19590042538306,206.80382722545303,1225.8898477861158,1272304.0755097177,6573.538026862609,1077.3533173171984,122454167.64273037
3202,3203.0,30.0,494.0,6000645.8136879755,39577.74714016542,424.1543216760696,858.1228934502809,2351.9523149251127,389.9638715950622,206.68085194538298,1225.8898477861158,1272304.0755097177,6573.538026862609,1077.3533173171984,122454167.64273037
3203,3204.0,30.0,494.0,7240776.4650536785,28369.733790798113,424.1543216760696,858.1228934502809,2350.5547245024345,389.73214505508383,206.55803687919445,1225.8898477861158,1272304.0755097177,6573.538026862609,1077.3533173171984,122454167.64273037
3204,3205.0,30.0,494.0,8485931.89132824,14547.794177016243,424.1543216760696,858.1228934502809,2349.158953694419,389.5007202150906,206.43538171399803,1225.8898477861158,1272304.0755097177,6573.538026862609,1077.3533173171984,122454167.64273037
3205,3206.0,30.0,494.0,9728575.748175154,2032.3921516668051,424.1543216760691,858.1228934502809,2349.856611868765,389.616394959426,206.4966893284958,1225.8898477861158,1272304.0755097177,6573.538026862609,1077.3533173171984,122454167.64273037
3206,3207.0,30.0,494.0,10951068.017083416,0.0,424.1543216760691,858.1228934502809,2355.4542751850577,390.54451176045757,206.9885912330425,1225.8898477861158,1272304.0755097177,6573.538026862609,1077.3533173171984,122454167.64273037
3207,3208.0,30.0,494.0,11940956.37296435,0.0,435.48076000000003,881.2559371441249,2420.0664732482037,401.2574938005606,212.66647171429713,1258.9370530630356,1272304.0755097177,6573.538026862609,1077.3533173171984,122454167.64273037
3208,3209.0,30.0,494.0,11991848.94793092,0.0,484.88076,976.2367541349132,2680.8986346133047,444.50459487356073,235.5874352829872,1394.6239344784476,1272304.0755097177,6573.538026862609,1077.3533173171984,122454167.64273037
3209,3210.0,30.0,494.0,11093052.243195698,0.0,534.28076,1072.2992344004085,2944.7012123082472,488.24420382815487,258.7694280289221,1531.8560491434407,1272304.0755097177,6573.538026862609,1077.3533173171984,122454167.64273037
3210,3211.0,30.0,494.0,10158317.689013792,0.0,534.28076,1075.934401214485,2954.683948265659,489.89938464893925,259.6466738639378,1537.0491445921214,1272304.0755097177,6573.538026862609,1077.3533173171984,122454167.64273037
3211,3212.0,30.0,494.0,9197281.495484356,8484.251687085427,534.28076,1076.9451354681846,2961.9899591955286,491.1107528769632,260.2886990247905,1538.4930506688354,1272304.0755097177,6573.538026862609,1077.3533173171984,122454167.64273037
3212,3213.0,30.0,494.0,8223041.971382752,23836.976725994256,534.28076,1076.9451354681846,2965.657551021131,491.7188554726946,260.6109934005282,1538.4930506688352,1272304.0755097177,6573.538026862609,1077.3533173171984,122454167.64273037
3213,3214.0,30.0,494.0,7245496.121083766,40909.67789176362,534.28076,1076.9451354681846,2966.5759749648482,491.8711341369281,260.6917010925719,1538.4930506688352,1272304.0755097177,6573.538026862609,1077.3533173171984,122454167.64273037
3214,3215.0,30.0,494.0,6277862.652727507,52825.88230433557,534.28076,1076.9451354681846,2963.8225355363134,491.41460196451095,260.4497390411908,1538.4930506688352,1272304.0755097177,6573.538026862609,1077.3533173171984,122454167.64273037
3215,3216.0,30.0,494.0,5326705.94547602,56170.74981415948,534.28076,1076.9451354681846,2959.2456574516546,490.6557357722052,260.04753995926876,1538.4930506688352,1272304.0755097177,6573.538026862609,1077.3533173171984,122454167.64273037
3216,3217.0,30.0,494.0,4391971.391294114,50972.68793798983,534.28076,1076.9451354681846,2954.683948265659,489.89938464893925,259.6466738639378,1538.4930506688352,1272304.0755097177,6573.538026862609,1077.3533173171984,122454167.64273037
3217,3218.0,30.0,494.0,3486659.9643652495,30468.490662108175,534.28076,1076.9451354681846,2946.510857362037,488.5442508090865,258.9284529288159,1538.4930506688352,1272304.0755097177,6573.538026862609,1077.3533173171984,122454167.64273037
3218,3219.0,30.0,494.0,2620308.2176704295,0.0,534.28076,1074.9418074764296,2935.6887239636912,486.74989426020755,257.97744395791,1535.6311535377567,1272304.0755097177,6573.538026862609,1077.3533173171984,122454167.64273037
3219,3220.0,30.0,494.0,1792609.6111520827,8876.84648503922,534.28076,1063.3815027516723,2924.951740581337,484.969655952456,257.0339176548017,1519.1164325023892,1272304.0755097177,6573.538026862609,1077.3533173171984,122454167.64273037
3220,3221.0,30.0,494.0,984123.750558434,7759.075878746704,534.28076,1063.3815027516723,2919.6148667133652,484.0847791704898,256.5649329603596,1519.1164325023892,1272304.0755097177,6573.538026862609,1077.3533173171984,122454167.64273037
3221,3222.0,30.0,494.0,188404.53321304545,0.0,534.28076,1063.3815027516723,2916.0685769221827,483.49678897698465,256.25329815780185,1519.1164325023892,1272304.0755097177,6573.538026862609,1077.3533173171984,122454167.64273037
3222,3223.0,30.0,494.0,0.0,0.0,501.50796274463,1000.4420118159442,2747.370053552087,455.5258437803908,241.42869720360713,1429.2028740227775,1272304.0755097177,6573.538026862609,1077.3533173171984,122454167.64273037
3223,3224.0,30.0,494.0,723383.840899384,56170.74981415948,452.10796274462996,897.2911741654793,2494.0955051875235,413.531827647508,219.17186865317925,1281.8445345221135,1272304.0755097177,6573.538026862609,1077.3533173171984,122454167.64273037
3224,3225.0,30.0,494.0,2353794.917462919,51865.13406623434,402.7079627446299,817.3033162813957,2242.1434952808145,371.7570941140579,197.0312598804507,1167.5761661162796,1272304.0755097177,6573.538026862609,1077.3533173171984,122454167.64273037
3225,3226.0,30.0,494.0,3988976.7030900735,45077.759046005085,402.7079627446303,817.3033162813957,2240.818298318698,371.5373707231143,196.91480648325057,1167.5761661162796,1272304.0755097177,6573.538026862609,1077.3533173171984,122454167.64273037
3226,3227.0,30.0,494.0,5628922.990522551,35811.853816620074,402.7079627446303,817.3033162813957,2239.4948255949967,371.3179332183614,196.79850460573155,1167.5761661162796,1272304.0755097177,6573.538026862609,1077.3533173171984,122454167.64273037
3227,3228.0,30.0,494.0,7268869.277955029,26545.94858723646,402.7079627446303,817.3033162813957,2239.4948255949967,371.3179332183614,196.79850460573155,1167.5761661162796,1272304.0755097177,6573.538026862609,1077.3533173171984,122454167.64273037
3228,3229.0,30.0,494.0,8913573.872041225,14804.735913855955,402.7079627446303,817.3033162813957,2238.1730737467424,371.09878104220445,196.68235395236837,1167.5761661162796,1272304.0755097177,6573.538026862609,1077.3533173171984,122454167.64273037
3229,3230.0,30.0,494.0,10558278.466127422,3063.523240474984,402.7079627446303,817.3033162813957,2238.1730737467424,371.09878104220445,196.68235395236837,1167.5761661162796,1272304.0755097177,6573.538026862609,1077.3533173171984,122454167.64273037
3230,3231.0,30.0,494.0,12186301.8566453,0.0,402.7079627446303,817.3033162813957,2242.8067414046063,371.86706319149755,197.0895434914937,1167.5761661162796,1272304.0755097177,6573.538026862609,1077.3533173171984,122454167.64273037
3231,3232.0,30.0,494.0,12885450.00151293,0.0,452.1079627446303,910.6647410337731,2500.827642974121,414.648045225013,219.7634639692569,1300.9496300482474,1272304.0755097177,6573.538026862609,1077.3533173171984,122454167.64273037
3232,3233.0,30.0,494.0,12645998.290086469,0.0,501.5079627446303,1005.6055096615497,2761.5498252780353,457.87691129374764,242.67476298568627,1436.5792995164998,1272304.0755097177,6573.538026862609,1077.3533173171984,122454167.64273037
3233,3234.0,30.0,494.0,11720848.057458844,0.0,536.77052,1074.9649328632622,2952.021636722803,489.4579618743124,259.4127197933856,1535.6641898046605,1272304.0755097177,6573.538026862609,1077.3533173171984,122454167.64273037
3234,3235.0,30.0,494.0,10763847.303422503,0.0,536.77052,1077.3533173171984,2960.86900378078,490.92489361840313,259.98908957826546,1539.0761675959977,1272304.0755097177,6573.538026862609,1077.3533173171984,122454167.64273037
3235,3236.0,30.0,494.0,9786301.453123515,14973.480227983082,536.77052,1077.3533173171984,2966.5759749648487,491.8711341369281,260.6917010925719,1539.0761675959977,1272304.0755097177,6573.538026862609,1077.3533173171984,122454167.64273037
3236,3237.0,30.0,494.0,8808755.602824528,29946.96045596525,536.77052,1077.3533173171984,2966.5759749648487,491.8711341369281,260.6917010925719,1539.0761675959977,1272304.0755097177,6573.538026862609,1077.3533173171984,122454167.64273037
3237,3238.0,30.0,494.0,7831866.074013704,41197.26958617685,537.48188,1077.3533173171984,2966.393663440358,491.84090609723717,260.51699602446496,1539.0761675959977,1272304.0755097177,6573.538026862609,1077.3533173171984,122454167.64273037
3238,3239.0,30.0,494.0,6854320.223714717,56170.74981415948,538.9046,1077.3533173171984,2966.5759749648487,491.87113413692816,260.6917010925719,1539.0761675959977,1272304.0755097177,6573.538026862609,1077.3533173171984,122454167.64273037
3239,3240.0,30.0,494.0,5882053.430739831,41197.26958617592,540.32732,1077.3533173171984,2965.1095701525974,491.6279978733728,259.28647806395924,1539.0761675959977,1272304.0755097177,6573.538026862609,1077.3533173171984,122454167.64273037
3240,3241.0,30.0,494.0,4904507.5804408435,56170.74981415948,541.39436,1077.3533173171984,2966.575974964849,491.8711341369282,260.691701092572,1539.0761675959977,1272304.0755097177,6573.538026862609,1077.3533173171984,122454167.64273037
3241,3242.0,30.0,494.0,3935093.6208547577,56170.74981415948,542.131281792907,1077.3533173171984,2964.317116433487,491.49660561749965,259.98908957826626,1539.0761675959977,1272304.0755097177,6573.538026862609,1077.3533173171984,122454167.64273037
3242,3243.0,30.0,494.0,2986331.4316605255,56170.74981415948,542.131281792907,1077.3533173171984,2958.580513546861,490.5454520344631,259.98908957826546,1539.0761675959977,1272304.0755097177,6573.538026862609,1077.3533173171984,122454167.64273037
3243,3244.0,30.0,494.0,2050515.0065624341,49436.26450931188,542.131281792907,1077.3533173171984,2954.9844679645994,489.9492121154851,259.67308242120714,1539.0761675959977,1272304.0755097177,6573.538026862609,1077.3533173171984,122454167.64273037
3244,3245.0,30.0,494.0,1117929.7381195873,41020.906847234815,542.1312817929069,1077.3533173171984,2954.0869244492537,489.80039551663305,259.5942096238155,1539.0761675959977,1272304.0755097177,6573.538026862609,1077.3533173171984,122454167.64273037
3245,3246.0,30.0,494.0,188573.51672463346,30925.77426177822,542.1312817929069,1077.3533173171984,2953.18996693595,489.6516760794555,259.51538832211145,1539.0761675959977,1272304.0755097177,6573.538026862609,1077.3533173171984,122454167.64273037
3246,3247.0,30.0,494.0,0.0,0.0,501.6809465600909,1006.4724497443091,2747.416993416417,455.5336266130231,241.43282210490224,1437.817785349013,1272304.0755097177,6573.538026862609,1077.3533173171984,122454167.64273037
3247,3248.0,30.0,494.0,714857.3387172376,56170.74981415948,452.28094656009085,898.1536425170893,2496.4639780158973,413.92453069172336,219.3800012666134,1283.0766321672706,1272304.0755097177,6573.538026862609,1077.3533173171984,122454167.64273037
3248,3249.0,30.0,494.0,2332556.26411408,50634.96721746493,402.8809465600908,818.8283683500341,2245.6746483826746,372.3425745789712,197.34156452685474,1169.7548119286203,1272304.0755097177,6573.538026862609,1077.3533173171984,122454167.64273037
3249,3250.0,30.0,494.0,3952648.5768736685,43854.1262446437,402.8809465600908,818.8283683500341,2245.0098185596885,372.23234291735196,197.28314174619655,1169.7548119286203,1272304.0755097177,6573.538026862609,1077.3533173171984,122454167.64273037
3250,3251.0,30.0,494.0,5575132.716910815,35829.03846392408,402.8809465600908,818.8283683500341,2244.3454220937006,372.1221831081982,197.22475704734507,1169.7548119286203,1272304.0755097177,6573.538026862609,1077.3533173171984,122454167.64273037
3251,3252.0,30.0,494.0,7200007.125665201,26560.514650279656,402.8809465600908,818.8283683500341,2243.6814585611337,372.01209508127926,197.16641039307802,1169.7548119286203,1272304.0755097177,6573.538026862609,1077.3533173171984,122454167.64273037
3252,3253.0,30.0,494.0,8827270.246099412,16049.364786470309,402.8809465600908,818.8283683500341,2243.0179275389664,371.9020787664561,197.10810174622173,1169.7548119286203,1272304.0755097177,6573.538026862609,1077.3533173171984,122454167.64273037
3253,3254.0,30.0,494.0,10452144.654853802,6780.8409728221595,402.88094656009054,818.8283683500341,2243.6814585611323,372.012095081279,197.16641039307788,1169.7548119286203,1272304.0755097177,6573.538026862609,1077.3533173171984,122454167.64273037
3254,3255.0,30.0,494.0,12072236.967613395,0.0,402.88094656009054,818.8283683500341,2245.009818559687,372.23234291735173,197.28314174619643,1169.7548119286203,1272304.0755097177,6573.538026862609,1077.3533173171984,122454167.64273037
3255,3256.0,30.0,494.0,12993743.74988648,0.0,440.65611207279994,888.1728348133186,2439.06135480594,404.40692736081553,214.33567150123224,1268.818335447598,1272304.0755097177,6573.538026862609,1077.3533173171984,122454167.64273037
3256,3257.0,30.0,494.0,12993743.74988648,0.0,490.05611207279986,981.3846136326229,2695.0354609929072,446.8485418626527,236.82972718720595,1401.9780194751756,1272304.0755097177,6573.538026862609,1077.3533173171984,122454167.64273037
3257,3258.0,30.0,494.0,12104267.206801709,0.0,536.94836,1071.3564862155506,2942.112278516455,487.8149474021874,258.54192212315934,1530.5092660222151,1272304.0755097177,6573.538026862609,1077.3533173171984,122454167.64273037
3258,3259.0,30.0,494.0,11179099.711959057,0.0,536.94836,1074.9666789619348,2952.026431782533,489.45875691596564,259.4131411654618,1535.6666842313355,1272304.0755097177,6573.538026862609,1077.3533173171984,122454167.64273037
3259,3260.0,30.0,494.0,10221260.670839831,4721.847659913952,536.94836,1077.3533173171984,2961.1018613038036,490.96350240338234,260.21065627379267,1539.0761675959977,1272304.0755097177,6573.538026862609,1077.3533173171984,122454167.64273037
3260,3261.0,30.0,494.0,9243714.820540844,19695.32788789645,536.94836,1077.3533173171984,2966.575974964849,491.8711341369281,260.6917010925719,1539.0761675959977,1272304.0755097177,6573.538026862609,1077.3533173171984,122454167.64273037
3261,3262.0,30.0,494.0,8267657.660160503,26223.789358194226,536.41484,1077.3533173171984,2966.1624499874465,491.80256990619705,260.2954293289383,1539.0761675959977,1272304.0755097177,6573.538026862609,1077.3533173171984,122454167.64273037
3262,3263.0,30.0,494.0,7290111.8098615175,41197.26958617685,536.237,1077.3533173171984,2966.5759749648482,491.87113413692805,260.6917010925719,1539.0761675959977,1272304.0755097177,6573.538026862609,1077.3533173171984,122454167.64273037
3263,3264.0,30.0,494.0,6312565.95956253,56170.74981415948,536.94836,1077.3533173171984,2966.575974964849,491.8711341369281,260.6917010925719,1539.0761675959977,1272304.0755097177,6573.538026862609,1077.3533173171984,122454167.64273037
3264,3265.0,30.0,494.0,5337659.637925594,56170.74981415948,537.83756,1077.3533173171984,2965.8427725587226,491.74956600515037,259.98908957826495,1539.0761675959977,1272304.0755097177,6573.538026862609,1077.3533173171984,122454167.64273037
3265,3266.0,30.0,494.0,4388144.956799791,56170.74981415948,537.9204621470765,1077.3533173171984,2958.7895390834083,490.58010937295455,259.98908957826546,1539.0761675959977,1272304.0755097177,6573.538026862609,1077.3533173171984,122454167.64273037
3266,3267.0,30.0,494.0,3477598.9130148524,36290.419247688726,537.9204621470765,1077.3533173171984,2947.9649175998343,488.78534028877783,259.0562303530523,1539.0761675959977,1272304.0755097177,6573.538026862609,1077.3533173171984,122454167.64273037
3267,3268.0,30.0,494.0,2599355.75478861,0.0,537.9204621470765,1077.2766830726716,2938.99189383353,487.2975741186827,258.26771428290186,1538.9666901038167,1272304.0755097177,6573.538026862609,1077.3533173171984,122454167.64273037
3268,3269.0,30.0,494.0,1730762.2687011957,1114.0599300758913,537.9204621470763,1069.027511239368,2936.3114293505228,486.8531415080241,258.0321649992528,1527.182158913383,1272304.0755097177,6573.538026862609,1077.3533173171984,122454167.64273037
3269,3270.0,30.0,494.0,865381.1343505966,557.0299650384113,537.9204621470763,1069.027511239368,2935.4191094236294,486.7051910027419,257.9537512314532,1527.182158913383,1272304.0755097177,6573.538026862609,1077.3533173171984,122454167.64273037
3270,3271.0,30.0,494.0,0.0,0.0,537.9204621470763,1069.027511239368,2935.419109423629,486.7051910027419,257.9537512314532,1527.182158913383,1272304.0755097177,6573.538026862609,1077.3533173171984,122454167.64273037
3271,3272.0,30.0,494.0,39746.94019097502,0.0,488.5204621470762,977.3641516359287,2683.9946442731925,445.01792667276595,235.85950113656597,1396.234502337041,1272304.0755097177,6573.538026862609,1077.3533173171984,122454167.64273037
3272,3273.0,30.0,494.0,978791.0781581802,56170.74981415948,439.1204621470762,875.4768150125216,2434.1898671131285,403.59921362059157,213.90758321891354,1250.6811643036024,1272304.0755097177,6573.538026862609,1077.3533173171984,122454167.64273037
3273,3274.0,30.0,494.0,2817340.9175183643,47009.23328316724,389.8686784012918,797.1939744142221,2184.3271722817503,362.1708975678819,191.95057571097743,1138.8485348774602,1272304.0755097177,6573.538026862609,1077.3533173171984,122454167.64273037
3274,3275.0,30.0,494.0,4658217.451863253,36637.352260198444,389.8686784012918,797.1939744142221,2183.6808681193274,362.06373754095154,191.89378089670433,1138.8485348774602,1272304.0755097177,6573.538026862609,1077.3533173171984,122454167.64273037
3275,3276.0,30.0,494.0,6499093.9862081325,26265.47123723384,389.86867840129224,797.1939744142221,2183.6808681193297,362.06373754095193,191.89378089670453,1138.8485348774602,1272304.0755097177,6573.538026862609,1077.3533173171984,122454167.64273037
3276,3277.0,30.0,494.0,8342295.695456808,14684.016479997896,389.86867840129224,797.1939744142221,2183.0349862016087,361.9566475240203,191.83702318773078,1138.8485348774602,1272304.0755097177,6573.538026862609,1077.3533173171984,122454167.64273037
3277,3278.0,30.0,494.0,10183172.229801688,4312.135457032826,389.86867840129224,797.1939744142221,2183.6808681193297,362.06373754095193,191.89378089670453,1138.8485348774602,1272304.0755097177,6573.538026862609,1077.3533173171984,122454167.64273037
3278,3279.0,30.0,494.0,12012400.058562089,0.0,389.86867840129224,797.1939744142221,2186.9166196705746,362.6002391504598,192.1781267497437,1138.8485348774602,1272304.0755097177,6573.538026862609,1077.3533173171984,122454167.64273037
3279,3280.0,30.0,494.0,12973554.676458197,0.0,436.19212000000005,884.1623973907731,2428.0480671328773,402.58087660599216,213.36786460117585,1263.089139129676,1272304.0755097177,6573.538026862609,1077.3533173171984,122454167.64273037
3280,3281.0,30.0,494.0,12993743.74988648,0.0,485.59212,979.3424588887135,2689.4273850406066,445.9186986015117,236.33691025880123,1399.0606555553052,1272304.0755097177,6573.538026862609,1077.3533173171984,122454167.64273037
3281,3282.0,30.0,494.0,12068766.767275956,0.0,534.99212,1074.9474083668777,2951.9735117180535,489.4499825402699,259.40849074634303,1535.6391548098254,1272304.0755097177,6573.538026862609,1077.3533173171984,122454167.64273037
3282,3283.0,30.0,494.0,11110999.642190006,4684.436390430425,534.99212,1077.3533173171984,2961.081884627894,490.9601901840699,260.2089007975571,1539.0761675959975,1272304.0755097177,6573.538026862609,1077.3533173171984,122454167.64273037
3283,3284.0,30.0,494.0,10133453.79189102,19657.91661841236,534.99212,1077.3533173171984,2966.5759749648482,491.8711341369281,260.6917010925719,1539.0761675959977,1272304.0755097177,6573.538026862609,1077.3533173171984,122454167.64273037
3284,3285.0,30.0,494.0,9155907.941592034,34631.396846394986,534.4586,1077.3533173171984,2966.5759749648482,491.87113413692805,260.69170109257186,1539.0761675959977,1272304.0755097177,6573.538026862609,1077.3533173171984,122454167.64273037
3285,3286.0,30.0,494.0,8179844.186344198,41197.26958617685,534.28076,1077.3533173171984,2966.1642818950845,491.8028736444108,260.2971848051736,1539.0761675959977,1272304.0755097177,6573.538026862609,1077.3533173171984,122454167.64273037
3286,3287.0,30.0,494.0,7202298.336045212,56170.74981415948,534.28076,1077.3533173171984,2966.5759749648482,491.8711341369281,260.6917010925719,1539.0761675959977,1272304.0755097177,6573.538026862609,1077.3533173171984,122454167.64273037
3287,3288.0,30.0,494.0,6230031.543070337,41197.26958617685,534.63644,1077.3533173171984,2965.1095701525974,491.6279978733728,259.2864780639588,1539.0761675959977,1272304.0755097177,6573.538026862609,1077.3533173171984,122454167.64273037
3288,3289.0,30.0,494.0,5252485.692771349,56170.74981415948,535.3478,1077.3533173171984,2966.5759749648487,491.8711341369281,260.6917010925719,1539.0761675959977,1272304.0755097177,6573.538026862609,1077.3533173171984,122454167.64273037
3289,3290.0,30.0,494.0,4277579.371134415,56170.74981415948,536.77052,1077.3533173171984,2965.8427725587226,491.74956600515037,259.9890895782649,1539.0761675959977,1272304.0755097177,6573.538026862609,1077.3533173171984,122454167.64273037
3290,3291.0,30.0,494.0,3328817.1819401835,56170.74981415948,537.3435112099381,1077.3533173171984,2958.580513546861,490.5454520344631,259.98908957826546,1539.0761675959977,1272304.0755097177,6573.538026862609,1077.3533173171984,122454167.64273037
3291,3292.0,30.0,494.0,2422377.578530949,34154.21761756204,537.3435112099381,1077.3533173171984,2946.824239717695,488.59621095977775,258.9559918086822,1539.0761675959977,1272304.0755097177,6573.538026862609,1077.3533173171984,122454167.64273037
3292,3293.0,30.0,494.0,1538577.6367631503,360.3606142792851,537.3435112099382,1077.3533173171984,2940.535444817296,487.5535015513155,258.4033558221972,1539.0761675959977,1272304.0755097177,6573.538026862609,1077.3533173171984,122454167.64273037
3293,3294.0,30.0,494.0,667668.0520023705,0.0,537.3435112099384,1069.5484809415889,2936.9547900931248,486.959813503211,258.08870115670186,1527.926401345127,1272304.0755097177,6573.538026862609,1077.3533173171984,122454167.64273037
3294,3295.0,30.0,494.0,0.0,0.0,526.7502376480949,1048.9202281122552,2880.498808771344,477.59916749383774,253.12755877173402,1498.4574687317931,1272304.0755097177,6573.538026862609,1077.3533173171984,122454167.64273037
3295,3296.0,30.0,494.0,246533.62297855865,0.0,477.35023764809483,956.4473717385214,2626.553899054419,435.4940025478282,230.81182135034896,1366.3533881978879,1272304.0755097177,6573.538026862609,1077.3533173171984,122454167.64273037
3296,3297.0,30.0,494.0,1399790.0339224199,56170.74981415948,427.9502376480948,853.8089256456877,2374.686457952947,393.7332908882473,208.6786441707711,1219.7270366366968,1272304.0755097177,6573.538026862609,1077.3533173171984,122454167.64273037
3297,3298.0,30.0,494.0,3136915.0334239025,49829.914441050496,396.1976426438651,806.9047817301035,2212.5007389091625,366.8421968323047,194.4263643211215,1152.721116757291,1272304.0755097177,6573.538026862609,1077.3533173171984,122454167.64273037
3298,3299.0,30.0,494.0,4881101.086376536,39815.86516181193,396.1976426438651,806.9047817301035,2210.539335172736,366.51698760507503,194.25400343068978,1152.721116757291,1272304.0755097177,6573.538026862609,1077.3533173171984,122454167.64273037
3299,3300.0,30.0,494.0,6629986.842265505,27356.99453970138,396.1976426438651,806.9047817301035,2209.2338621348604,366.3005345261234,194.1392832988454,1152.721116757291,1272304.0755097177,6573.538026862609,1077.3533173171984,122454167.64273037
3300,3301.0,30.0,494.0,8385910.683445385,11236.858223741408,396.1976426438651,806.9047817301035,2207.2788384429414,365.97638313788184,193.9674830630774,1152.721116757291,1272304.0755097177,6573.538026862609,1077.3533173171984,122454167.64273037
3301,3302.0,30.0,494.0,10132447.353470223,0.0,396.1976426438651,806.9047817301035,2209.8863859860085,366.4087258043594,194.19662467631048,1152.721116757291,1272304.0755097177,6573.538026862609,1077.3533173171984,122454167.64273037
3302,3303.0,30.0,494.0,11836437.18255289,0.0,396.1976426438651,809.0235131890573,2221.7049529143887,368.36829534446,195.23519653256383,1155.7478759843677,1272304.0755097177,6573.538026862609,1077.3533173171984,122454167.64273037
3303,3304.0,30.0,494.0,12899607.92443347,0.0,428.36716,873.843315027226,2399.710254914969,397.8823447119128,210.8776426973138,1248.3475928960372,1272304.0755097177,6573.538026862609,1077.3533173171984,122454167.64273037
3304,3305.0,30.0,494.0,12993743.74988648,0.0,477.76716,971.8626351622594,2668.886620589294,442.51295096788624,234.53186401297972,1388.375193088942,1272304.0755097177,6573.538026862609,1077.3533173171984,122454167.64273037
3305,3306.0,30.0,494.0,12115752.076432567,0.0,527.16716,1070.194774605399,2938.9220369523277,487.2859915454824,258.2615755191057,1528.849678007713,1272304.0755097177,6573.538026862609,1077.3533173171984,122454167.64273037
3306,3307.0,30.0,494.0,11181592.695940355,0.0,527.16716,1075.8762215420425,2954.5241777963,489.8728940137327,259.63263382727837,1536.9660307743463,1272304.0755097177,6573.538026862609,1077.3533173171984,122454167.64273037
3307,3308.0,30.0,494.0,10204703.167129537,11250.309130209738,527.16716,1077.3533173171984,2966.3936634403576,491.8409060972371,260.5169960244652,1539.0761675959977,1272304.0755097177,6573.538026862609,1077.3533173171984,122454167.64273037
3308,3309.0,30.0,494.0,9227157.31683055,26223.789358192364,526.27796,1077.3533173171984,2966.5759749648487,491.8711341369281,260.6917010925719,1539.0761675959977,1272304.0755097177,6573.538026862609,1077.3533173171984,122454167.64273037
3309,3310.0,30.0,494.0,8249611.466531562,41197.26958617499,525.5666,1077.3533173171984,2966.5759749648487,491.8711341369281,260.6917010925719,1539.0761675959977,1272304.0755097177,6573.538026862609,1077.3533173171984,122454167.64273037
3310,3311.0,30.0,494.0,7272065.616232574,56170.74981415948,525.21092,1077.3533173171984,2966.5759749648487,491.8711341369281,260.6917010925719,1539.0761675959977,1272304.0755097177,6573.538026862609,1077.3533173171984,122454167.64273037
3311,3312.0,30.0,494.0,6299798.82325769,41197.26958617685,525.5666,1077.3533173171984,2965.109570152598,491.62799787337286,259.28647806395963,1539.0761675959977,1272304.0755097177,6573.538026862609,1077.3533173171984,122454167.64273037
3312,3313.0,30.0,494.0,5322252.972958703,56170.74981415948,526.81148,1077.3533173171984,2966.575974964849,491.87113413692816,260.6917010925719,1539.0761675959977,1272304.0755097177,6573.538026862609,1077.3533173171984,122454167.64273037
3313,3314.0,30.0,494.0,4349986.179983815,41197.26958617568,529.1234,1077.3533173171984,2965.1095701525974,491.6279978733728,259.2864780639593,1539.0761675959977,1272304.0755097177,6573.538026862609,1077.3533173171984,122454167.64273037
3314,3315.0,30.0,494.0,3372440.3296848275,56170.74981415948,532.6802,1077.3533173171984,2966.575974964849,491.8711341369282,260.691701092572,1539.0761675959977,1272304.0755097177,6573.538026862609,1077.3533173171984,122454167.64273037
3315,3316.0,30.0,494.0,2467344.365122443,33455.246432708576,532.6802,1077.3533173171984,2946.4510067046813,488.53432731110075,258.9231934748834,1539.0761675959977,1272304.0755097177,6573.538026862609,1077.3533173171984,122454167.64273037
3316,3317.0,30.0,494.0,1594832.0598256346,0.0,532.6802,1076.1457151896427,2937.3999902420214,487.03362961444617,258.1278236956565,1537.3510216994896,1272304.0755097177,6573.538026862609,1077.3533173171984,122454167.64273037
3317,3318.0,30.0,494.0,745000.5276005957,0.0,532.6802,1067.3463345220048,2931.0997754998625,485.98902674680227,257.5741841758052,1524.7804778885784,1272304.0755097177,6573.538026862609,1077.3533173171984,122454167.64273037
3318,3319.0,30.0,494.0,458589.5191652775,0.0,503.07543766788666,1010.3555122556737,2774.594074447163,460.0397042533514,243.82104325427625,1443.3650175081054,1272304.0755097177,6573.538026862609,1077.3533173171984,122454167.64273037
3319,3320.0,30.0,494.0,1101910.5186636215,56170.74981415948,453.6754376678867,905.3896494104581,2516.335183354479,417.2192625270243,221.1262091393229,1293.4137848720832,1272304.0755097177,6573.538026862609,1077.3533173171984,122454167.64273037
3320,3321.0,30.0,494.0,2665256.690678983,53506.21293145511,404.2754376678864,823.767932252634,2260.772635433085,374.8458861665863,198.66831966829074,1176.8113317894772,1272304.0755097177,6573.538026862609,1077.3533173171984,122454167.64273037
3321,3322.0,30.0,494.0,4226180.69964106,52101.703758753836,404.2754376678864,823.767932252634,2261.445458503442,374.95744314320945,198.72744486590102,1176.8113317894772,1272304.0755097177,6573.538026862609,1077.3533173171984,122454167.64273037
3322,3323.0,30.0,494.0,5799199.6838234505,44405.29614894278,404.2754376678864,823.767932252634,2258.085743164466,374.40038780125786,198.43220553466668,1176.8113317894772,1272304.0755097177,6573.538026862609,1077.3533173171984,122454167.64273037
3323,3324.0,30.0,494.0,7386680.536703553,29185.714047299698,404.2754376678864,823.767932252634,2254.0685574151016,373.73432102014266,198.07919014067562,1176.8113317894772,1272304.0755097177,6573.538026862609,1077.3533173171984,122454167.64273037
3324,3325.0,30.0,494.0,8976566.196742516,12715.132904417813,404.2754376678864,823.767932252634,2253.400555426529,373.623563399742,198.02048860186326,1176.8113317894772,1272304.0755097177,6573.538026862609,1077.3533173171984,122454167.64273037
3325,3326.0,30.0,494.0,10559232.723504078,0.0,404.2754376678864,823.767932252634,2255.4058702258076,373.9560532712122,198.1967082337425,1176.8113317894772,1272304.0755097177,6573.538026862609,1077.3533173171984,122454167.64273037
3326,3327.0,30.0,494.0,12108022.079184646,0.0,404.27543766788637,824.7222714377194,2264.816195526083,375.5163259280076,199.02365274184402,1178.1746734824565,1272304.0755097177,6573.538026862609,1077.3533173171984,122454167.64273037
3327,3328.0,30.0,494.0,12993743.74988648,0.0,438.5722956445145,891.7925519645866,2449.0016635757315,406.05507357029416,215.20918899225592,1273.9893599494094,1272304.0755097177,6573.538026862609,1077.3533173171984,122454167.64273037
3328,3329.0,30.0,494.0,12928495.819074381,0.0,487.97229564451453,987.9845386817609,2713.1598862184906,449.85364999624545,238.4224344980101,1411.4064838310871,1272304.0755097177,6573.538026862609,1077.3533173171984,122454167.64273037
3329,3330.0,30.0,494.0,12030249.024317233,0.0,530.54612,1072.243610189895,2944.5484595365597,488.2188767575905,258.756004681523,1531.7765859855642,1272304.0755097177,6573.538026862609,1077.3533173171984,122454167.64273037
3330,3331.0,30.0,494.0,11092511.549939003,0.0,530.54612,1076.238151049577,2955.5180927646384,490.03768941652635,259.719975390759,1537.4830729279674,1272304.0755097177,6573.538026862609,1077.3533173171984,122454167.64273037
3331,3332.0,30.0,494.0,10129690.123920815,0.0,530.54612,1077.3533173171984,2962.485857109071,491.19297489696504,259.98908957826546,1539.0761675959977,1272304.0755097177,6573.538026862609,1077.3533173171984,122454167.64273037
3332,3333.0,30.0,494.0,9152144.273621827,14973.480227983082,530.54612,1077.3533173171984,2966.5759749648487,491.87113413692805,260.6917010925719,1539.0761675959977,1272304.0755097177,6573.538026862609,1077.3533173171984,122454167.64273037
3333,3334.0,30.0,494.0,8174598.42332284,29946.96045596525,530.72396,1077.3533173171984,2966.575974964849,491.8711341369281,260.6917010925719,1539.0761675959977,1272304.0755097177,6573.538026862609,1077.3533173171984,122454167.64273037
3334,3335.0,30.0,494.0,7197052.573023854,44920.440683947876,531.4353199999999,1077.3533173171984,2966.575974964848,491.87113413692805,260.69170109257186,1539.0761675959977,1272304.0755097177,6573.538026862609,1077.3533173171984,122454167.64273037
3335,3336.0,30.0,494.0,6222802.572875084,41197.26958617685,532.6802,1077.3533173171984,2965.6604610342324,491.71933796545954,259.8143845101589,1539.0761675959977,1272304.0755097177,6573.538026862609,1077.3533173171984,122454167.64273037
3336,3337.0,30.0,494.0,5245256.722576097,56170.74981415948,534.10292,1077.3533173171984,2966.575974964849,491.87113413692816,260.6917010925719,1539.0761675959977,1272304.0755097177,6573.538026862609,1077.3533173171984,122454167.64273037
3337,3338.0,30.0,494.0,4270350.400939163,56170.74981415948,536.237,1077.3533173171984,2965.8427725587226,491.74956600515037,259.98908957826535,1539.0761675959977,1272304.0755097177,6573.538026862609,1077.3533173171984,122454167.64273037
3338,3339.0,30.0,494.0,3345252.0232930146,43860.65440814383,536.237,1077.3533173171984,2952.0072325612823,489.455573602,259.41145400906004,1539.0761675959977,1272304.0755097177,6573.538026862609,1077.3533173171984,122454167.64273037
3339,3340.0,30.0,494.0,2468822.7849807236,6232.501202731393,536.237,1077.3533173171984,2938.488027190766,487.2140308488924,258.22343634991296,1539.0761675959977,1272304.0755097177,6573.538026862609,1077.3533173171984,122454167.64273037
3340,3341.0,30.0,494.0,1624574.2342571001,15239.38862522586,536.237,1065.0302684352775,2929.548947305025,485.7318927210825,257.43790314217375,1521.4718120503965,1272304.0755097177,6573.538026862609,1077.3533173171984,122454167.64273037
3341,3342.0,30.0,494.0,802727.1516374405,12592.861337486675,536.237,1065.0302684352775,2923.3263172761463,484.7001537346385,256.89108147935843,1521.4718120503967,1272304.0755097177,6573.538026862609,1077.3533173171984,122454167.64273037
3342,3343.0,30.0,494.0,0.0,0.0,536.237,1065.0302684352775,2918.0152253366414,483.8195517079802,256.42436240522954,1521.4718120503967,1272304.0755097177,6573.538026862609,1077.3533173171984,122454167.64273037
3343,3344.0,30.0,494.0,108080.69289423339,0.0,486.837,970.4520911222148,2665.013046300065,441.8706955883222,234.19146866181077,1386.3601301745928,1272304.0755097177,6573.538026862609,1077.3533173171984,122454167.64273037
3344,3345.0,30.0,494.0,1124601.4028822463,56170.74981415948,437.437,867.6399447541523,2412.668597107349,400.0308939230199,212.01637377920056,1239.4856353630748,1272304.0755097177,6573.538026862609,1077.3533173171984,122454167.64273037
3345,3346.0,30.0,494.0,2901018.315271895,48812.53468966158,395.970275722824,803.1281702610328,2201.5863186624497,365.0325387246066,193.4672455240415,1147.3259575157613,1272304.0755097177,6573.538026862609,1077.3533173171984,122454167.64273037
3346,3347.0,30.0,494.0,4682095.719935254,39029.895908315666,395.970275722824,803.1281702610328,2200.291737475308,364.8178915616397,193.35348252766906,1147.3259575157613,1272304.0755097177,6573.538026862609,1077.3533173171984,122454167.64273037
3347,3348.0,30.0,494.0,6467827.572679668,26825.977705278434,395.970275722824,803.1281702610328,2198.9988352305704,364.60352277458895,193.23986707053214,1147.3259575157613,1272304.0755097177,6573.538026862609,1077.3533173171984,122454167.64273037
3348,3349.0,30.0,494.0,8258207.841062932,12203.9182030363,395.970275722824,803.1281702610328,2197.7076086642232,364.38943182226654,193.1263988658013,1147.3259575157613,1272304.0755097177,6573.538026862609,1077.3533173171984,122454167.64273037
3349,3350.0,30.0,494.0,10043939.69380738,0.0,395.970275722824,803.1281702610328,2198.9988352305704,364.60352277458895,193.23986707053214,1147.3259575157613,1272304.0755097177,6573.538026862609,1077.3533173171984,122454167.64273037
3350,3351.0,30.0,494.0,11803997.114857119,0.0,395.970275722824,803.3521930404695,2206.130621812425,365.7860038517778,193.86658204144226,1147.6459900578136,1272304.0755097177,6573.538026862609,1077.3533173171984,122454167.64273037
3351,3352.0,30.0,494.0,12628898.322021134,0.0,445.37027572282454,897.9446321272419,2465.896236780681,408.8562669168345,216.6938214659223,1282.77804589606,1272304.0755097177,6573.538026862609,1077.3533173171984,122454167.64273037
3352,3353.0,30.0,494.0,12504079.199621452,0.0,494.77027572282446,994.0102531323561,2729.7074394372635,452.597305927392,239.87657214151776,1420.0146473319373,1272304.0755097177,6573.538026862609,1077.3533173171984,122454167.64273037
3353,3354.0,30.0,494.0,11602026.20979278,0.0,534.28076,1072.6286124709143,2945.6057359453166,488.3941777613942,258.84891421353893,1532.3265892441632,1272304.0755097177,6573.538026862609,1077.3533173171984,122454167.64273037
3354,3355.0,30.0,494.0,10660729.329961235,0.0,534.28076,1076.5981901944049,2956.50681650167,490.20162409070497,259.80686076807365,1537.9974145634358,1272304.0755097177,6573.538026862609,1077.3533173171984,122454167.64273037
3355,3356.0,30.0,494.0,9693095.861604976,9816.983474789855,534.28076,1077.3533173171984,2963.8225355363134,491.41460196451095,260.4497390411908,1539.0761675959975,1272304.0755097177,6573.538026862609,1077.3533173171984,122454167.64273037
3356,3357.0,30.0,494.0,8715550.01130599,24790.463702773675,534.28076,1077.3533173171984,2966.5759749648482,491.8711341369281,260.6917010925719,1539.0761675959977,1272304.0755097177,6573.538026862609,1077.3533173171984,122454167.64273037
3357,3358.0,30.0,494.0,7738004.161007004,39763.9439307563,534.28076,1077.3533173171984,2966.5759749648482,491.8711341369281,260.6917010925719,1539.0761675959977,1272304.0755097177,6573.538026862609,1077.3533173171984,122454167.64273037
3358,3359.0,30.0,494.0,6760458.310708018,54737.42415873706,534.99212,1077.3533173171984,2966.5759749648482,491.8711341369281,260.6917010925719,1539.0761675959977,1272304.0755097177,6573.538026862609,1077.3533173171984,122454167.64273037
3359,3360.0,30.0,494.0,5787938.850745102,41197.26958617499,536.05916,1077.3533173171984,2965.179755427051,491.63963489559524,259.35373504723344,1539.0761675959977,1272304.0755097177,6573.538026862609,1077.3533173171984,122454167.64273037
3360,3361.0,30.0,494.0,4810393.000446115,56170.74981415948,537.48188,1077.3533173171984,2966.575974964849,491.87113413692816,260.691701092572,1539.0761675959977,1272304.0755097177,6573.538026862609,1077.3533173171984,122454167.64273037
3361,3362.0,30.0,494.0,3835486.678809181,56170.74981415948,539.0824399999999,1077.3533173171984,2965.8427725587226,491.74956600515037,259.98908957826535,1539.0761675959977,1272304.0755097177,6573.538026862609,1077.3533173171984,122454167.64273037
3362,3363.0,30.0,494.0,2886724.4896149486,56170.74981415948,539.8260589196257,1077.3533173171984,2958.580513546861,490.5454520344631,259.98908957826546,1539.0761675959977,1272304.0755097177,6573.538026862609,1077.3533173171984,122454167.64273037
3363,3364.0,30.0,494.0,1983316.9215121847,32576.92970596999,539.8260589196257,1077.3533173171984,2945.982007688121,488.45656524462026,258.88197957964877,1539.0761675959977,1272304.0755097177,6573.538026862609,1077.3533173171984,122454167.64273037
3364,3365.0,30.0,494.0,1108847.2650413327,0.0,539.8260589196257,1076.1729203582158,2937.943698901477,487.12377886301533,258.17560279739814,1537.3898862260228,1272304.0755097177,6573.538026862609,1077.3533173171984,122454167.64273037
3365,3366.0,30.0,494.0,256767.7346905971,0.0,539.8260589196257,1067.5737228691225,2931.724219423668,486.0925622515724,257.6290579933334,1525.1053183844608,1272304.0755097177,6573.538026862609,1077.3533173171984,122454167.64273037
3366,3367.0,30.0,494.0,0.0,0.0,507.895069333646,1007.3570511168881,2766.3598317402957,458.6744311798938,243.09744852534374,1439.0815015955545,1272304.0755097177,6573.538026862609,1077.3533173171984,122454167.64273037
3367,3368.0,30.0,494.0,650377.8007898191,56170.74981415948,458.49506933364603,904.6758434854166,2514.374960773514,416.8942491404815,220.9539520444552,1292.3940621220238,1272304.0755097177,6573.538026862609,1077.3533173171984,122454167.64273037
3368,3369.0,30.0,494.0,2198349.0652986793,47641.72230843827,409.095069333646,826.463444589032,2265.0434430737805,375.55400455480134,199.0436224140447,1180.6620636986172,1272304.0755097177,6573.538026862609,1077.3533173171984,122454167.64273037
3369,3370.0,30.0,494.0,3751122.821395064,36614.40201886557,409.0950693336457,826.463444589032,2263.709417632801,375.3328173638581,198.92639320284482,1180.6620636986172,1272304.0755097177,6573.538026862609,1077.3533173171984,122454167.64273037
3370,3371.0,30.0,494.0,5301496.109989292,26835.82324798405,409.0950693336457,826.463444589032,2264.3762141611774,375.4433751137418,198.98498881028317,1180.6620636986172,1272304.0755097177,6573.538026862609,1077.3533173171984,122454167.64273037
3371,3372.0,30.0,494.0,6851869.39858352,17057.24447710067,409.0950693336457,826.463444589032,2264.3762141611774,375.4433751137418,198.98498881028317,1180.6620636986172,1272304.0755097177,6573.538026862609,1077.3533173171984,122454167.64273037
3372,3373.0,30.0,494.0,8402242.687177747,7278.665706219152,409.0950693336457,826.463444589032,2264.3762141611774,375.4433751137418,198.98498881028317,1180.6620636986172,1272304.0755097177,6573.538026862609,1077.3533173171984,122454167.64273037
3373,3374.0,30.0,494.0,9947810.369503494,0.0,409.0950693336457,826.463444589032,2265.7111047913118,375.66470575679085,199.10229405109916,1180.6620636986172,1272304.0755097177,6573.538026862609,1077.3533173171984,122454167.64273037
3374,3375.0,30.0,494.0,11469256.2000134,0.0,409.0950693336457,827.4881095947228,2272.4116191846006,376.775680038839,199.6911104205847,1182.125870849604,1272304.0755097177,6573.538026862609,1077.3533173171984,122454167.64273037
3375,3376.0,30.0,494.0,12423437.708630456,0.0,438.14836,884.8677377445343,2429.9850419326144,402.90203540980553,213.53807876719694,1264.0967682064777,1272304.0755097177,6573.538026862609,1077.3533173171984,122454167.64273037
3376,3377.0,30.0,494.0,12431208.866873015,0.0,487.54836,980.5985494416593,2692.8768059255303,446.4906275111709,236.64003258092058,1400.855070630942,1272304.0755097177,6573.538026862609,1077.3533173171984,122454167.64273037
3377,3378.0,30.0,494.0,11496262.534783933,0.0,536.94836,1075.9558228641379,2954.742775462097,489.909138452676,259.6518433799183,1537.0797469487686,1272304.0755097177,6573.538026862609,1077.3533173171984,122454167.64273037
3378,3379.0,30.0,494.0,10539255.862095188,0.0,536.94836,1077.3533173171984,2960.8706478508925,490.92516621234233,259.98908957826546,1539.0761675959977,1272304.0755097177,6573.538026862609,1077.3533173171984,122454167.64273037
3379,3380.0,30.0,494.0,9564999.917353956,13262.046243205597,536.94836,1077.3533173171984,2965.6621123099167,491.71961175411366,260.61139422968023,1539.0761675959977,1272304.0755097177,6573.538026862609,1077.3533173171984,122454167.64273037
3380,3381.0,30.0,494.0,8587454.067054968,28235.526471188292,536.94836,1077.3533173171984,2966.575974964849,491.8711341369281,260.6917010925719,1539.0761675959977,1272304.0755097177,6573.538026862609,1077.3533173171984,122454167.64273037
3381,3382.0,30.0,494.0,7609908.216755981,43209.00669917464,537.48188,1077.3533173171984,2966.575974964849,491.87113413692816,260.691701092572,1539.0761675959977,1272304.0755097177,6573.538026862609,1077.3533173171984,122454167.64273037
3382,3383.0,30.0,494.0,6635356.5246166615,41197.26958617685,538.1932400000001,1077.3533173171984,2965.7442643649506,491.73323292034104,259.8946913730497,1539.0761675959977,1272304.0755097177,6573.538026862609,1077.3533173171984,122454167.64273037
3383,3384.0,30.0,494.0,5657810.674317674,56170.74981415948,539.26028,1077.3533173171984,2966.575974964849,491.87113413692816,260.6917010925719,1539.0761675959977,1272304.0755097177,6573.538026862609,1077.3533173171984,122454167.64273037
3384,3385.0,30.0,494.0,4685543.881342789,41197.26958617685,540.32732,1077.3533173171984,2965.1095701525974,491.6279978733728,259.28647806395924,1539.0761675959977,1272304.0755097177,6573.538026862609,1077.3533173171984,122454167.64273037
3385,3386.0,30.0,494.0,3707998.0310438033,56170.74981415948,541.75004,1077.3533173171984,2966.5759749648482,491.8711341369281,260.6917010925719,1539.0761675959977,1272304.0755097177,6573.538026862609,1077.3533173171984,122454167.64273037
3386,3387.0,30.0,494.0,2747176.442457363,56170.74981415948,542.502649988,1077.3533173171984,2961.930346711363,491.100868869123,259.9890895782647,1539.0761675959977,1272304.0755097177,6573.538026862609,1077.3533173171984,122454167.64273037
3387,3388.0,30.0,494.0,1817502.819643017,46240.73186996672,542.502649988,1077.3533173171984,2953.278133996893,489.6662945596917,259.52313611663664,1539.0761675959977,1272304.0755097177,6573.538026862609,1077.3533173171984,122454167.64273037
3388,3389.0,30.0,494.0,903932.8804939743,27933.45475493651,542.502649988,1077.3533173171984,2948.8048885343087,488.92461110458316,259.1300438854291,1539.0761675959977,1272304.0755097177,6573.538026862609,1077.3533173171984,122454167.64273037
3389,3390.0,30.0,494.0,0.0,4612.90616264753,542.502649988,1077.3533173171984,2946.127927796789,488.48075943008854,258.89480249794696,1539.0761675959977,1272304.0755097177,6573.538026862609,1077.3533173171984,122454167.64273037
3390,3391.0,30.0,494.0,0.0,0.0,493.102649988,982.2815676086935,2695.0354609929077,446.8485418626529,236.82972718720603,1403.2593822981337,1272304.0755097177,6573.538026862609,1077.3533173171984,122454167.64273037
3391,3392.0,30.0,494.0,905374.9915426709,56170.74981415948,443.70264998799996,878.8824991484723,2443.54240778661,405.14990533620886,214.7294498281907,1255.5464273549605,1272304.0755097177,6573.538026862609,1077.3533173171984,122454167.64273037
3392,3393.0,30.0,494.0,2489118.3652302264,51162.95828326233,406.4603942873732,822.160357876188,2255.1067460796976,373.9064571933648,198.17042231248337,1174.514796965983,1272304.0755097177,6573.538026862609,1077.3533173171984,122454167.64273037
3393,3394.0,30.0,494.0,4077648.8045152267,43664.898686308414,406.4603942873732,822.160357876188,2253.7770056359636,373.68598047350764,198.05356965095905,1174.514796965983,1272304.0755097177,6573.538026862609,1077.3533173171984,122454167.64273037
3394,3395.0,30.0,494.0,5670960.099038523,33679.80169953965,406.4603942873732,822.160357876188,2252.448990291996,373.4657897826569,197.93686858480817,1174.514796965983,1272304.0755097177,6573.538026862609,1077.3533173171984,122454167.64273037
3395,3396.0,30.0,494.0,7269046.0505183395,21210.89171644114,406.4603942873732,822.160357876188,2251.1226966929585,373.24588456456627,197.82031881922012,1174.514796965983,1272304.0755097177,6573.538026862609,1077.3533173171984,122454167.64273037
3396,3397.0,30.0,494.0,8867132.001998156,8741.981733337976,406.4603942873732,822.160357876188,2251.1226966929585,373.24588456456627,197.82031881922012,1174.514796965983,1272304.0755097177,6573.538026862609,1077.3533173171984,122454167.64273037
3397,3398.0,30.0,494.0,10458053.64444162,0.0,406.4603942873732,822.160357876188,2253.11278253639,373.5758494092556,197.9952001869055,1174.514796965983,1272304.0755097177,6573.538026862609,1077.3533173171984,122454167.64273037
3398,3399.0,30.0,494.0,12020178.044338532,0.0,406.4603942873732,823.3734119220326,2261.112016577099,374.90215702889344,198.69814322531354,1176.2477313171894,1272304.0755097177,6573.538026862609,1077.3533173171984,122454167.64273037
3399,3400.0,30.0,494.0,12986649.265322281,0.0,436.90348000000006,883.6246150970251,2426.571232941866,402.3360111063066,213.2380858863425,1262.320878710036,1272304.0755097177,6573.538026862609,1077.3533173171984,122454167.64273037
3400,3401.0,30.0,494.0,12993743.74988648,0.0,486.30348000000004,980.666995988612,2693.0647708361857,446.52179290675235,236.65655024057875,1400.952851412303,1272304.0755097177,6573.538026862609,1077.3533173171984,122454167.64273037
3401,3402.0,30.0,494.0,12055624.550353838,0.0,535.70348,1076.2767631155402,2955.6241275297525,490.0552704394345,259.7292933329003,1537.5382330222005,1272304.0755097177,6573.538026862609,1077.3533173171984,122454167.64273037
3402,3403.0,30.0,494.0,11097831.213332912,4698.072039092949,535.70348,1077.3533173171984,2961.0891657209427,490.9613974208053,260.20954063302685,1539.0761675959977,1272304.0755097177,6573.538026862609,1077.3533173171984,122454167.64273037
3403,3404.0,30.0,494.0,10123582.911212308,17956.142532708123,535.70348,1077.3533173171984,2965.6599893597418,491.71925975978786,260.61120767268756,1539.0761675959977,1272304.0755097177,6573.538026862609,1077.3533173171984,122454167.64273037
3404,3405.0,30.0,494.0,9146037.06091332,32929.62276069075,535.70348,1077.3533173171984,2966.5759749648487,491.87113413692816,260.6917010925719,1539.0761675959977,1272304.0755097177,6573.538026862609,1077.3533173171984,122454167.64273037
3405,3406.0,30.0,494.0,8169673.316524204,41197.26958617685,535.70348,1077.3533173171984,2966.247612212107,491.8166901715747,260.3770383895883,1539.0761675959977,1272304.0755097177,6573.538026862609,1077.3533173171984,122454167.64273037
3406,3407.0,30.0,494.0,7192127.466225218,56170.74981415948,535.8813200000001,1077.3533173171984,2966.5759749648482,491.8711341369281,260.6917010925719,1539.0761675959977,1272304.0755097177,6573.538026862609,1077.3533173171984,122454167.64273037
3407,3408.0,30.0,494.0,6219860.673250334,41197.26958617778,536.41484,1077.3533173171984,2965.1095701525974,491.6279978733728,259.28647806395935,1539.0761675959977,1272304.0755097177,6573.538026862609,1077.3533173171984,122454167.64273037
3408,3409.0,30.0,494.0,5242314.8229513485,56170.74981415948,537.1261999999999,1077.3533173171984,2966.575974964848,491.871134136928,260.69170109257186,1539.0761675959977,1272304.0755097177,6573.538026862609,1077.3533173171984,122454167.64273037
3409,3410.0,30.0,494.0,4270048.029976465,41197.26958617661,538.1932400000001,1077.3533173171984,2965.1095701525974,491.6279978733728,259.2864780639589,1539.0761675959977,1272304.0755097177,6573.538026862609,1077.3533173171984,122454167.64273037
3410,3411.0,30.0,494.0,3292502.179677477,56170.74981415948,539.97164,1077.3533173171984,2966.575974964849,491.87113413692816,260.6917010925719,1539.0761675959977,1272304.0755097177,6573.538026862609,1077.3533173171984,122454167.64273037
3411,3412.0,30.0,494.0,2363803.5470233653,45733.53454598598,539.97164,1077.3533173171984,2953.007303396828,489.6213896742153,259.49933652733415,1539.0761675959977,1272304.0755097177,6573.538026862609,1077.3533173171984,122454167.64273037
3412,3413.0,30.0,494.0,1460960.902998332,21845.836620186456,539.97164,1077.3533173171984,2945.825084333195,488.43054667330716,258.8681897368528,1539.0761675959977,1272304.0755097177,6573.538026862609,1077.3533173171984,122454167.64273037
3413,3414.0,30.0,494.0,577421.6816757247,0.0,539.97164,1075.003718871578,2940.4630224714097,487.5414936129689,258.3969916148735,1535.7195983879687,1272304.0755097177,6573.538026862609,1077.3533173171984,122454167.64273037
3414,3415.0,30.0,494.0,603072.0894309469,0.0,490.57164,978.7900368152863,2687.9103477275685,445.66716725022013,236.20359864261667,1398.2714811646947,1272304.0755097177,6573.538026862609,1077.3533173171984,122454167.64273037
3415,3416.0,30.0,494.0,1536135.9476929978,56170.74981415948,441.17164,876.0817291812264,2435.851055920116,403.8746459133776,214.05356233409015,1251.545327401752,1272304.0755097177,6573.538026862609,1077.3533173171984,122454167.64273037
3416,3417.0,30.0,494.0,2925473.1005630475,51925.07008246705,416.3616867024789,841.676647263603,2309.1084740845604,382.8601773823178,202.91589401262843,1202.3952103765757,1272304.0755097177,6573.538026862609,1077.3533173171984,122454167.64273037
3417,3418.0,30.0,494.0,4319733.090451985,45118.49295486137,416.3616867024789,841.676647263603,2307.741019357092,382.6334474710136,202.7957271596372,1202.3952103765757,1272304.0755097177,6573.538026862609,1077.3533173171984,122454167.64273037
3418,3419.0,30.0,494.0,5721365.341734783,34476.8091737153,416.3616867024793,841.676647263603,2305.6931689699136,382.2939050150021,202.61576965795112,1202.3952103765757,1272304.0755097177,6573.538026862609,1077.3533173171984,122454167.64273037
3419,3420.0,30.0,494.0,7125451.821278498,22558.417116774246,416.3616867024793,841.676647263603,2305.011438897431,382.18087121888266,202.55586174600782,1202.3952103765757,1272304.0755097177,6573.538026862609,1077.3533173171984,122454167.64273037
3420,3421.0,30.0,494.0,8531990.935572147,9364.145740627311,416.3616867024793,841.676647263603,2304.3301514668938,382.0679108147131,202.49599273179797,1202.3952103765757,1272304.0755097177,6573.538026862609,1077.3533173171984,122454167.64273037
3421,3422.0,30.0,494.0,9931167.3635295,0.0,416.3616867024793,841.676647263603,2306.3753421158654,382.40701227462023,202.67571650554873,1202.3952103765757,1272304.0755097177,6573.538026862609,1077.3533173171984,122454167.64273037
3422,3423.0,30.0,494.0,11300748.928312145,0.0,416.3616867024793,842.8494054851424,2314.5961374421727,383.770055714189,203.3981295285202,1204.0705792644892,1272304.0755097177,6573.538026862609,1077.3533173171984,122454167.64273037
3423,3424.0,30.0,494.0,12625501.16274229,0.0,416.3616867024793,847.383958790466,2327.048729206756,385.8347493157956,204.49241713737166,1210.5485125578086,1272304.0755097177,6573.538026862609,1077.3533173171984,122454167.64273037
3424,3425.0,30.0,494.0,12993743.74988648,0.0,465.7616867024793,944.1363293605704,2592.7458534528555,429.88848228698566,227.8408956121024,1348.766184800815,1272304.0755097177,6573.538026862609,1077.3533173171984,122454167.64273037
3425,3426.0,30.0,494.0,12406721.766451415,0.0,515.1616867024794,1040.7627585737239,2858.0971230582027,473.8848710620962,251.15898166291097,1486.8039408196057,1272304.0755097177,6573.538026862609,1077.3533173171984,122454167.64273037
3426,3427.0,30.0,494.0,11482077.135310518,0.0,531.61316,1074.9137905224156,2951.8811918653787,489.43467550919377,259.40037801987273,1535.5911293177367,1272304.0755097177,6573.538026862609,1077.3533173171984,122454167.64273037
3427,3428.0,30.0,494.0,10531052.493611526,3305.6374587430196,531.61316,1076.9394049070127,2959.208972575961,490.64965326106596,260.044316228365,1538.4848641528756,1272304.0755097177,6573.538026862609,1077.3533173171984,122454167.64273037
3428,3429.0,30.0,494.0,9560150.244733237,16951.757908708845,531.61316,1076.9394049070127,2964.7305301257657,491.5651513966757,260.52953024023816,1538.4848641528754,1272304.0755097177,6573.538026862609,1077.3533173171984,122454167.64273037
3429,3430.0,30.0,494.0,8582604.394434247,34053.930531936334,531.61316,1076.9394049070127,2966.575974964849,491.87113413692816,260.691701092572,1538.4848641528754,1272304.0755097177,6573.538026862609,1077.3533173171984,122454167.64273037
3430,3431.0,30.0,494.0,7611702.145555958,47700.05098190327,531.61316,1076.9394049070127,2964.7305301257657,491.5651513966757,260.52953024023816,1538.4848641528754,1272304.0755097177,6573.538026862609,1077.3533173171984,122454167.64273037
3431,3432.0,30.0,494.0,6650748.658064483,56170.74981415948,531.61316,1076.9394049070127,2961.966985296095,491.10694370502057,260.2866801636609,1538.4848641528754,1272304.0755097177,6573.538026862609,1077.3533173171984,122454167.64273037
3432,3433.0,30.0,494.0,5706332.212186428,56038.75336290896,531.61316,1076.9394049070127,2957.3733626257003,490.34530118793947,259.88300962960795,1538.4848641528754,1272304.0755097177,6573.538026862609,1077.3533173171984,122454167.64273037
3433,3434.0,30.0,494.0,4784975.210519083,43911.05800800957,531.61316,1076.9394049070127,2950.967961456059,489.2832579554379,259.32012671638205,1538.4848641528754,1272304.0755097177,6573.538026862609,1077.3533173171984,122454167.64273037
3434,3435.0,30.0,494.0,3912671.4928849675,6265.4698487157,531.61316,1076.9394049070127,2937.342049224606,487.0240227430262,258.12273205380393,1538.4848641528754,1272304.0755097177,6573.538026862609,1077.3533173171984,122454167.64273037
3435,3436.0,30.0,494.0,3098592.580681015,15843.686677639458,531.61316,1061.867472889195,2921.168492160672,484.3423769927738,256.70145980617013,1516.9535326988498,1272304.0755097177,6573.538026862609,1077.3533173171984,122454167.64273037
3436,3437.0,30.0,494.0,2310170.566001132,12074.989561533195,531.61316,1061.867472889195,2914.041576181764,483.16070348263014,256.075172845794,1516.95353269885,1272304.0755097177,6573.538026862609,1077.3533173171984,122454167.64273037
3437,3438.0,30.0,494.0,1537715.8149864692,0.0,531.61316,1061.867472889195,2909.606225163647,482.42530309039773,255.68541063791082,1516.95353269885,1272304.0755097177,6573.538026862609,1077.3533173171984,122454167.64273037
3438,3439.0,30.0,494.0,1678210.1586702857,0.0,482.21316,967.1734022332714,2656.00925441407,440.3778279308371,233.4002488033437,1381.6762889046736,1272304.0755097177,6573.538026862609,1077.3533173171984,122454167.64273037
3439,3440.0,30.0,494.0,2732447.165001141,56170.74981415948,432.81316000000004,863.8248853967809,2402.1918481232256,398.29380360462704,211.09571591045236,1234.03555056683,1272304.0755097177,6573.538026862609,1077.3533173171984,122454167.64273037
3440,3441.0,30.0,494.0,4050557.579794389,49401.67951304279,418.63846817844666,849.3719968192963,2328.893679105894,386.1406499928635,204.65454449621765,1213.388566884709,1272304.0755097177,6573.538026862609,1077.3533173171984,122454167.64273037
3441,3442.0,30.0,494.0,5373656.6198030235,40037.48829400167,418.63846817844666,849.3719968192963,2327.507949879398,385.9108900905399,204.53277174798617,1213.388566884709,1272304.0755097177,6573.538026862609,1077.3533173171984,122454167.64273037
3442,3443.0,30.0,494.0,6699247.530428697,29377.00695819501,418.6384681784466,849.3719968192963,2326.8157635968983,385.79612260955156,204.47194498306234,1213.388566884709,1272304.0755097177,6573.538026862609,1077.3533173171984,122454167.64273037
3443,3444.0,30.0,494.0,8027328.685801965,17421.08129528351,418.6384681784466,849.3719968192963,2326.124028944778,385.6814300108345,204.4111579057423,1213.388566884709,1272304.0755097177,6573.538026862609,1077.3533173171984,122454167.64273037
3444,3445.0,30.0,494.0,9357898.46164422,4170.556267416105,418.6384681784471,849.3719968192963,2325.4327454811705,385.5668122211254,204.35041047719648,1213.388566884709,1272304.0755097177,6573.538026862609,1077.3533173171984,122454167.64273037
3445,3446.0,30.0,494.0,10671013.728603885,0.0,418.6384681784471,849.3719968192963,2330.2812201707784,386.37071030583223,204.7764764620911,1213.388566884709,1272304.0755097177,6573.538026862609,1077.3533173171984,122454167.64273037
3446,3447.0,30.0,494.0,11810928.29305692,0.0,425.3231040601718,866.0805634631777,2378.3925264226204,394.34777307806854,209.00431973137634,1237.2579478045395,1272304.0755097177,6573.538026862609,1077.3533173171984,122454167.64273037
3447,3448.0,30.0,494.0,11976146.37576198,0.0,474.72310406017175,964.6725593338301,2649.1415491303906,439.23913267566445,232.79674031810217,1378.103656191186,1272304.0755097177,6573.538026862609,1077.3533173171984,122454167.64273037
3448,3449.0,30.0,494.0,11145147.82201118,0.0,524.1231040601717,1065.4413507955485,2925.868392590352,485.1216408222479,257.1144696357914,1522.0590725650693,1272304.0755097177,6573.538026862609,1077.3533173171984,122454167.64273037
3449,3450.0,30.0,494.0,10244934.358497016,0.0,524.1231040601717,1072.4425416537931,2945.094756413508,488.30945514382023,258.80401122622476,1532.0607737911332,1272304.0755097177,6573.538026862609,1077.3533173171984,122454167.64273037
3450,3451.0,30.0,494.0,9294679.425102644,776.5369278388098,524.1231040601717,1077.3533173171984,2958.9951647135663,490.6142029922541,260.0255275858947,1539.0761675959977,1272304.0755097177,6573.538026862609,1077.3533173171984,122454167.64273037
3451,3452.0,30.0,494.0,8317527.43353512,15545.12883717753,524.1231040601717,1077.3533173171984,2966.4665697616647,491.8529942808028,260.6820869688255,1539.0761675959977,1272304.0755097177,6573.538026862609,1077.3533173171984,122454167.64273037
3452,3453.0,30.0,494.0,7339981.583236133,30518.609065160155,523.61036,1077.3533173171984,2966.5759749648487,491.8711341369281,260.6917010925719,1539.0761675959977,1272304.0755097177,6573.538026862609,1077.3533173171984,122454167.64273037
3453,3454.0,30.0,494.0,6362435.732937145,45492.08929314278,523.61036,1077.3533173171984,2966.5759749648487,491.8711341369281,260.6917010925719,1539.0761675959977,1272304.0755097177,6573.538026862609,1077.3533173171984,122454167.64273037
3454,3455.0,30.0,494.0,5395004.058562116,55204.09799849242,523.61036,1077.3533173171984,2963.7664816526376,491.40530798803144,260.44481323365665,1539.0761675959977,1272304.0755097177,6573.538026862609,1077.3533173171984,122454167.64273037
3455,3456.0,30.0,494.0,4444383.66554053,56170.74981415948,523.61036,1077.3533173171984,2959.0966812766815,490.6310348777188,260.034448485191,1539.0761675959977,1272304.0755097177,6573.538026862609,1077.3533173171984,122454167.64273037
3456,3457.0,30.0,494.0,3517203.627746652,44943.54990743473,523.61036,1077.3533173171984,2952.5854714912075,489.55144811883855,259.46226750298445,1539.0761675959977,1272304.0755097177,6573.538026862609,1077.3533173171984,122454167.64273037
3457,3458.0,30.0,494.0,2623318.0931095844,16396.29530354403,523.61036,1077.3533173171984,2943.336998392093,488.0180112573908,258.6495459664171,1539.0761675959977,1272304.0755097177,6573.538026862609,1077.3533173171984,122454167.64273037
3458,3459.0,30.0,494.0,1788800.9343512775,0.0,523.61036,1068.9854314459672,2926.8457828702153,485.28369636018385,257.20035907089743,1527.1220449228103,1272304.0755097177,6573.538026862609,1077.3533173171984,122454167.64273037
3459,3460.0,30.0,494.0,1022648.9380741091,0.0,523.61036,1058.8820252553548,2907.855459958788,482.13501864321387,255.53155988090336,1512.6886075076497,1272304.0755097177,6573.538026862609,1077.3533173171984,122454167.64273037
3460,3461.0,30.0,494.0,279073.7153376946,0.0,523.61036,1056.5983511010058,2901.584133975245,481.09520565676104,254.98045899808335,1509.42621585858,1272304.0755097177,6573.538026862609,1077.3533173171984,122454167.64273037
3461,3462.0,30.0,494.0,0.0,0.0,499.3694065903092,1009.6133341681057,2772.5559374756003,459.7017723236826,243.64193933155178,1442.304763097294,1272304.0755097177,6573.538026862609,1077.3533173171984,122454167.64273037
3462,3463.0,30.0,494.0,645798.6344287175,52666.022826889995,449.96940659030935,905.820507651667,2515.6469514293753,417.1051506956043,221.0657298686703,1294.0292966452387,1272304.0755097177,6573.538026862609,1077.3533173171984,122454167.64273037
3463,3464.0,30.0,494.0,2211584.969213985,56170.74981415948,400.5694065903093,822.3215270806965,2260.094812441444,374.73350018137774,198.6087550961302,1174.7450386867092,1272304.0755097177,6573.538026862609,1077.3533173171984,122454167.64273037
3464,3465.0,30.0,494.0,3787127.053229739,54600.46158080734,400.5694065903093,822.3215270806965,2257.3848820996423,374.28418200382123,198.37061646202525,1174.7450386867092,1272304.0755097177,6573.538026862609,1077.3533173171984,122454167.64273037
3465,3466.0,30.0,494.0,5369969.069473354,49232.69287817739,400.5694065903093,822.3215270806965,2255.357123147459,373.9479707946751,198.1924245211778,1174.7450386867092,1272304.0755097177,6573.538026862609,1077.3533173171984,122454167.64273037
3466,3467.0,30.0,494.0,6960096.5972706005,40074.94545109384,400.5694065903093,822.3215270806965,2253.3333699381164,373.6124237550264,198.014584590164,1174.7450386867092,1272304.0755097177,6573.538026862609,1077.3533173171984,122454167.64273037
3467,3468.0,30.0,494.0,8557495.25863614,27134.698837282136,400.5694065903093,822.3215270806965,2251.3136106135917,373.2775389187634,197.83709562694463,1174.7450386867092,1272304.0755097177,6573.538026862609,1077.3533173171984,122454167.64273037
3468,3469.0,30.0,494.0,10162150.71810517,10419.41045495309,400.5694065903093,822.3215270806965,2249.297833362618,372.94331432752716,197.6599565935894,1174.7450386867092,1272304.0755097177,6573.538026862609,1077.3533173171984,122454167.64273037
3469,3470.0,30.0,494.0,11754703.552542536,0.0,400.5694065903093,822.3215270806965,2252.6596736491947,373.50072199498646,197.95538265734282,1174.7450386867092,1272304.0755097177,6573.538026862609,1077.3533173171984,122454167.64273037
3470,3471.0,30.0,494.0,12400502.186971249,0.0,449.9694065903095,916.06112320134,2515.646951429376,417.10515069560444,221.06572986867036,1308.6587474304858,1272304.0755097177,6573.538026862609,1077.3533173171984,122454167.64273037
3471,3472.0,30.0,494.0,12993743.74988648,0.0,449.9694065903095,921.3773489953826,2530.246137960899,419.52575899869095,222.3486522693062,1316.2533557076895,1272304.0755097177,6573.538026862609,1077.3533173171984,122454167.64273037
3472,3473.0,30.0,494.0,12993743.74988648,0.0,478.5113368151999,981.3846136326232,2695.0354609929077,446.84854186265284,236.829727187206,1401.978019475176,1272304.0755097177,6573.538026862609,1077.3533173171984,122454167.64273037
3473,3474.0,30.0,494.0,12069758.539883154,0.0,525.03308,1074.8470890955718,2951.698019327165,489.40430470970165,259.3842814961419,1535.4958415651026,1272304.0755097177,6573.538026862609,1077.3533173171984,122454167.64273037
3474,3475.0,30.0,494.0,11109012.647846013,9672.954188038862,525.03308,1076.684634443937,2961.909319892113,491.0973825315005,260.28161274169526,1538.1209063484816,1272304.0755097177,6573.538026862609,1077.3533173171984,122454167.64273037
3475,3476.0,30.0,494.0,10131466.797547026,28085.374907079055,525.03308,1076.684634443937,2966.5759749648487,491.8711341369281,260.6917010925719,1538.1209063484816,1272304.0755097177,6573.538026862609,1077.3533173171984,122454167.64273037
3476,3477.0,30.0,494.0,9153920.947248038,46497.79562611966,525.03308,1076.684634443937,2966.5759749648487,491.8711341369281,260.6917010925719,1538.1209063484816,1272304.0755097177,6573.538026862609,1077.3533173171984,122454167.64273037
3477,3478.0,30.0,494.0,8193175.055210898,56170.74981415948,525.03308,1076.684634443937,2961.909319892113,491.0973825315005,260.28161274169526,1538.1209063484816,1272304.0755097177,6573.538026862609,1077.3533173171984,122454167.64273037
3478,3479.0,30.0,494.0,7255853.891227998,53657.98165473435,525.03308,1076.684634443937,2955.4024509881574,490.0185155095605,259.7098132200671,1538.1209063484816,1272304.0755097177,6573.538026862609,1077.3533173171984,122454167.64273037
3479,3480.0,30.0,494.0,6345168.740970992,37288.955827967264,525.03308,1076.684634443937,2948.0035582865207,488.79174708184314,259.0596259533769,1538.1209063484816,1272304.0755097177,6573.538026862609,1077.3533173171984,122454167.64273037
3480,3481.0,30.0,494.0,5467577.6506321225,3704.1474068854004,525.03308,1076.684634443937,2938.8107638648157,487.2675419860525,258.25179725260784,1538.1209063484816,1272304.0755097177,6573.538026862609,1077.3533173171984,122454167.64273037
3481,3482.0,30.0,494.0,4632678.4807158485,17069.124584390273,525.03308,1063.2371583480774,2926.9518970807612,485.30129055548844,257.20968399440886,1518.9102262115393,1272304.0755097177,6573.538026862609,1077.3533173171984,122454167.64273037
3482,3483.0,30.0,494.0,3856283.0692982133,0.0,525.03308,1063.2371583480774,2910.700853053362,482.6067971313783,255.7816024796305,1518.910226211539,1272304.0755097177,6573.538026862609,1077.3533173171984,122454167.64273037
3483,3484.0,30.0,494.0,3137696.615222616,0.0,525.03308,1054.0707000601387,2894.6428093472405,479.9443039957207,254.370481117732,1505.8152858001981,1272304.0755097177,6573.538026862609,1077.3533173171984,122454167.64273037
3484,3485.0,30.0,494.0,2447757.945864016,0.0,525.03308,1051.1729341141115,2886.6850913702965,478.62487991911075,253.6711863571287,1501.6756201630167,1272304.0755097177,6573.538026862609,1077.3533173171984,122454167.64273037
3485,3486.0,30.0,494.0,1776823.7577182297,0.0,525.03308,1049.2506026310866,2881.4060688111817,477.74959513449744,253.20728542128364,1498.929432330124,1272304.0755097177,6573.538026862609,1077.3533173171984,122454167.64273037
3486,3487.0,30.0,494.0,2026247.6484101769,46771.021075865254,475.63308000000006,947.0606516600924,2625.751046911811,435.3608861883412,230.74126967982087,1352.9437880858463,1272304.0755097177,6573.538026862609,1077.3533173171984,122454167.64273037
3487,3488.0,30.0,494.0,2583937.7674060464,54327.07359471079,459.5501374266128,923.5041978826091,2540.1215390496104,421.16314323376656,223.2164659138963,1319.2917112608702,1272304.0755097177,6573.538026862609,1077.3533173171984,122454167.64273037
3488,3489.0,30.0,494.0,3152608.840796031,56170.74981415948,459.5501374266128,923.5041978826091,2537.071273940134,420.6573960789733,222.94841992185587,1319.2917112608702,1272304.0755097177,6573.538026862609,1077.3533173171984,122454167.64273037
3489,3490.0,30.0,494.0,3734965.805533638,50894.92088274844,459.55013742661237,923.5041978826091,2533.2696374546836,420.0270682985776,222.61434619824615,1319.2917112608702,1272304.0755097177,6573.538026862609,1077.3533173171984,122454167.64273037
3490,3491.0,30.0,494.0,4328239.37859218,39940.188970396295,459.55013742661237,923.5041978826091,2530.2372462544236,419.5242847152796,222.34787089909818,1319.2917112608702,1272304.0755097177,6573.538026862609,1077.3533173171984,122454167.64273037
3491,3492.0,30.0,494.0,4929681.753265181,24735.984101314098,459.55013742661237,923.5041978826091,2527.968134694855,419.14805619940563,222.148469785685,1319.2917112608702,1272304.0755097177,6573.538026862609,1077.3533173171984,122454167.64273037
3492,3493.0,30.0,494.0,5533843.517796948,8117.131869123317,459.55013742661237,923.5041978826091,2527.2127486229724,419.02280991984844,222.0820892575197,1319.2917112608702,1272304.0755097177,6573.538026862609,1077.3533173171984,122454167.64273037
3493,3494.0,30.0,494.0,6121662.345749374,0.0,459.55013742661237,923.5041978826091,2531.752453228345,419.77551258842504,222.48102167186528,1319.2917112608702,1272304.0755097177,6573.538026862609,1077.3533173171984,122454167.64273037
3494,3495.0,30.0,494.0,6671097.867598288,0.0,459.55013742661237,925.8083950705409,2542.4144827015425,421.54332321368474,223.41796130325292,1322.5834215293442,1272304.0755097177,6573.538026862609,1077.3533173171984,122454167.64273037
3495,3496.0,30.0,494.0,7170663.142955475,0.0,459.55013742661237,930.8528445255789,2556.267328949245,423.84018506801925,224.63529808605023,1329.7897778936842,1272304.0755097177,6573.538026862609,1077.3533173171984,122454167.64273037
3496,3497.0,30.0,494.0,7204731.7949359175,0.0,481.32396000000006,977.9385189167064,2685.571946553896,445.27945021648554,235.99810861473736,1397.0550270238664,1272304.0755097177,6573.538026862609,1077.3533173171984,122454167.64273037
3497,3498.0,30.0,494.0,6280175.324330602,0.0,530.72396,1074.9048729533852,2951.8567028277175,489.43061512077634,259.39822601401147,1535.5783899334074,1272304.0755097177,6573.538026862609,1077.3533173171984,122454167.64273037
3498,3499.0,30.0,494.0,5329194.998718834,1153.8914966384775,530.72396,1077.3533173171984,2959.196662551732,490.6476122057786,260.0432344690627,1539.0761675959977,1272304.0755097177,6573.538026862609,1077.3533173171984,122454167.64273037
3499,3500.0,30.0,494.0,4361627.894341286,10936.351923109964,530.72396,1077.3533173171984,2963.8041010977818,491.41154545482976,260.44811909105977,1539.0761675959977,1272304.0755097177,6573.538026862609,1077.3533173171984,122454167.64273037
3500,3501.0,30.0,494.0,3384082.0440422986,25909.83215109259,530.72396,1077.3533173171984,2966.575974964849,491.8711341369281,260.6917010925719,1539.0761675959977,1272304.0755097177,6573.538026862609,1077.3533173171984,122454167.64273037
3501,3502.0,30.0,494.0,2406536.193743311,40883.31237907335,530.72396,1077.3533173171984,2966.575974964849,491.8711341369281,260.6917010925719,1539.0761675959977,1272304.0755097177,6573.538026862609,1077.3533173171984,122454167.64273037
3502,3503.0,30.0,494.0,1435645.0684139896,52394.95387871284,530.72396,1077.3533173171984,2964.7274402510525,491.5646390820771,260.5292587135009,1539.0761675959977,1272304.0755097177,6573.538026862609,1077.3533173171984,122454167.64273037
3503,3504.0,30.0,494.0,479624.63137411885,56170.74981415948,530.4615195696773,1077.3533173171984,2960.596693503983,490.87974339612134,260.1662639999443,1539.0761675959977,1272304.0755097177,6573.538026862609,1077.3533173171984,122454167.64273037
3504,3505.0,30.0,494.0,309080.56121270545,0.0,489.2543915688,1009.5574897096308,2742.4088138155225,454.7032487629218,240.99272184434858,1442.2249852994726,1272304.0755097177,6573.538026862609,1077.3533173171984,122454167.64273037
3505,3506.0,30.0,494.0,162863.15911514498,0.0,489.2543915688,996.1747208852601,2735.651406020008,453.5828413085855,240.39890589355034,1423.1067441218001,1272304.0755097177,6573.538026862609,1077.3533173171984,122454167.64273037
3506,3507.0,30.0,494.0,61910.56624030508,0.0,489.2543915688,991.596118245832,2723.0778479025857,451.4980909622114,239.29398820997204,1416.5658832083316,1272304.0755097177,6573.538026862609,1077.3533173171984,122454167.64273037
3507,3508.0,30.0,494.0,17651.360796341673,12288.52680808492,489.2543915688,983.4720621889736,2707.3296847273423,448.88697735954287,237.91009800055772,1404.9600888413909,1272304.0755097177,6573.538026862609,1077.3533173171984,122454167.64273037
3508,3509.0,30.0,494.0,0.0,10735.449718373535,489.2543915688,983.4720621889736,2699.938616769669,447.66150630823535,237.26059834336476,1404.9600888413909,1272304.0755097177,6573.538026862609,1077.3533173171984,122454167.64273037
3509,3510.0,30.0,494.0,0.0,0.0,489.2543915688,983.4720621889736,2695.0354609929077,446.8485418626529,236.82972718720603,1404.960088841391,1272304.0755097177,6573.538026862609,1077.3533173171984,122454167.64273037
3510,3511.0,30.0,494.0,917754.7613668013,52500.33361957874,439.8543915688,878.3439590933065,2440.103582835463,404.5797332782224,214.4272586374579,1254.7770844190093,1272304.0755097177,6573.538026862609,1077.3533173171984,122454167.64273037
3511,3512.0,30.0,494.0,2052089.774563362,56170.74981415948,428.56749362146195,865.9312513166619,2379.9424017716406,394.6047491178285,209.1405170324491,1237.0446447380884,1272304.0755097177,6573.538026862609,1077.3533173171984,122454167.64273037
3512,3513.0,30.0,494.0,3196638.6761225536,54527.82331435289,428.567493621462,865.9312513166619,2377.105210559799,394.1343305373139,208.89119518477636,1237.0446447380884,1272304.0755097177,6573.538026862609,1077.3533173171984,122454167.64273037
3513,3514.0,30.0,494.0,4348830.511704702,48908.98419314064,428.567493621462,865.9312513166619,2374.9821733311996,393.78232177763306,208.70463054214554,1237.0446447380884,1272304.0755097177,6573.538026862609,1077.3533173171984,122454167.64273037
3514,3515.0,30.0,494.0,5508650.345330898,39322.002260774374,428.567493621462,865.9312513166619,2372.863284985631,393.43100092071256,208.51843048797767,1237.0446447380884,1272304.0755097177,6573.538026862609,1077.3533173171984,122454167.64273037
3515,3516.0,30.0,494.0,6673547.234827211,27093.897108852863,428.567493621462,865.9312513166619,2371.452991688376,393.19716818915924,208.3944991402544,1237.0446447380884,1272304.0755097177,6573.538026862609,1077.3533173171984,122454167.64273037
3516,3517.0,30.0,494.0,7843514.574341813,12228.105151924305,428.567493621462,865.9312513166619,2370.044533349963,392.96363970172246,208.27072904191292,1237.0446447380884,1272304.0755097177,6573.538026862609,1077.3533173171984,122454167.64273037
3517,3518.0,30.0,494.0,9008411.463838132,0.0,428.5674936214617,865.9312513166619,2371.452991688375,393.197168189159,208.39449914025428,1237.0446447380884,1272304.0755097177,6573.538026862609,1077.3533173171984,122454167.64273037
3518,3519.0,30.0,494.0,10142746.477034697,0.0,428.56749362146167,866.6449433544963,2379.942401771639,394.60474911782825,209.14051703244897,1238.0642047921376,1272304.0755097177,6573.538026862609,1077.3533173171984,122454167.64273037
3519,3520.0,30.0,494.0,11190608.051870389,0.0,430.75521713027695,875.3918599972108,2403.962801316327,398.5874353076224,211.2513407130399,1250.5597999960155,1272304.0755097177,6573.538026862609,1077.3533173171984,122454167.64273037
3520,3521.0,30.0,494.0,11272860.338728657,0.0,480.1552171302769,973.0646727298522,2672.187603532277,443.06026822442516,234.82194215894535,1390.0923896140746,1272304.0755097177,6573.538026862609,1077.3533173171984,122454167.64273037
3521,3522.0,30.0,494.0,10389751.015212048,0.0,529.5552171302769,1070.7124325053717,2940.343606414199,487.5216939139252,258.38649777438036,1529.5891892933882,1272304.0755097177,6573.538026862609,1077.3533173171984,122454167.64273037
3522,3523.0,30.0,494.0,9467198.488957165,0.0,529.5552171302769,1074.7021710078845,2951.300051619264,489.338319941576,259.3493095690353,1535.2888157255493,1272304.0755097177,6573.538026862609,1077.3533173171984,122454167.64273037
3523,3524.0,30.0,494.0,8514855.46261239,1862.7788201831281,529.5552171302769,1077.3533173171984,2959.5751905331226,490.71037378312593,260.07649810505677,1539.0761675959977,1272304.0755097177,6573.538026862609,1077.3533173171984,122454167.64273037
3524,3525.0,30.0,494.0,7549214.4794022795,10643.25631222874,529.5552171302769,1077.3533173171984,2963.269067440161,491.32283455910476,260.40110231632553,1539.0761675959977,1272304.0755097177,6573.538026862609,1077.3533173171984,122454167.64273037
3525,3526.0,30.0,494.0,6573576.587387316,24624.20207638573,529.5552171302769,1077.3533173171984,2966.04598655262,491.7832597647218,260.64512767530255,1539.0761675959977,1272304.0755097177,6573.538026862609,1077.3533173171984,122454167.64273037
3526,3527.0,30.0,494.0,5597938.695372352,38605.14784053899,529.5552171302769,1077.3533173171984,2966.04598655262,491.7832597647218,260.64512767530255,1539.0761675959977,1272304.0755097177,6573.538026862609,1077.3533173171984,122454167.64273037
3527,3528.0,30.0,494.0,4625635.343279416,50851.44048290327,529.5552171302769,1077.3533173171984,2965.119725463168,491.6296816678112,260.56373128393994,1539.0761675959977,1272304.0755097177,6573.538026862609,1077.3533173171984,122454167.64273037
3528,3529.0,30.0,494.0,3666647.7960006893,56170.74981415948,529.5552171302769,1077.3533173171984,2961.420890792554,491.0163988731775,260.23869140278407,1539.0761675959977,1272304.0755097177,6573.538026862609,1077.3533173171984,122454167.64273037
3529,3530.0,30.0,494.0,2737490.6454048324,45972.059079393744,529.5552171302769,1077.3533173171984,2953.134669491755,489.6425075239152,259.51052898767506,1539.0761675959977,1272304.0755097177,6573.538026862609,1077.3533173171984,122454167.64273037
3530,3531.0,30.0,494.0,1857654.0465407018,10116.440843279473,529.5552171302769,1077.3533173171984,2939.434516232944,487.37096282789884,258.3066102987864,1539.0761675959977,1272304.0755097177,6573.538026862609,1077.3533173171984,122454167.64273037
3531,3532.0,30.0,494.0,1033122.6286208741,0.0,529.5552171302769,1066.7542761266034,2924.0719659706374,484.82378551488694,256.9566063228901,1523.934680180862,1272304.0755097177,6573.538026862609,1077.3533173171984,122454167.64273037
3532,3533.0,30.0,494.0,234402.60380333065,0.0,529.5552171302769,1062.1763296829336,2916.9021345533365,483.6349964393467,256.32654811285374,1517.394756689905,1272304.0755097177,6573.538026862609,1077.3533173171984,122454167.64273037
3533,3534.0,30.0,494.0,0.0,0.0,499.7518228117298,1005.0947849310809,2760.147295382722,457.6443657678314,242.55151385695066,1435.849692758687,1272304.0755097177,6573.538026862609,1077.3533173171984,122454167.64273037
3534,3535.0,30.0,494.0,687960.7372863886,54885.04069672013,450.3518228117297,901.1242726694987,2503.935256191133,415.1633009442025,220.03654950042733,1287.3203895278555,1272304.0755097177,6573.538026862609,1077.3533173171984,122454167.64273037
3535,3536.0,30.0,494.0,2290429.784826804,56170.74981415948,400.9518228117296,819.0424919342794,2249.9051700094583,373.044013371747,197.7133270870259,1170.0607027632564,1272304.0755097177,6573.538026862609,1077.3533173171984,122454167.64273037
3536,3537.0,30.0,494.0,3900138.7372763427,53690.20513175614,400.9518228117296,819.0424919342794,2247.89408531248,372.71056682626966,197.53660041792293,1170.0607027632564,1272304.0755097177,6573.538026862609,1077.3533173171984,122454167.64273037
3537,3538.0,30.0,494.0,5517073.358163406,47450.81257070787,400.9518228117296,819.0424919342794,2245.8869551909493,372.37777596651443,197.36022126225265,1170.0607027632564,1272304.0755097177,6573.538026862609,1077.3533173171984,122454167.64273037
3538,3539.0,30.0,494.0,7141219.452966781,37459.956229304895,400.9518228117296,819.0424919342794,2243.88376799197,372.04563886038073,197.1841885960018,1170.0607027632564,1272304.0755097177,6573.538026862609,1077.3533173171984,122454167.64273037
3539,3540.0,30.0,494.0,8770165.331844304,24972.21557317488,400.9518228117296,819.0424919342794,2242.55049463804,371.82457636872493,197.06702547542423,1170.0607027632564,1272304.0755097177,6573.538026862609,1077.3533173171984,122454167.64273037
3540,3541.0,30.0,494.0,10403904.717035187,9990.856341402978,400.95182281172964,819.0424919342794,2241.218965106551,371.60380301037594,196.95001559549925,1170.0607027632564,1272304.0755097177,6573.538026862609,1077.3533173171984,122454167.64273037
3541,3542.0,30.0,494.0,12028050.811838562,0.0,400.95182281172964,819.0424919342794,2243.88376799197,372.0456388603808,197.18418859600183,1170.0607027632564,1272304.0755097177,6573.538026862609,1077.3533173171984,122454167.64273037
3542,3543.0,30.0,494.0,12721445.299040848,0.0,450.3518228117298,911.2467320467763,2502.4258812144953,414.9130400414439,219.90391122196527,1301.781045781109,1272304.0755097177,6573.538026862609,1077.3533173171984,122454167.64273037
3543,3544.0,30.0,494.0,12459720.3771819,0.0,499.7518228117298,1007.8584779569192,2767.7368281759486,458.90274314770556,243.21845386828397,1439.7978256527417,1272304.0755097177,6573.538026862609,1077.3533173171984,122454167.64273037
3544,3545.0,30.0,494.0,11581166.676199723,0.0,530.1904400000001,1070.2516245241004,2939.0781557101795,487.3118767111186,258.27529465689287,1528.9308921772863,1272304.0755097177,6573.538026862609,1077.3533173171984,122454167.64273037
3545,3546.0,30.0,494.0,10659959.597528966,0.0,530.1904400000001,1074.5660769877022,2950.926316179229,489.2763529883247,259.3164670838121,1535.0943956967176,1272304.0755097177,6573.538026862609,1077.3533173171984,122454167.64273037
3546,3547.0,30.0,494.0,9705689.696021201,4318.120524325423,530.1904400000001,1077.0707960464124,2960.1104336339536,490.7991194054415,260.12353328488405,1538.6725657805891,1272304.0755097177,6573.538026862609,1077.3533173171984,122454167.64273037
3547,3548.0,30.0,494.0,8731475.671054216,19011.326316440838,530.1904400000001,1077.0707960464124,2965.6504679281816,491.71768106523234,260.6103709645731,1538.6725657805891,1272304.0755097177,6573.538026862609,1077.3533173171984,122454167.64273037
3548,3549.0,30.0,494.0,7753929.820755228,35437.77307989707,530.1904400000001,1077.0707960464124,2966.575974964849,491.8711341369281,260.6917010925719,1538.6725657805891,1272304.0755097177,6573.538026862609,1077.3533173171984,122454167.64273037
3549,3550.0,30.0,494.0,6783045.387452729,48398.89987156708,530.1904400000001,1077.0707960464124,2964.725581354713,491.5643308690198,260.5290953605805,1538.6725657805891,1272304.0755097177,6573.538026862609,1077.3533173171984,122454167.64273037
3550,3551.0,30.0,494.0,5822136.349577911,56170.74981415948,530.1904400000001,1077.0707960464124,2961.954638180357,491.10489649980053,260.28559514489433,1538.6725657805891,1272304.0755097177,6573.538026862609,1077.3533173171984,122454167.64273037
3551,3552.0,30.0,494.0,4881118.0957238525,53595.262072016485,530.1904400000001,1077.0707960464124,2956.429420396813,490.18879148159766,259.8000594852468,1538.6725657805891,1272304.0755097177,6573.538026862609,1077.3533173171984,122454167.64273037
3552,3553.0,30.0,494.0,3966497.1338110995,37287.70155716594,530.1904400000001,1077.0707960464124,2949.0968393020057,488.97301780524793,259.1556994367814,1538.6725657805891,1272304.0755097177,6573.538026862609,1077.3533173171984,122454167.64273037
3553,3554.0,30.0,494.0,3094472.8252203614,0.0,530.1904400000001,1076.8415532060235,2937.264435601446,487.011154068443,258.1159116562748,1538.3450760086052,1272304.0755097177,6573.538026862609,1077.3533173171984,122454167.64273037
3554,3555.0,30.0,494.0,2271144.0516504105,20040.08324779384,530.1904400000001,1060.768858292264,2923.737898095672,484.7683956155805,256.9272496762577,1515.384083274663,1272304.0755097177,6573.538026862609,1077.3533173171984,122454167.64273037
3555,3556.0,30.0,494.0,1492831.2075873483,16662.536335111326,530.1904400000001,1060.768858292264,2911.233473232647,482.69510786195116,255.82840716683413,1515.384083274663,1272304.0755097177,6573.538026862609,1077.3533173171984,122454167.64273037
3556,3557.0,30.0,494.0,740056.2229593191,0.0,530.1904400000001,1060.768858292264,2904.1396233895825,481.51891686022003,255.20502593591664,1515.384083274663,1272304.0755097177,6573.538026862609,1077.3533173171984,122454167.64273037
3557,3558.0,30.0,494.0,0.0,0.0,530.1904400000001,1056.2423990503019,2900.6066340371626,480.93313193701783,254.89455992661945,1508.9177129290026,1272304.0755097177,6573.538026862609,1077.3533173171984,122454167.64273037
3558,3559.0,30.0,494.0,0.0,0.0,490.3768002744001,981.3846136326232,2695.0354609929077,446.8485418626529,236.82972718720603,1401.978019475176,1272304.0755097177,6573.538026862609,1077.3533173171984,122454167.64273037
3559,3560.0,30.0,494.0,910402.7531420756,56170.74981415948,440.97680027440015,878.3739335999869,2442.145807342331,404.9183429389331,214.60672175763455,1254.8199051428385,1272304.0755097177,6573.538026862609,1077.3533173171984,122454167.64273037
3560,3561.0,30.0,494.0,2477988.393570863,53899.264719401486,405.4988538289492,823.2626769934284,2259.5950053182446,374.65062999749824,198.56483389867407,1176.0895385620406,1272304.0755097177,6573.538026862609,1077.3533173171984,122454167.64273037
3561,3562.0,30.0,494.0,4052800.854084073,47868.33265049383,405.4988538289492,823.2626769934284,2257.587555294794,374.3177860966204,198.38842663120883,1176.0895385620406,1272304.0755097177,6573.538026862609,1077.3533173171984,122454167.64273037
3562,3563.0,30.0,494.0,5632423.348653299,39335.184148050845,405.49885382894917,823.2626769934284,2256.2514347236797,374.0962515240344,198.27101330773826,1176.0895385620406,1272304.0755097177,6573.538026862609,1077.3533173171984,122454167.64273037
3563,3564.0,30.0,494.0,7219249.15594182,27054.81738223508,405.49885382894917,823.2626769934284,2254.250514523874,373.76449029617385,198.09517985697215,1176.0895385620406,1272304.0755097177,6573.538026862609,1077.3533173171984,122454167.64273037
3564,3565.0,30.0,494.0,8810869.36394611,12280.366765816696,405.49885382894917,823.2626769934284,2252.9187365472712,373.54367574454994,197.97814814461148,1176.0895385620406,1272304.0755097177,6573.538026862609,1077.3533173171984,122454167.64273037
3565,3566.0,30.0,494.0,10397695.171234637,0.0,405.4988538289488,823.2626769934284,2254.2505145238724,373.76449029617356,198.095179856972,1176.0895385620406,1272304.0755097177,6573.538026862609,1077.3533173171984,122454167.64273037
3566,3567.0,30.0,494.0,11960455.067677714,0.0,405.49885382894877,823.3091305031203,2260.9354897587195,374.8728881185083,198.6826307028094,1176.1559007187434,1272304.0755097177,6573.538026862609,1077.3533173171984,122454167.64273037
3567,3568.0,30.0,494.0,12948376.522911834,0.0,435.3029200000001,881.4548920640206,2420.6128345389857,401.34808286688263,212.71448391944782,1259.2212743771722,1272304.0755097177,6573.538026862609,1077.3533173171984,122454167.64273037
3568,3569.0,30.0,494.0,12993743.74988648,0.0,484.70292000000006,976.7956512855695,2682.4334534999507,444.759074486704,235.72230947795313,1395.422358979385,1272304.0755097177,6573.538026862609,1077.3533173171984,122454167.64273037
3569,3570.0,30.0,494.0,12085194.538428599,0.0,534.10292,1073.2857149310494,2947.41024195343,488.69337266631425,259.00748751314654,1533.2653070443564,1272304.0755097177,6573.538026862609,1077.3533173171984,122454167.64273037
3570,3571.0,30.0,494.0,11137336.474058047,0.0,534.10292,1077.2618637492908,2958.329367762505,490.5038109766149,259.9670198176059,1538.9455196418442,1272304.0755097177,6573.538026862609,1077.3533173171984,122454167.64273037
3571,3572.0,30.0,494.0,10159790.62375906,14973.480227983082,534.10292,1077.3533173171984,2966.575974964849,491.87113413692816,260.6917010925719,1539.0761675959977,1272304.0755097177,6573.538026862609,1077.3533173171984,122454167.64273037
3572,3573.0,30.0,494.0,9182244.773460072,29946.96045596525,533.21372,1077.3533173171984,2966.575974964849,491.87113413692816,260.6917010925719,1539.0761675959977,1272304.0755097177,6573.538026862609,1077.3533173171984,122454167.64273037
3573,3574.0,30.0,494.0,8204698.923161084,44920.44068394974,533.21372,1077.3533173171984,2966.575974964849,491.87113413692816,260.6917010925719,1539.0761675959977,1272304.0755097177,6573.538026862609,1077.3533173171984,122454167.64273037
3574,3575.0,30.0,494.0,7234310.1594900265,56170.74981415948,533.8959241783205,1077.3533173171984,2964.587895345979,491.5415019329528,260.516996024465,1539.0761675959977,1272304.0755097177,6573.538026862609,1077.3533173171984,122454167.64273037
3575,3576.0,30.0,494.0,6290291.531093199,53703.11327717919,533.8959241783205,1077.3533173171984,2957.262857769804,490.326979004636,259.8732988724571,1539.0761675959977,1272304.0755097177,6573.538026862609,1077.3533173171984,122454167.64273037
3576,3577.0,30.0,494.0,5382303.966886892,32491.842103646137,533.8959241783205,1077.3533173171984,2947.254228827994,488.6675050149896,258.9937776579445,1539.0761675959977,1272304.0755097177,6573.538026862609,1077.3533173171984,122454167.64273037
3577,3578.0,30.0,494.0,4513325.169917178,0.0,533.8959241783205,1075.6009669580308,2936.418460151161,486.87088767793233,258.04157046930413,1536.572809940044,1272304.0755097177,6573.538026862609,1077.3533173171984,122454167.64273037
3578,3579.0,30.0,494.0,3679834.4293288635,10557.028963845223,533.8959241783205,1063.6406835614569,2926.560666711884,485.2364228673279,257.1753041196838,1519.4866908020813,1272304.0755097177,6573.538026862609,1077.3533173171984,122454167.64273037
3579,3580.0,30.0,494.0,2871992.6290133884,7771.283405493014,533.8959241783205,1063.6406835614569,2919.4359610805395,484.0551158423754,256.549211396459,1519.4866908020813,1272304.0755097177,6573.538026862609,1077.3533173171984,122454167.64273037
3580,3581.0,30.0,494.0,2073734.57473638,0.0,533.8959241783205,1063.6406835614569,2916.773809403187,483.6137195741408,256.31527137429464,1519.4866908020813,1272304.0755097177,6573.538026862609,1077.3533173171984,122454167.64273037
3581,3582.0,30.0,494.0,1582625.787424108,0.0,517.5965844871026,1031.0609964219607,2831.4545685796497,469.4674202372185,248.81773272572582,1472.944280602801,1272304.0755097177,6573.538026862609,1077.3533173171984,122454167.64273037
3582,3583.0,30.0,494.0,2001806.3194847535,56170.74981415948,468.19658448710265,928.0617903834454,2578.5964243093977,427.54244570510946,226.59749622370802,1325.8025576906364,1272304.0755097177,6573.538026862609,1077.3533173171984,122454167.64273037
3583,3584.0,30.0,494.0,3327005.3837953564,53503.65145524405,418.7965844871027,847.8573637435064,2326.924609795518,385.8141697803011,204.4815099835596,1211.2248053478663,1272304.0755097177,6573.538026862609,1077.3533173171984,122454167.64273037
3584,3585.0,30.0,494.0,4657181.9456040785,48247.220901881345,418.7965844871027,847.8573637435064,2325.541971601596,385.5849223845544,204.36000886381382,1211.2248053478663,1272304.0755097177,6573.538026862609,1077.3533173171984,122454167.64273037
3585,3586.0,30.0,494.0,5992329.518046116,40404.83267063741,418.7965844871027,847.8573637435064,2324.1611353145636,385.3559737527675,204.2386660889668,1211.2248053478663,1272304.0755097177,6573.538026862609,1077.3533173171984,122454167.64273037
3586,3587.0,30.0,494.0,7332441.626929298,29979.854685712606,418.7965844871027,847.8573637435064,2322.782097414246,385.1273233012802,204.11748134967854,1211.2248053478663,1272304.0755097177,6573.538026862609,1077.3533173171984,122454167.64273037
3587,3588.0,30.0,494.0,8675033.58016217,18264.842740083113,418.7965844871027,847.8573637435064,2322.0932517615547,385.0131097111703,204.05694814692026,1211.2248053478663,1272304.0755097177,6573.538026862609,1077.3533173171984,122454167.64273037
3588,3589.0,30.0,494.0,10017625.53339504,6549.830794453621,418.7965844871027,847.8573637435064,2322.0932517615547,385.0131097111703,204.05694814692026,1211.2248053478663,1272304.0755097177,6573.538026862609,1077.3533173171984,122454167.64273037
3589,3590.0,30.0,494.0,11350288.410585705,0.0,418.7965844871027,847.8573637435064,2324.851328439945,385.4704107596805,204.29931770263067,1211.2248053478663,1272304.0755097177,6573.538026862609,1077.3533173171984,122454167.64273037
3590,3591.0,30.0,494.0,12650502.23856856,0.0,418.7965844871039,849.866055024963,2333.864953219893,386.9649087535335,205.09140163937278,1214.0943643213757,1272304.0755097177,6573.538026862609,1077.3533173171984,122454167.64273037
3591,3592.0,30.0,494.0,12993743.74988648,0.0,468.1965844871039,946.6652252894908,2599.69059673793,431.03995077616196,228.45117391136586,1352.3788932707012,1272304.0755097177,6573.538026862609,1077.3533173171984,122454167.64273037
3592,3593.0,30.0,494.0,12993743.74988648,0.0,483.48200393999997,981.3846136326232,2695.0354609929077,446.84854186265284,236.829727187206,1401.978019475176,1272304.0755097177,6573.538026862609,1077.3533173171984,122454167.64273037
3593,3594.0,30.0,494.0,12147419.365768675,0.0,526.1720465163445,1066.9915812852985,2930.1255676922974,485.82749887654506,257.4885744045689,1524.2736875504265,1272304.0755097177,6573.538026862609,1077.3533173171984,122454167.64273037
3594,3595.0,30.0,494.0,11248489.783012686,0.0,526.1720465163445,1072.31267520944,2944.7381228695713,488.25032375894824,258.7726715922426,1531.8752502992,1272304.0755097177,6573.538026862609,1077.3533173171984,122454167.64273037
3595,3596.0,30.0,494.0,10299727.593818456,0.0,526.1720465163445,1077.3533173171984,2958.5805135468613,490.54545203446315,259.98908957826546,1539.0761675959977,1272304.0755097177,6573.538026862609,1077.3533173171984,122454167.64273037
3596,3597.0,30.0,494.0,9322181.743519468,14973.480227983082,525.5666,1077.3533173171984,2966.5759749648487,491.8711341369281,260.6917010925719,1539.0761675959977,1272304.0755097177,6573.538026862609,1077.3533173171984,122454167.64273037
3597,3598.0,30.0,494.0,8344635.8932204805,29946.960455967113,524.49956,1077.3533173171984,2966.575974964849,491.87113413692816,260.691701092572,1539.0761675959977,1272304.0755097177,6573.538026862609,1077.3533173171984,122454167.64273037
3598,3599.0,30.0,494.0,7367090.042921493,44920.4406839516,524.49956,1077.3533173171984,2966.575974964849,491.87113413692816,260.691701092572,1539.0761675959977,1272304.0755097177,6573.538026862609,1077.3533173171984,122454167.64273037
3599,3600.0,30.0,494.0,6396798.6340861255,53436.661465538666,524.49956,1077.3533173171984,2964.560852336065,491.5370180848838,260.3887024063064,1539.0761675959977,1272304.0755097177,6573.538026862609,1077.3533173171984,122454167.64273037
3600,3601.0,30.0,494.0,5442780.681284574,56170.74981415948,524.49956,1077.3533173171984,2960.0404478822275,490.78751546495073,260.1173831964239,1539.0761675959977,1272304.0755097177,6573.538026862609,1077.3533173171984,122454167.64273037
3601,3602.0,30.0,494.0,4525510.858052135,39788.180642533116,524.49956,1077.3533173171984,2949.8326341130296,489.09501576897605,259.2203583575573,1539.0761675959977,1272304.0755097177,6573.538026862609,1077.3533173171984,122454167.64273037
3602,3603.0,30.0,494.0,3671077.41969202,0.0,524.49956,1075.5484148386693,2932.3780827596065,486.20097562218314,257.6865170797571,1536.4977354838134,1272304.0755097177,6573.538026862609,1077.3533173171984,122454167.64273037
3603,3604.0,30.0,494.0,2885170.953619144,0.0,524.49956,1060.8802191967472,2913.3428126798176,483.0448454701956,256.0137680992037,1515.5431702810677,1272304.0755097177,6573.538026862609,1077.3533173171984,122454167.64273037
3604,3605.0,30.0,494.0,2131561.1137787485,0.0,524.49956,1057.6133675154542,2904.3715276152398,481.55736758437064,255.22540481971646,1510.8762393077918,1272304.0755097177,6573.538026862609,1077.3533173171984,122454167.64273037
3605,3606.0,30.0,494.0,1707675.8746438492,0.0,508.20496063258634,1024.2612347439167,2812.7813607526023,466.3713215735147,247.1768004339628,1463.2303353484526,1272304.0755097177,6573.538026862609,1077.3533173171984,122454167.64273037
3606,3607.0,30.0,494.0,2215389.6026674416,51852.30468561407,458.80496063258636,919.9462238658662,2554.0038698752433,423.46489375871266,224.43639369211772,1314.2088912369518,1272304.0755097177,6573.538026862609,1077.3533173171984,122454167.64273037
3607,3608.0,30.0,494.0,3650412.4314315487,56170.74981415948,409.4049606325864,835.390226835075,2296.4180085584335,380.7560432816781,201.8007029392894,1193.414609764393,1272304.0755097177,6573.538026862609,1077.3533173171984,122454167.64273037
3608,3609.0,30.0,494.0,5100254.381464691,52780.174936166964,409.4049606325864,835.390226835075,2292.301585983701,380.07352260548197,201.43896698090546,1193.414609764393,1272304.0755097177,6573.538026862609,1077.3533173171984,122454167.64273037
3609,3610.0,30.0,494.0,6557484.022676511,45546.46671277564,409.4049606325864,835.390226835075,2290.24944954518,379.73326950361053,201.2586328369136,1193.414609764393,1272304.0755097177,6573.538026862609,1077.3533173171984,122454167.64273037
3610,3611.0,30.0,494.0,8022086.832749477,34477.179764419794,409.4049606325864,835.390226835075,2288.2013470837505,379.3936852525974,201.0786531838766,1193.414609764393,1272304.0755097177,6573.538026862609,1077.3533173171984,122454167.64273037
3611,3612.0,30.0,494.0,9489144.145993184,22131.041530089453,409.4049606325864,835.390226835075,2287.5195406474336,379.28063879502366,201.01873856136254,1193.414609764393,1272304.0755097177,6573.538026862609,1077.3533173171984,122454167.64273037
3612,3613.0,30.0,494.0,10961105.645388488,7233.708223391324,409.4049606325864,835.390226835075,2286.157266716435,379.05476788219346,200.89902697756256,1193.414609764393,1272304.0755097177,6573.538026862609,1077.3533173171984,122454167.64273037
3613,3614.0,30.0,494.0,12418335.286600307,0.0,409.40496063258644,835.390226835075,2290.2494495451806,379.7332695036106,201.25863283691362,1193.414609764393,1272304.0755097177,6573.538026862609,1077.3533173171984,122454167.64273037
3614,3615.0,30.0,494.0,12934399.208203617,0.0,458.80496063258636,929.1839819688445,2551.684371658654,423.0803109170628,224.23256478604327,1327.4056885269208,1272304.0755097177,6573.538026862609,1077.3533173171984,122454167.64273037
3615,3616.0,30.0,494.0,12993743.74988648,0.0,480.91649832719975,975.3818251563072,2678.5508660810015,444.1153246912291,235.38112208635144,1393.4026073661532,1272304.0755097177,6573.538026862609,1077.3533173171984,122454167.64273037
3616,3617.0,30.0,494.0,12993743.74988648,0.0,480.91649832719975,981.3846136326231,2695.0354609929072,446.8485418626528,236.82972718720598,1401.9780194751759,1272304.0755097177,6573.538026862609,1077.3533173171984,122454167.64273037
3617,3618.0,30.0,494.0,12079502.580895567,0.0,526.98932,1073.8614648840871,2948.991341268161,488.9555257747068,259.1464286605946,1534.0878069772675,1272304.0755097177,6573.538026862609,1077.3533173171984,122454167.64273037
3618,3619.0,30.0,494.0,11125373.73255171,10602.447823567023,526.98932,1075.8345757791096,2960.0712521995347,490.7926229540621,260.1200901656529,1536.9065368272995,1272304.0755097177,6573.538026862609,1077.3533173171984,122454167.64273037
3619,3620.0,30.0,494.0,10147827.882252725,33386.59881886359,526.98932,1075.8345757791096,2966.5759749648482,491.87113413692805,260.69170109257186,1536.9065368272995,1272304.0755097177,6573.538026862609,1077.3533173171984,122454167.64273037
3620,3621.0,30.0,494.0,9170282.031953739,56170.74981415948,526.98932,1075.8345757791096,2966.5759749648482,491.87113413692805,260.69170109257186,1536.9065368272995,1272304.0755097177,6573.538026862609,1077.3533173171984,122454167.64273037
3621,3622.0,30.0,494.0,8931796.999065183,0.0,488.45087408268506,1016.4298189342419,2761.281303461951,457.8323892146461,242.65116628376245,1452.0425984774886,1272304.0755097177,6573.538026862609,1077.3533173171984,122454167.64273037
3622,3623.0,30.0,494.0,8711872.023830984,0.0,488.4508740826851,1003.6303513121711,2756.1257318912967,456.97757313813827,242.19811376321329,1433.757644731673,1272304.0755097177,6573.538026862609,1077.3533173171984,122454167.64273037
3623,3624.0,30.0,494.0,8516577.582096012,0.0,488.4508740826851,1001.1389362896269,2749.2839170303996,455.8431706271006,241.59688043236335,1430.1984804137528,1272304.0755097177,6573.538026862609,1077.3533173171984,122454167.64273037
3624,3625.0,30.0,494.0,8354935.079486284,0.0,488.4508740826851,997.7349926975401,2739.9361561622763,454.2932714238958,240.77543385466478,1425.3357038536287,1272304.0755097177,6573.538026862609,1077.3533173171984,122454167.64273037
3625,3626.0,30.0,494.0,8238784.84250685,32348.7831156631,488.4508740826851,986.8433413434938,2727.299415709417,452.1980451728926,239.6649639416331,1409.776201919277,1272304.0755097177,6573.538026862609,1077.3533173171984,122454167.64273037
3626,3627.0,30.0,494.0,8179610.745955581,35058.143050827086,488.4508740826851,986.8433413434938,2711.472710034927,449.573908883966,238.274171708502,1409.776201919277,1272304.0755097177,6573.538026862609,1077.3533173171984,122454167.64273037
3627,3628.0,30.0,494.0,8161963.380096279,47998.56546084117,488.4508740826851,980.6534776368824,2699.9375070649357,447.6613223143884,237.26050082662587,1400.9335394812606,1272304.0755097177,6573.538026862609,1077.3533173171984,122454167.64273037
3628,3629.0,30.0,494.0,8159054.456536248,53271.93768023234,488.4508740826851,980.6534776368824,2695.843495315126,446.98251744994445,236.90073424847057,1400.9335394812606,1272304.0755097177,6573.538026862609,1077.3533173171984,122454167.64273037
3629,3630.0,30.0,494.0,8162027.367435651,55485.5347146187,488.4508740826851,980.6534776368824,2694.2096524097406,446.71161922598003,236.75715818976943,1400.9335394812606,1272304.0755097177,6573.538026862609,1077.3533173171984,122454167.64273037
3630,3631.0,30.0,494.0,8167938.301224951,56170.74981415948,488.4508740826851,980.6534776368824,2693.3935349403246,446.5763034179042,236.68544081148926,1400.9335394812606,1272304.0755097177,6573.538026862609,1077.3533173171984,122454167.64273037
3631,3632.0,30.0,494.0,8176785.330875449,55328.585433892906,488.4508740826851,980.6534776368824,2692.577952756658,446.4410763625221,236.61377047213674,1400.9335394812606,1272304.0755097177,6573.538026862609,1077.3533173171984,122454167.64273037
3632,3633.0,30.0,494.0,8188566.531253722,52960.04304292705,488.4508740826851,980.6534776368824,2691.7629053322767,446.3059379725435,236.54214712544808,1400.9335394812606,1272304.0755097177,6573.538026862609,1077.3533173171984,122454167.64273037
3633,3634.0,30.0,494.0,8209138.71193013,46018.36559454817,488.4508740826851,980.6534776368824,2689.320966360572,445.9010539238484,236.32755857963966,1400.9335394812606,1272304.0755097177,6573.538026862609,1077.3533173171984,122454167.64273037
3634,3635.0,30.0,494.0,8235561.9551063925,36032.92076941393,488.4508740826851,980.6534776368824,2687.695671221724,445.6315729565652,236.18473366697958,1400.9335394812606,1272304.0755097177,6573.538026862609,1077.3533173171984,122454167.64273037
3635,3636.0,30.0,494.0,8267828.605524562,23007.690891142935,488.4508740826851,980.6534776368824,2686.0725025434162,445.3624445656417,236.0420956197901,1400.9335394812606,1272304.0755097177,6573.538026862609,1077.3533173171984,122454167.64273037
3636,3637.0,30.0,494.0,8303014.09353531,8464.059416144155,488.4508740826859,980.6534776368824,2685.261714323256,445.22801237015415,235.9708465561817,1400.9335394812606,1272304.0755097177,6573.538026862609,1077.3533173171984,122454167.64273037
3637,3638.0,30.0,494.0,8326512.763308771,0.0,488.4508740826859,980.6534776368824,2688.508052722502,445.76626932487386,236.25612274218315,1400.9335394812606,1272304.0755097177,6573.538026862609,1077.3533173171984,122454167.64273037
3638,3639.0,30.0,494.0,7540583.255902141,0.0,530.6051674265007,1060.8825498618567,2913.349213050305,483.04590667931905,256.0143305400391,1515.5464998026523,1272304.0755097177,6573.538026862609,1077.3533173171984,122454167.64273037
3639,3640.0,30.0,494.0,6699894.542452373,0.0,530.6051674265007,1066.4215248322014,2928.560103617843,485.5679381586499,257.35100722408447,1523.4593211888593,1272304.0755097177,6573.538026862609,1077.3533173171984,122454167.64273037
3640,3641.0,30.0,494.0,5800550.692956489,0.0,530.6051674265007,1072.354578905076,2944.853196963986,488.26940354177106,258.7827838771387,1531.9351127215375,1272304.0755097177,6573.538026862609,1077.3533173171984,122454167.64273037
3641,3642.0,30.0,494.0,4851788.503762256,0.0,530.6051674265007,1077.3533173171984,2958.580513546861,490.5454520344631,259.98908957826546,1539.0761675959977,1272304.0755097177,6573.538026862609,1077.3533173171984,122454167.64273037
3642,3643.0,30.0,494.0,3874242.6534632705,14973.480227981912,529.8347600000001,1077.3533173171984,2966.5759749648482,491.87113413692805,260.69170109257186,1539.0761675959977,1272304.0755097177,6573.538026862609,1077.3533173171984,122454167.64273037
3643,3644.0,30.0,494.0,2896696.8031642847,29946.960455963388,528.41204,1077.3533173171984,2966.5759749648482,491.8711341369281,260.69170109257186,1539.0761675959977,1272304.0755097177,6573.538026862609,1077.3533173171984,122454167.64273037
3644,3645.0,30.0,494.0,1919150.952865297,44920.44068394601,527.3449999999999,1077.3533173171984,2966.575974964849,491.8711341369282,260.6917010925719,1539.0761675959977,1272304.0755097177,6573.538026862609,1077.3533173171984,122454167.64273037
3645,3646.0,30.0,494.0,948762.1891942319,56170.74981415948,526.9651599204442,1077.3533173171984,2964.587895345981,491.5415019329531,260.5169960244652,1539.0761675959977,1272304.0755097177,6573.538026862609,1077.3533173171984,122454167.64273037
3646,3647.0,30.0,494.0,0.0,56170.74981415948,526.5266961891571,1077.3533173171984,2958.5805135468613,490.54545203446315,259.98908957826546,1539.0761675959977,1272304.0755097177,6573.538026862609,1077.3533173171984,122454167.64273037
3647,3648.0,30.0,494.0,0.0,0.0,477.3889281095999,992.3067038742652,2695.0354609929077,446.8485418626529,236.82972718720603,1417.5810055346647,1272304.0755097177,6573.538026862609,1077.3533173171984,122454167.64273037
3648,3649.0,30.0,494.0,626391.0484082036,10103.088339678943,445.8002393372473,916.05973993461,2521.0379475461846,417.99900118063505,221.53947062573658,1308.6567713351571,1272304.0755097177,6573.538026862609,1077.3533173171984,122454167.64273037
3649,3650.0,30.0,494.0,1291624.6192564834,0.0,445.8002393372473,916.05973993461,2510.2483579794966,416.2100405398742,220.59132148613335,1308.6567713351571,1272304.0755097177,6573.538026862609,1077.3533173171984,122454167.64273037
3650,3651.0,30.0,494.0,1998075.317071937,32070.921149774455,445.80023933724743,903.6900645181331,2498.7991560441706,414.3117133140029,219.58520805642152,1290.985806454476,1272304.0755097177,6573.538026862609,1077.3533173171984,122454167.64273037
3651,3652.0,30.0,494.0,2737205.9183317926,47141.507064353675,445.80023933724743,903.6900645181331,2489.721405087392,412.8065829225333,218.78748894894267,1290.985806454476,1272304.0755097177,6573.538026862609,1077.3533173171984,122454167.64273037
3652,3653.0,30.0,494.0,3492579.6029926594,53762.31700146478,445.80023933724743,903.6900645181331,2485.209437476,412.05847916758705,218.39099395882116,1290.985806454476,1272304.0755097177,6573.538026862609,1077.3533173171984,122454167.64273037
3653,3654.0,30.0,494.0,4256050.779602528,56170.74981415948,445.80023933724743,903.6900645181331,2482.960134156833,411.6855349436894,218.1933335201554,1290.985806454476,1272304.0755097177,6573.538026862609,1077.3533173171984,122454167.64273037
3654,3655.0,30.0,494.0,5027603.478235165,55185.86557778902,445.80023933724743,903.5324182185572,2480.7152669282855,411.3133262428131,217.99606290869096,1290.7605974550818,1272304.0755097177,6573.538026862609,1077.3533173171984,122454167.64273037
3655,3656.0,30.0,494.0,5807221.776161786,50005.19501959719,445.80023933724743,903.5324182185572,2478.474822679957,410.941850891197,217.79918097233443,1290.7605974550818,1272304.0755097177,6573.538026862609,1077.3533173171984,122454167.64273037
3656,3657.0,30.0,494.0,6592208.317547204,42031.92323542759,445.80023933724743,903.5324182185572,2476.9836439414025,410.69460700345456,217.66814171183094,1290.7605974550818,1272304.0755097177,6573.538026862609,1077.3533173171984,122454167.64273037
3657,3658.0,30.0,494.0,7385234.024724282,29876.61603912525,445.80023933724743,903.5324182185572,2474.7505423326083,410.32434909324763,217.47190501942126,1290.7605974550818,1272304.0755097177,6573.538026862609,1077.3533173171984,122454167.64273037
3658,3659.0,30.0,494.0,8180935.940914206,16329.124485385604,445.80023933724743,903.5324182185572,2474.007150940151,410.2010915834446,217.40657853922565,1290.7605974550818,1272304.0755097177,6573.538026862609,1077.3533173171984,122454167.64273037
3659,3660.0,30.0,494.0,8981985.016108137,0.0,445.80023933724743,903.5324182185572,2472.5218289945938,409.95481877732567,217.27605395198262,1290.7605974550818,1272304.0755097177,6573.538026862609,1077.3533173171984,122454167.64273037
3660,3661.0,30.0,494.0,8879048.515957497,0.0,495.20023933724747,991.7967934114927,2723.6289332569745,451.58946329872225,239.3424155483228,1416.8525620164182,1272304.0755097177,6573.538026862609,1077.3533173171984,122454167.64273037
3661,3662.0,30.0,494.0,8185188.419087168,0.0,526.4558000000001,1051.5695923274973,2887.7743767902216,478.8054881554812,253.76690872240505,1502.2422747535677,1272304.0755097177,6573.538026862609,1077.3533173171984,122454167.64273037
3662,3663.0,30.0,494.0,7446776.385199709,23176.257725397125,526.4558000000001,1051.5695923274973,2900.149914850535,480.85740591947956,254.85442513732417,1502.2422747535677,1272304.0755097177,6573.538026862609,1077.3533173171984,122454167.64273037
3663,3664.0,30.0,494.0,6647239.061818065,0.0,526.4558000000001,1066.7654952035248,2917.1291619322533,483.6726385612038,256.346498437438,1523.9507074336068,1272304.0755097177,6573.538026862609,1077.3533173171984,122454167.64273037
3664,3665.0,30.0,494.0,5779239.391224733,0.0,526.4558000000001,1069.184068684923,2936.146480602167,486.82579229175155,258.01766991462836,1527.405812407033,1272304.0755097177,6573.538026862609,1077.3533173171984,122454167.64273037
3665,3666.0,30.0,494.0,4851788.503762258,0.0,526.4558000000001,1075.1976475146691,2952.6607075102615,489.5639225763722,259.4688789654773,1535.9966393066704,1272304.0755097177,6573.538026862609,1077.3533173171984,122454167.64273037
3666,3667.0,30.0,494.0,3874242.6534632705,14973.480227983082,526.4558000000001,1077.3533173171984,2966.5759749648487,491.8711341369281,260.6917010925719,1539.0761675959977,1272304.0755097177,6573.538026862609,1077.3533173171984,122454167.64273037
3667,3668.0,30.0,494.0,2896696.803164283,29946.96045596525,525.03308,1077.3533173171984,2966.5759749648487,491.8711341369281,260.6917010925719,1539.0761675959977,1272304.0755097177,6573.538026862609,1077.3533173171984,122454167.64273037
3668,3669.0,30.0,494.0,1919150.952865295,44920.44068394974,524.6774,1077.3533173171984,2966.575974964849,491.8711341369281,260.6917010925719,1539.0761675959977,1272304.0755097177,6573.538026862609,1077.3533173171984,122454167.64273037
3669,3670.0,30.0,494.0,951698.7301165219,54643.1388101764,524.6774,1077.3533173171984,2963.772189534234,491.4062543795002,260.44531482113507,1539.0761675959977,1272304.0755097177,6573.538026862609,1077.3533173171984,122454167.64273037
3670,3671.0,30.0,494.0,0.0,56170.74981415948,524.5542254543859,1077.3533173171984,2959.396219358608,490.6806995879161,260.0607707815955,1539.0761675959977,1272304.0755097177,6573.538026862609,1077.3533173171984,122454167.64273037
3671,3672.0,30.0,494.0,2831.6315558055785,0.0,475.15422545438594,992.0202801394051,2694.2488966718506,446.71812609446255,236.76060683006517,1417.171828770579,1272304.0755097177,6573.538026862609,1077.3533173171984,122454167.64273037
3672,3673.0,30.0,494.0,534801.9446818391,0.0,448.740361675488,927.5750268564669,2547.2659295690096,422.34771409834235,223.84428847212146,1325.1071812235243,1272304.0755097177,6573.538026862609,1077.3533173171984,122454167.64273037
3673,3674.0,30.0,494.0,1109043.811371919,12328.395837871823,448.74036167548803,920.9020083902167,2535.5238313567743,420.40082340228736,222.8124364032123,1315.5742977003097,1272304.0755097177,6573.538026862609,1077.3533173171984,122454167.64273037
3674,3675.0,30.0,494.0,1730683.6593408494,0.0,448.74036167548803,920.9020083902167,2522.3577254459824,418.21782606759587,221.65544781582582,1315.5742977003097,1272304.0755097177,6573.538026862609,1077.3533173171984,122454167.64273037
3675,3676.0,30.0,494.0,2393702.4451266797,24476.692228426225,448.74036167548803,909.5599225095057,2510.863576052399,416.31204635864094,220.6453845700797,1299.3713178707226,1272304.0755097177,6573.538026862609,1077.3533173171984,122454167.64273037
3676,3677.0,30.0,494.0,3075891.1626047827,38981.039656052366,448.74036167548803,909.5599225095057,2505.5385950267682,415.4291414613997,220.17744497454186,1299.3713178707226,1272304.0755097177,6573.538026862609,1077.3533173171984,122454167.64273037
3677,3678.0,30.0,494.0,3766268.4709896436,49225.61958602816,448.74036167548803,909.5599225095057,2503.263986441557,415.05200151488657,219.97756080288988,1299.3713178707226,1272304.0755097177,6573.538026862609,1077.3533173171984,122454167.64273037
3678,3679.0,30.0,494.0,4467538.729352805,53803.60378549993,448.74036167548803,909.5599225095057,2500.2381670031405,414.5503075581407,219.71166300581456,1299.3713178707226,1272304.0755097177,6573.538026862609,1077.3533173171984,122454167.64273037
3679,3680.0,30.0,494.0,5176959.88389148,56170.74981415948,448.74036167548803,909.1653324628583,2497.974029176608,414.1749037087273,219.51269896562548,1298.8076178040833,1272304.0755097177,6573.538026862609,1077.3533173171984,122454167.64273037
3680,3681.0,30.0,494.0,5894515.859355286,54306.09990007337,448.74036167548803,909.1653324628583,2495.7143566974064,413.8002402332247,219.3141273236091,1298.8076178040833,1272304.0755097177,6573.538026862609,1077.3533173171984,122454167.64273037
3681,3682.0,30.0,494.0,6617486.141543312,49624.886297706515,448.74036167548803,909.1653324628583,2494.210382607345,413.5508748208321,219.18196365504105,1298.8076178040833,1272304.0755097177,6573.538026862609,1077.3533173171984,122454167.64273037
3682,3683.0,30.0,494.0,7348564.558055008,40725.75932638161,448.74036167548803,909.1653324628583,2491.958123072992,413.177440443664,218.98404343514193,1298.8076178040833,1272304.0755097177,6573.538026862609,1077.3533173171984,122454167.64273037
3683,3684.0,30.0,494.0,8085039.53400135,29019.300942292437,448.74036167548803,909.1653324628583,2490.4590787855905,412.92889241388554,218.85231297935934,1298.8076178040833,1272304.0755097177,6573.538026862609,1077.3533173171984,122454167.64273037
3684,3685.0,30.0,494.0,8829596.088774515,13108.74356141314,448.74036167548803,909.1653324628583,2488.2141957781387,412.5566810967986,218.65504098130327,1298.8076178040833,1272304.0755097177,6573.538026862609,1077.3533173171984,122454167.64273037
3685,3686.0,30.0,494.0,9568766.690634253,0.0,448.74036167548803,909.1653324628583,2489.7102938096473,412.8047406246005,218.78651253103828,1298.8076178040833,1272304.0755097177,6573.538026862609,1077.3533173171984,122454167.64273037
3686,3687.0,30.0,494.0,9376060.402098171,0.0,498.14036167548807,1000.8771407519637,2748.5649855862634,455.72396868257664,241.53370340176562,1429.8244867885196,1272304.0755097177,6573.538026862609,1077.3533173171984,122454167.64273037
3687,3688.0,30.0,494.0,8529178.271290978,0.0,531.2915174853192,1067.0479981907938,2930.280497328239,485.85318688062296,257.50218904673017,1524.3542831297054,1272304.0755097177,6573.538026862609,1077.3533173171984,122454167.64273037
3688,3689.0,30.0,494.0,7643271.815760478,0.0,531.2915174853192,1070.9953665603555,2941.120587529157,487.6505207450743,258.45477599488936,1529.9933808005078,1272304.0755097177,6573.538026862609,1077.3533173171984,122454167.64273037
3689,3690.0,30.0,494.0,6711442.570092786,0.0,531.2915174853202,1075.6405249459233,2953.876918122822,489.76557555893453,259.5757550462353,1536.629321351319,1272304.0755097177,6573.538026862609,1077.3533173171984,122454167.64273037
3690,3691.0,30.0,494.0,5746548.150351596,8392.109476588666,531.2915174853202,1077.3533173171984,2963.061688698794,491.2884502663805,260.38287864118166,1539.0761675959977,1272304.0755097177,6573.538026862609,1077.3533173171984,122454167.64273037
3691,3692.0,30.0,494.0,4769002.300052608,23365.58970456943,530.54612,1077.3533173171984,2966.5759749648487,491.87113413692805,260.6917010925719,1539.0761675959977,1272304.0755097177,6573.538026862609,1077.3533173171984,122454167.64273037
3692,3693.0,30.0,494.0,3791456.4497536207,38339.069932552986,530.1904400000001,1077.3533173171984,2966.575974964849,491.8711341369281,260.6917010925719,1539.0761675959977,1272304.0755097177,6573.538026862609,1077.3533173171984,122454167.64273037
3693,3694.0,30.0,494.0,2817242.4247866357,51579.30918919854,530.1904400000001,1077.3533173171984,2965.6504679281816,491.71768106523234,260.6103709645731,1539.0761675959977,1272304.0755097177,6573.538026862609,1077.3533173171984,122454167.64273037
3694,3695.0,30.0,494.0,1859654.0663305307,56170.74981415948,530.1904400000001,1077.3533173171984,2961.0322272307144,490.9519567727313,260.2045370895476,1539.0761675959977,1272304.0755097177,6573.538026862609,1077.3533173171984,122454167.64273037
3695,3696.0,30.0,494.0,918635.812476472,52142.295536545105,530.1904400000001,1077.3533173171984,2956.429420396813,490.18879148159766,259.8000594852468,1539.0761675959977,1272304.0755097177,6573.538026862609,1077.3533173171984,122454167.64273037
3696,3697.0,30.0,494.0,722.8901351643726,36094.27143047657,530.1904400000001,1077.3533173171984,2950.011272754382,489.12463482874864,259.2360564592368,1539.0761675959977,1272304.0755097177,6573.538026862609,1077.3533173171984,122454167.64273037
3697,3698.0,30.0,494.0,0.0,0.0,482.398516716119,988.476065598707,2695.2362638082313,446.8818358383827,236.84737299434283,1412.10866514101,1272304.0755097177,6573.538026862609,1077.3533173171984,122454167.64273037
3698,3699.0,30.0,494.0,34874.917799577954,16811.664979696274,482.39851671611893,974.5880290751975,2685.3479838263584,445.2423162270891,235.97842760035724,1392.2686129645679,1272304.0755097177,6573.538026862609,1077.3533173171984,122454167.64273037
3699,3700.0,30.0,494.0,107996.2841362916,13727.23547449056,482.39851671611893,974.5880290751975,2674.7239703438167,443.48080881758955,235.04482867332248,1392.2686129645679,1272304.0755097177,6573.538026862609,1077.3533173171984,122454167.64273037
3700,3701.0,30.0,494.0,201576.4159409888,0.0,482.3985167161194,974.5880290751975,2669.0409799360473,442.53854441554876,234.54542854024086,1392.2686129645679,1272304.0755097177,6573.538026862609,1077.3533173171984,122454167.64273037
3701,3702.0,30.0,494.0,306805.02835370414,55508.19793089107,482.3985167161194,959.9473225874785,2665.8052908782643,442.0020531677273,234.26108817889548,1371.3533179821122,1272304.0755097177,6573.538026862609,1077.3533173171984,122454167.64273037
3702,3703.0,30.0,494.0,1329119.9069027863,56170.74981415948,432.99851671611935,877.847116712701,2411.0591058403847,399.76403330608446,211.87493765222476,1254.067309589573,1272304.0755097177,6573.538026862609,1077.3533173171984,122454167.64273037
3703,3704.0,30.0,494.0,2359237.9766028263,52774.02209471166,432.99851671611935,877.847116712701,2408.8915527428967,399.4046436227051,211.68446112003372,1254.067309589573,1272304.0755097177,6573.538026862609,1077.3533173171984,122454167.64273037
3704,3705.0,30.0,494.0,3394549.654814206,46675.539582035504,432.99851671611935,877.847116712701,2407.448883711969,399.1654428544069,211.55768471283565,1254.067309589573,1272304.0755097177,6573.538026862609,1077.3533173171984,122454167.64273037
3705,3706.0,30.0,494.0,4435048.142013097,37878.839440331794,432.99851671611935,877.847116712701,2406.0081034376603,398.92655525012947,211.43107428256863,1254.067309589573,1272304.0755097177,6573.538026862609,1077.3533173171984,122454167.64273037
3706,3707.0,30.0,494.0,5478137.48805576,27734.3547506677,432.99851671611935,877.847116712701,2405.2884204255015,398.807228692375,211.36783120695878,1254.067309589573,1272304.0755097177,6573.538026862609,1077.3533173171984,122454167.64273037
3707,3708.0,30.0,494.0,6521226.834098436,17589.87006100081,432.99851671611935,877.847116712701,2405.2884204255015,398.807228692375,211.36783120695878,1254.067309589573,1272304.0755097177,6573.538026862609,1077.3533173171984,122454167.64273037
3708,3709.0,30.0,494.0,7566905.344105283,6098.482512676157,432.99851671611935,877.847116712701,2404.5692082132277,398.68798019527884,211.3046295034978,1254.067309589573,1272304.0755097177,6573.538026862609,1077.3533173171984,122454167.64273037
3709,3710.0,30.0,494.0,8602217.022316663,0.0,432.99851671611935,877.847116712701,2407.448883711969,399.1654428544069,211.55768471283565,1254.067309589573,1272304.0755097177,6573.538026862609,1077.3533173171984,122454167.64273037
3710,3711.0,30.0,494.0,8701625.22329356,0.0,482.3985167161192,971.3293265522316,2667.4220718326583,442.27012244638377,234.4031648965834,1387.6133236460453,1272304.0755097177,6573.538026862609,1077.3533173171984,122454167.64273037
3711,3712.0,30.0,494.0,7921147.4647921715,0.0,527.3449999999999,1060.3310973680614,2911.8348383544044,482.7948168014711,255.8812529047797,1514.7587105258021,1272304.0755097177,6573.538026862609,1077.3533173171984,122454167.64273037
3712,3713.0,30.0,494.0,7082374.961691404,0.0,527.3449999999999,1066.2276973111695,2928.027822965343,485.47968372308725,257.30423237323623,1523.1824247302422,1272304.0755097177,6573.538026862609,1077.3533173171984,122454167.64273037
3713,3714.0,30.0,494.0,6191195.929861484,0.0,527.3449999999999,1071.528695479126,2942.5851920567743,487.8933585136467,258.58348001223277,1530.7552792558945,1272304.0755097177,6573.538026862609,1077.3533173171984,122454167.64273037
3714,3715.0,30.0,494.0,5260342.6042061,0.0,527.3449999999999,1075.5418091881206,2953.6058292305142,489.7206278474866,259.5519327591679,1536.4882988401725,1272304.0755097177,6573.538026862609,1077.3533173171984,122454167.64273037
3715,3716.0,30.0,494.0,4296182.404413022,8010.1626548822815,527.3449999999999,1077.3533173171984,2962.8577387132073,491.2546344762021,260.36495627238713,1539.0761675959977,1272304.0755097177,6573.538026862609,1077.3533173171984,122454167.64273037
3716,3717.0,30.0,494.0,3318636.5541140344,22983.642882864195,527.3449999999999,1077.3533173171984,2966.575974964849,491.8711341369282,260.6917010925719,1539.0761675959977,1272304.0755097177,6573.538026862609,1077.3533173171984,122454167.64273037
3717,3718.0,30.0,494.0,2341090.7038150467,37957.123110844754,527.16716,1077.3533173171984,2966.575974964849,491.87113413692816,260.6917010925719,1539.0761675959977,1272304.0755097177,6573.538026862609,1077.3533173171984,122454167.64273037
3718,3719.0,30.0,494.0,1366895.780272914,51187.4256604705,527.16716,1077.3533173171984,2965.645161976833,491.71680131553796,260.6099046972351,1539.0761675959977,1272304.0755097177,6573.538026862609,1077.3533173171984,122454167.64273037
3719,3720.0,30.0,494.0,408554.10044383816,56170.74981415948,526.6807910463572,1077.3533173171984,2961.241483167651,490.9866523126044,260.22292572568034,1539.0761675959977,1272304.0755097177,6573.538026862609,1077.3533173171984,122454167.64273037
3720,3721.0,30.0,494.0,251818.4450770244,0.0,484.9251008472,1008.1607480573289,2738.5731430392448,454.06727794982777,240.65565731340874,1440.2296400818984,1272304.0755097177,6573.538026862609,1077.3533173171984,122454167.64273037
3721,3722.0,30.0,494.0,116500.50699757971,0.0,484.9251008472,995.0722239217547,2732.6237771260867,453.08084733628675,240.13284908823198,1421.5317484596496,1272304.0755097177,6573.538026862609,1077.3533173171984,122454167.64273037
3722,3723.0,30.0,494.0,26740.470070518553,0.0,484.9251008472,990.4639745986051,2719.968804583758,450.98259812595234,239.02077700675474,1414.9485351408646,1272304.0755097177,6573.538026862609,1077.3533173171984,122454167.64273037
3723,3724.0,30.0,494.0,0.0,12349.673020774499,484.9251008472,981.6881265615367,2702.4633693458295,448.0801212109148,237.48246424178487,1402.411609373624,1272304.0755097177,6573.538026862609,1077.3533173171984,122454167.64273037
3724,3725.0,30.0,494.0,0.0,10788.749386361946,484.9251008472,981.6881265615368,2695.0354609929077,446.8485418626529,236.82972718720603,1402.411609373624,1272304.0755097177,6573.538026862609,1077.3533173171984,122454167.64273037
3725,3726.0,30.0,494.0,17738.735760407522,0.0,484.9251008472,981.6881265615368,2690.1080343927947,446.0315532095297,236.39672320105078,1402.411609373624,1272304.0755097177,6573.538026862609,1077.3533173171984,122454167.64273037
3726,3727.0,30.0,494.0,959552.6284871083,51735.06035444187,435.52510084719995,876.0591453801749,2433.420490791046,403.47164769701027,213.83997327941546,1251.5130648288214,1272304.0755097177,6573.538026862609,1077.3533173171984,122454167.64273037
3727,3728.0,30.0,494.0,2726909.558591809,56170.74981415948,391.4499725486563,801.751341692177,2204.1029804082686,365.44981213260337,193.68840043027978,1145.359059560253,1272304.0755097177,6573.538026862609,1077.3533173171984,122454167.64273037
3728,3729.0,30.0,494.0,4506070.280719566,54466.01655874029,391.44997254865626,801.751341692177,2200.824149290753,364.9061677445863,193.40026890463074,1145.359059560253,1272304.0755097177,6573.538026862609,1077.3533173171984,122454167.64273037
3729,3730.0,30.0,494.0,6296996.110119649,46640.98469081381,391.44997254865626,801.751341692177,2197.556063937329,364.36430505075657,193.113081676901,1145.359059560253,1272304.0755097177,6573.538026862609,1077.3533173171984,122454167.64273037
3730,3731.0,30.0,494.0,8097306.299946152,33934.13689315505,391.44997254865626,801.751341692177,2194.9492971522122,363.9320918373259,192.88400867378274,1145.359059560253,1272304.0755097177,6573.538026862609,1077.3533173171984,122454167.64273037
3731,3732.0,30.0,494.0,9902299.461440446,18791.171486249194,391.44997254865615,801.751341692177,2193.6484716889368,363.7164093463548,192.76969695356806,1145.359059560253,1272304.0755097177,6573.538026862609,1077.3533173171984,122454167.64273037
3732,3733.0,30.0,494.0,11714305.60360654,0.0,391.44997254865615,801.751341692177,2191.700421502331,363.3934141954712,192.59850952359974,1145.359059560253,1272304.0755097177,6573.538026862609,1077.3533173171984,122454167.64273037
3733,3734.0,30.0,494.0,12766621.664782692,0.0,432.63532,874.94128209208,2402.725443999532,398.38227610998837,211.14260633829386,1249.9161172744,1272304.0755097177,6573.538026862609,1077.3533173171984,122454167.64273037
3734,3735.0,30.0,494.0,12884324.565106612,0.0,482.03531999999996,969.478790558461,2662.34021090293,441.42752791311517,233.95658979395105,1384.9697007978016,1272304.0755097177,6573.538026862609,1077.3533173171984,122454167.64273037
3735,3736.0,30.0,494.0,12038027.290747235,0.0,531.4353199999999,1066.9888390929948,2930.1180372038457,485.8262502889726,257.4879126531555,1524.2697701328498,1272304.0755097177,6573.538026862609,1077.3533173171984,122454167.64273037
3736,3737.0,30.0,494.0,11133099.79874373,0.0,531.4353199999999,1072.9193726325213,2946.4042087716584,488.52656801129336,258.9190810459855,1532.7419609036021,1272304.0755097177,6573.538026862609,1077.3533173171984,122454167.64273037
3737,3738.0,30.0,494.0,10188694.402343703,0.0,531.4353199999999,1076.9126212592776,2957.3702933262484,490.34479228480836,259.88273991094843,1538.446601798968,1272304.0755097177,6573.538026862609,1077.3533173171984,122454167.64273037
3738,3739.0,30.0,494.0,9221113.954175763,9789.401968095262,531.4353199999999,1077.3533173171984,2963.807807706224,491.4121600265495,260.44844481407125,1539.0761675959977,1272304.0755097177,6573.538026862609,1077.3533173171984,122454167.64273037
3739,3740.0,30.0,494.0,8243568.103876777,24762.882196078077,531.4353199999999,1077.3533173171984,2966.575974964848,491.87113413692805,260.69170109257186,1539.0761675959977,1272304.0755097177,6573.538026862609,1077.3533173171984,122454167.64273037
3740,3741.0,30.0,494.0,7266022.253577791,39736.3624240607,531.4353199999999,1077.3533173171984,2966.575974964848,491.87113413692805,260.69170109257186,1539.0761675959977,1272304.0755097177,6573.538026862609,1077.3533173171984,122454167.64273037
3741,3742.0,30.0,494.0,6290858.402878252,41197.26958617592,531.61316,1077.3533173171984,2965.914308409446,491.76142695876285,260.05764078865946,1539.0761675959977,1272304.0755097177,6573.538026862609,1077.3533173171984,122454167.64273037
3742,3743.0,30.0,494.0,5313312.552579264,56170.74981415948,532.1466800000001,1077.3533173171984,2966.575974964849,491.87113413692816,260.691701092572,1539.0761675959977,1272304.0755097177,6573.538026862609,1077.3533173171984,122454167.64273037
3743,3744.0,30.0,494.0,4353461.951001169,56170.74981415948,532.1466800000001,1077.3533173171984,2961.660628097934,491.05614835584277,259.9890895782656,1539.0761675959977,1272304.0755097177,6573.538026862609,1077.3533173171984,122454167.64273037
3744,3745.0,30.0,494.0,3418898.341268128,48784.54039299395,532.1466800000001,1077.3533173171984,2954.63646369653,489.8915115018941,259.6425010960039,1539.0761675959977,1272304.0755097177,6573.538026862609,1077.3533173171984,122454167.64273037
3745,3746.0,30.0,494.0,2510601.0027151797,27734.416199256666,532.1466800000001,1077.3533173171984,2947.3402772576155,488.6817722169847,259.0013392750019,1539.0761675959977,1272304.0755097177,6573.538026862609,1077.3533173171984,122454167.64273037
3746,3747.0,30.0,494.0,1634941.0228854474,0.0,532.1466800000001,1075.3517234842361,2938.274344278944,487.1786012974261,258.20465868763586,1536.216747834623,1272304.0755097177,6573.538026862609,1077.3533173171984,122454167.64273037
3747,3748.0,30.0,494.0,804612.293256076,0.0,532.1466800000001,1065.3735970914458,2925.6823303343995,485.0907908950498,257.0981191743764,1521.9622815592086,1272304.0755097177,6573.538026862609,1077.3533173171984,122454167.64273037
3748,3749.0,30.0,494.0,0.0,0.0,532.1466800000001,1062.7723413813846,2918.5388757862625,483.9063752185595,256.47037886583655,1518.2462019734066,1272304.0755097177,6573.538026862609,1077.3533173171984,122454167.64273037
3749,3750.0,30.0,494.0,0.0,0.0,489.0940474680001,981.3846136326232,2695.0354609929077,446.8485418626529,236.82972718720603,1401.978019475176,1272304.0755097177,6573.538026862609,1077.3533173171984,122454167.64273037
3750,3751.0,30.0,494.0,912788.1312685423,56170.74981415948,439.6940474680001,878.1326490618783,2441.4832023072013,404.80848015676787,214.54849448308698,1254.4752129455405,1272304.0755097177,6573.538026862609,1077.3533173171984,122454167.64273037
3751,3752.0,30.0,494.0,2519382.4419329623,55101.74635881744,402.17446662410185,819.0830762242,2248.7592635861242,372.854017127991,197.61262907783527,1170.1186803202859,1272304.0755097177,6573.538026862609,1077.3533173171984,122454167.64273037
3752,3753.0,30.0,494.0,4130784.876005616,51531.520403498784,402.17446662410185,819.0830762242,2247.4236737505034,372.63257055364653,197.49526239343268,1170.1186803202859,1272304.0755097177,6573.538026862609,1077.3533173171984,122454167.64273037
3753,3754.0,30.0,494.0,5749387.715493327,44215.58858667035,402.17446662410185,819.0830762242,2245.42356113521,372.30094322679287,197.31949991020022,1170.1186803202859,1272304.0755097177,6573.538026862609,1077.3533173171984,122454167.64273037
3754,3755.0,30.0,494.0,7372782.990071696,34406.59545244556,402.17446662410185,819.0830762242,2244.0923291655913,372.08021920548964,197.20251617890952,1170.1186803202859,1272304.0755097177,6573.538026862609,1077.3533173171984,122454167.64273037
3755,3756.0,30.0,494.0,9000964.44590602,22107.79429333657,402.17446662410185,819.0830762242,2242.7628343722618,371.8597832155326,197.08568510423228,1170.1186803202859,1272304.0755097177,6573.538026862609,1077.3533173171984,122454167.64273037
3756,3757.0,30.0,494.0,10629145.901740344,9808.993134228513,402.17446662410185,819.0830762242,2242.7628343722618,371.8597832155326,197.08568510423228,1170.1186803202859,1272304.0755097177,6573.538026862609,1077.3533173171984,122454167.64273037
3757,3758.0,30.0,494.0,12252541.176318683,0.0,402.17446662410185,819.0830762242,2244.0923291655913,372.08021920548964,197.20251617890952,1170.1186803202859,1272304.0755097177,6573.538026862609,1077.3533173171984,122454167.64273037
3758,3759.0,30.0,494.0,12961435.967466632,0.0,451.57446662410194,909.6788532955736,2498.1202412295893,414.19914629982605,219.52554753890783,1299.5412189936767,1272304.0755097177,6573.538026862609,1077.3533173171984,122454167.64273037
3759,3760.0,30.0,494.0,12993743.74988648,0.0,487.33026235919965,978.1166334864191,2686.0610769873956,445.36055015901076,236.0410915842757,1397.3094764091702,1272304.0755097177,6573.538026862609,1077.3533173171984,122454167.64273037
3760,3761.0,30.0,494.0,12993743.74988648,0.0,487.3302623591997,981.3846136326231,2695.0354609929072,446.8485418626528,236.82972718720598,1401.9780194751759,1272304.0755097177,6573.538026862609,1077.3533173171984,122454167.64273037
3761,3762.0,30.0,494.0,12235480.679751506,0.0,526.4899996465386,1058.08404866654,2905.6640915859557,481.7716802841249,255.3389905505862,1511.5486409522,1272304.0755097177,6573.538026862609,1077.3533173171984,122454167.64273037
3762,3763.0,30.0,494.0,11448242.704309253,0.0,526.4899996465386,1061.0149033458188,2913.712676393534,483.10617047446874,256.0462703514684,1515.7355762083128,1272304.0755097177,6573.538026862609,1077.3533173171984,122454167.64273037
3763,3764.0,30.0,494.0,10641591.935974978,9638.859997921623,526.4899996465377,1061.1043133838787,2919.1051188635397,484.0002607711184,256.52013820869274,1515.8633048341126,1272304.0755097177,6573.538026862609,1077.3533173171984,122454167.64273037
3764,3765.0,30.0,494.0,9825205.74178149,24342.162843590602,526.4899996465377,1061.1043133838787,2921.809403824432,484.4486429200905,256.757780747648,1515.8633048341126,1272304.0755097177,6573.538026862609,1077.3533173171984,122454167.64273037
3765,3766.0,30.0,494.0,9012066.845582606,37356.19648407865,526.4899996465377,1061.1043133838787,2920.907376603709,484.2990829034842,256.6785139388466,1515.8633048341126,1272304.0755097177,6573.538026862609,1077.3533173171984,122454167.64273037
3766,3767.0,30.0,494.0,8202173.090620801,48682.08288111724,526.4899996465377,1061.1043133838787,2920.0059484822978,484.1496222201364,256.5992997766723,1515.8633048341126,1272304.0755097177,6573.538026862609,1077.3533173171984,122454167.64273037
3767,3768.0,30.0,494.0,7402001.840290541,54950.24815167859,526.4899996465377,1061.1043133838787,2917.305252751313,483.70183518101504,256.361972645938,1515.8633048341126,1272304.0755097177,6573.538026862609,1077.3533173171984,122454167.64273037
3768,3769.0,30.0,494.0,6611533.76093013,56170.74981415948,526.4899996465377,1061.1043133838787,2914.6099274819103,483.2549385876639,256.1251174514619,1515.8633048341126,1272304.0755097177,6573.538026862609,1077.3533173171984,122454167.64273037
3769,3770.0,30.0,494.0,5837194.82586582,49000.747491306625,526.4899996465377,1061.1043133838787,2910.1296096218825,482.5120824984543,255.73140372418078,1515.8633048341126,1272304.0755097177,6573.538026862609,1077.3533173171984,122454167.64273037
3770,3771.0,30.0,494.0,5091754.263701782,26797.59098878596,526.4899996465377,1061.1043133838787,2902.102283816251,481.1811171426287,255.02599208559323,1515.8633048341126,1272304.0755097177,6573.538026862609,1077.3533173171984,122454167.64273037
3771,3772.0,30.0,494.0,4387754.139262281,0.0,526.4899996465377,1057.8059138592246,2890.5910511149914,479.2725049473351,254.01442762208762,1511.151305513178,1272304.0755097177,6573.538026862609,1077.3533173171984,122454167.64273037
3772,3773.0,30.0,494.0,3705921.836101165,0.0,526.4899996465377,1050.3529631409579,2884.433322982106,478.2515269761018,253.47330929733397,1500.5042330585113,1272304.0755097177,6573.538026862609,1077.3533173171984,122454167.64273037
3773,3774.0,30.0,494.0,3033558.9222373273,56170.74981415948,526.4899996465377,1038.4730301164832,2881.8029370661957,477.8153976085767,253.24216073254567,1483.5329001664045,1272304.0755097177,6573.538026862609,1077.3533173171984,122454167.64273037
3774,3775.0,30.0,494.0,3273449.6563852783,53592.85173179023,477.08999964653776,957.6205677642372,2628.3991459518097,435.79995246849154,230.97397480830054,1368.029382520339,1272304.0755097177,6573.538026862609,1077.3533173171984,122454167.64273037
3775,3776.0,30.0,494.0,3516191.3389088605,49531.86854160763,477.08999964653776,957.6205677642372,2627.6072158474817,435.66864703021514,230.90438292601402,1368.029382520339,1272304.0755097177,6573.538026862609,1077.3533173171984,122454167.64273037
3776,3777.0,30.0,494.0,3758933.0214323923,45470.88535143528,477.08999964653776,957.6205677642372,2627.6072158474817,435.66864703021514,230.90438292601402,1368.029382520339,1272304.0755097177,6573.538026862609,1077.3533173171984,122454167.64273037
3777,3778.0,30.0,494.0,4004523.7885266524,39927.78661895357,477.08999964653776,957.6205677642372,2626.8158034667244,435.5374274327471,230.834836539356,1368.029382520339,1272304.0755097177,6573.538026862609,1077.3533173171984,122454167.64273037
3778,3779.0,30.0,494.0,4258650.644763034,29944.14915414434,477.08999964653776,957.6205677642372,2624.444667593913,435.14428284424,230.62646990744722,1368.029382520339,1272304.0755097177,6573.538026862609,1077.3533173171984,122454167.64273037
3779,3780.0,30.0,494.0,4518458.9415030535,17004.98296982795,477.08999964653776,957.6205677642372,2622.8664896762357,434.8826141161209,230.4877854815441,1368.029382520339,1272304.0755097177,6573.538026862609,1077.3533173171984,122454167.64273037
3780,3781.0,30.0,494.0,4775427.44533786,5543.098732481711,477.08999964653776,957.6205677642372,2623.6553210387947,435.0134057696026,230.5571050578894,1368.029382520339,1272304.0755097177,6573.538026862609,1077.3533173171984,122454167.64273037
3781,3782.0,30.0,494.0,5021018.21243212,0.0,477.08999964653776,957.6205677642372,2626.8158034667244,435.5374274327471,230.834836539356,1368.029382520339,1272304.0755097177,6573.538026862609,1077.3533173171984,122454167.64273037
3782,3783.0,30.0,494.0,5243764.013805756,0.0,477.08999964653776,958.8535452021193,2633.1616272780084,436.5895924814196,231.39248401515238,1369.7907788601706,1272304.0755097177,6573.538026862609,1077.3533173171984,122454167.64273037
3783,3784.0,30.0,494.0,5440665.615963625,0.0,477.08999964653776,961.4677243133355,2640.340571504611,437.77989250017646,232.02334302509354,1373.525320447622,1272304.0755097177,6573.538026862609,1077.3533173171984,122454167.64273037
3784,3785.0,30.0,494.0,5599965.596914751,0.0,477.08999964653776,965.2711841104782,2650.785466284261,439.5117012536228,232.94120166442008,1378.9588344435404,1272304.0755097177,6573.538026862609,1077.3533173171984,122454167.64273037
3785,3786.0,30.0,494.0,4799794.34658449,0.0,526.4899996465377,1062.323123297599,2917.305252751313,483.70183518101504,256.361972645938,1517.604461853713,1272304.0755097177,6573.538026862609,1077.3533173171984,122454167.64273037
3786,3787.0,30.0,494.0,3963878.951868901,0.0,526.4899996465377,1065.938696557203,2927.2341817472384,485.34809457474194,257.2344901246132,1522.7695665102901,1272304.0755097177,6573.538026862609,1077.3533173171984,122454167.64273037
3787,3788.0,30.0,494.0,3101802.916523164,8918.566755722277,526.4899996465377,1066.8507184291204,2934.501026366723,486.5529688590169,257.87307349527896,1524.0724548987437,1272304.0755097177,6573.538026862609,1077.3533173171984,122454167.64273037
3788,3789.0,30.0,494.0,2226594.0870182496,24668.91328278696,526.4899996465377,1066.8507184291204,2938.149024744273,487.1578227762729,258.19364607142467,1524.0724548987437,1272304.0755097177,6573.538026862609,1077.3533173171984,122454167.64273037
3789,3790.0,30.0,494.0,1348096.569184995,42130.060582594946,526.4899996465377,1066.8507184291204,2939.062549279923,487.3092890974473,258.27392322164707,1524.0724548987437,1272304.0755097177,6573.538026862609,1077.3533173171984,122454167.64273037
3790,3791.0,30.0,494.0,476174.2298914213,56170.74981415948,526.4899996465377,1066.8507184291204,2937.236110796678,487.0064576932404,258.11342257741745,1524.0724548987437,1272304.0755097177,6573.538026862609,1077.3533173171984,122454167.64273037
3791,3792.0,30.0,494.0,320797.7304606326,0.0,489.0940474680001,1008.023267417005,2738.1955997236823,454.00467963433584,240.62248020619802,1440.03323916715,1272304.0755097177,6573.538026862609,1077.3533173171984,122454167.64273037
3792,3793.0,30.0,494.0,186650.48828692548,18242.355503913946,489.0940474680001,991.406681611909,2732.2985838189375,453.02692887872786,240.10427230572577,1416.2952594455844,1272304.0755097177,6573.538026862609,1077.3533173171984,122454167.64273037
3793,3794.0,30.0,494.0,85664.4261495322,19234.012015671397,489.0940474680001,991.406681611909,2723.0871449199612,451.49963244792394,239.29480519739974,1416.2952594455844,1272304.0755097177,6573.538026862609,1077.3533173171984,122454167.64273037
3794,3795.0,30.0,494.0,23558.355814093724,0.0,489.0940474680001,991.406681611909,2712.287147197196,449.70894608984565,238.34574142761818,1416.2952594455844,1272304.0755097177,6573.538026862609,1077.3533173171984,122454167.64273037
3795,3796.0,30.0,494.0,0.0,0.0,489.0940474680001,983.7675762908826,2701.5794487190446,447.9335633459375,237.40478857334688,1405.3822518441182,1272304.0755097177,6573.538026862609,1077.3533173171984,122454167.64273037
3796,3797.0,30.0,494.0,0.0,0.0,489.0940474680001,981.3846136326232,2695.0354609929077,446.8485418626529,236.82972718720603,1401.978019475176,1272304.0755097177,6573.538026862609,1077.3533173171984,122454167.64273037
3797,3798.0,30.0,494.0,14661.32287861593,0.0,489.0940474680001,979.9015990616516,2690.962871304403,446.17328886867455,236.47184310039754,1399.859427230931,1272304.0755097177,6573.538026862609,1077.3533173171984,122454167.64273037
3798,3799.0,30.0,494.0,943229.8348447531,56170.74981415948,439.6940474680001,876.5364401314998,2437.099763224536,404.0816869880758,214.16329410368016,1252.1949144735713,1272304.0755097177,6573.538026862609,1077.3533173171984,122454167.64273037
3799,3800.0,30.0,494.0,2321926.208127985,51086.294833688065,415.3189591566642,842.9160731001797,2312.06424619201,383.3502571884683,203.1756363098882,1204.1658187145424,1272304.0755097177,6573.538026862609,1077.3533173171984,122454167.64273037
3800,3801.0,30.0,494.0,3703097.9239416984,44714.147773228586,415.3189591566642,842.9160731001797,2311.3766510446535,383.2362509375543,203.11521299690378,1204.1658187145424,1272304.0755097177,6573.538026862609,1077.3533173171984,122454167.64273037
3801,3802.0,30.0,494.0,5084269.639755433,38342.000712768175,415.31895915666416,842.9160731001797,2311.3766510446535,383.23625093755425,203.11521299690375,1204.1658187145424,1272304.0755097177,6573.538026862609,1077.3533173171984,122454167.64273037
3802,3803.0,30.0,494.0,6467915.081959856,30683.002300567925,415.31895915666416,842.9160731001797,2310.6895048250126,383.1223191207982,203.05482913402304,1204.1658187145424,1272304.0755097177,6573.538026862609,1077.3533173171984,122454167.64273037
3803,3804.0,30.0,494.0,7856503.13485326,20452.820078331977,415.31895915666416,842.9160731001797,2309.316557411407,382.89467849836353,202.93417960413268,1204.1658187145424,1272304.0755097177,6573.538026862609,1077.3533173171984,122454167.64273037
3804,3805.0,30.0,494.0,9252493.022220753,6372.14706045948,415.31895915666416,842.9160731001797,2307.260492279715,382.5537740021635,202.75350022114665,1204.1658187145424,1272304.0755097177,6573.538026862609,1077.3533173171984,122454167.64273037
3805,3806.0,30.0,494.0,10633664.738034466,0.0,415.3189591566642,842.9160731001797,2311.3766510446535,383.2362509375543,203.11521299690378,1204.1658187145424,1272304.0755097177,6573.538026862609,1077.3533173171984,122454167.64273037
3806,3807.0,30.0,494.0,11985025.223659905,0.0,415.3189591566643,844.6924946874391,2319.6575483191746,384.60925954022065,203.84290755631696,1206.7035638391988,1272304.0755097177,6573.538026862609,1077.3533173171984,122454167.64273037
3807,3808.0,30.0,494.0,12963021.183104409,0.0,433.70236,882.458870695552,2423.369916702768,401.80521902056705,212.95676608090054,1260.6555295650744,1272304.0755097177,6573.538026862609,1077.3533173171984,122454167.64273037
3808,3809.0,30.0,494.0,12993743.74988648,0.0,483.10236,978.2769804011156,2686.501414664555,445.43356005139026,236.07978682723686,1397.5385434301652,1272304.0755097177,6573.538026862609,1077.3533173171984,122454167.64273037
3809,3810.0,30.0,494.0,12072293.45086702,0.0,532.50236,1074.5906790869856,2950.9938773872022,489.28755492896937,259.32240411235375,1535.1295415528366,1272304.0755097177,6573.538026862609,1077.3533173171984,122454167.64273037
3810,3811.0,30.0,494.0,11121224.640689023,2477.5036359708665,532.50236,1077.1048986353182,2959.221241597907,490.6516875179973,260.0453943845386,1538.7212837647403,1272304.0755097177,6573.538026862609,1077.3533173171984,122454167.64273037
3811,3812.0,30.0,494.0,10150311.305386322,15278.280725829194,532.50236,1077.1048986353182,2964.7336096881027,491.56566200143754,260.5298008607619,1538.7212837647405,1272304.0755097177,6573.538026862609,1077.3533173171984,122454167.64273037
3812,3813.0,30.0,494.0,9172765.455087334,31529.342746336362,532.50236,1077.1048986353182,2966.575974964849,491.87113413692816,260.6917010925719,1538.7212837647405,1272304.0755097177,6573.538026862609,1077.3533173171984,122454167.64273037
3813,3814.0,30.0,494.0,8198536.969448408,46054.686347441544,532.50236,1077.1048986353182,2965.654484781498,491.71834707689464,260.61072395075416,1538.7212837647405,1272304.0755097177,6573.538026862609,1077.3533173171984,122454167.64273037
3814,3815.0,30.0,494.0,7234247.300709004,55409.7815290367,532.50236,1077.104898635318,2962.8937023094086,491.26059739608024,260.36811661992255,1538.72128376474,1272304.0755097177,6573.538026862609,1077.3533173171984,122454167.64273037
3815,3816.0,30.0,494.0,6286478.202492481,56170.74981415948,532.50236,1077.104898635318,2958.3046549419423,490.49971348402386,259.96484814653263,1538.72128376474,1272304.0755097177,6573.538026862609,1077.3533173171984,122454167.64273037
3816,3817.0,30.0,494.0,5361745.703681119,44947.90323786531,532.50236,1077.104898635318,2951.9055995516196,489.43872240919376,259.4025228768727,1538.72128376474,1272304.0755097177,6573.538026862609,1077.3533173171984,122454167.64273037
3817,3818.0,30.0,494.0,4466474.733158063,18398.944750176743,532.50236,1077.104898635318,2943.7218416937562,488.08181994216795,258.683364569349,1538.72128376474,1272304.0755097177,6573.538026862609,1077.3533173171984,122454167.64273037
3818,3819.0,30.0,494.0,3606974.63890093,19272.709801852605,532.50236,1068.1544251625487,2933.785487175445,486.4343293646963,257.81019456328903,1525.9348930893552,1272304.0755097177,6573.538026862609,1077.3533173171984,122454167.64273037
3819,3820.0,30.0,494.0,2786202.301705623,0.0,532.50236,1068.1544251625487,2923.027776880493,484.6506544451429,256.86484685592575,1525.9348930893555,1272304.0755097177,6573.538026862609,1077.3533173171984,122454167.64273037
3820,3821.0,30.0,494.0,1991079.1829656754,0.0,532.50236,1061.8124972942974,2915.9029939762263,483.4693346080055,256.2387473422429,1516.8749961347107,1272304.0755097177,6573.538026862609,1077.3533173171984,122454167.64273037
3821,3822.0,30.0,494.0,1211918.6159558184,0.0,532.50236,1060.1978614935858,2911.4689518289792,482.7341512322273,255.84910015308049,1514.5683735622656,1272304.0755097177,6573.538026862609,1077.3533173171984,122454167.64273037
3822,3823.0,30.0,494.0,1084344.7450818345,53675.82440028526,497.522359355125,983.8519341737936,2730.472647346792,452.72418071013374,239.94381577637088,1405.5027631054195,1272304.0755097177,6573.538026862609,1077.3533173171984,122454167.64273037
3823,3824.0,30.0,494.0,1107749.2392444145,56170.74981415948,489.7354238711998,978.5320899227601,2688.5342126144133,445.7706067481565,236.25842157652298,1397.902985603943,1272304.0755097177,6573.538026862609,1077.3533173171984,122454167.64273037
3824,3825.0,30.0,494.0,1142810.183279045,52601.90102458767,489.7354238711998,978.5320899227601,2685.296309872177,445.23374846187323,235.9738866847928,1397.902985603943,1272304.0755097177,6573.538026862609,1077.3533173171984,122454167.64273037
3825,3826.0,30.0,494.0,1186593.5263588317,44495.59366892962,489.7354238711998,978.5320899227601,2682.8734212485224,444.83202304332275,235.7609722129611,1397.902985603943,1272304.0755097177,6573.538026862609,1077.3533173171984,122454167.64273037
3826,3827.0,30.0,494.0,1233280.547899969,34878.770612324384,489.7354238711998,978.5320899227602,2682.0668438981475,444.69828902826765,235.6900931849819,1397.9029856039433,1272304.0755097177,6573.538026862609,1077.3533173171984,122454167.64273037
3827,3828.0,30.0,494.0,1285769.2556295712,22243.866113062464,489.7354238711998,978.5320899227601,2680.4552644013515,444.4310821737895,235.54847355210842,1397.902985603943,1272304.0755097177,6573.538026862609,1077.3533173171984,122454167.64273037
3828,3829.0,30.0,494.0,1344052.1008658241,6594.807053050447,489.7354238711998,978.5320899227602,2678.8457817606154,444.1642229871199,235.40703818317357,1397.9029856039433,1272304.0755097177,6573.538026862609,1077.3533173171984,122454167.64273037
3829,3830.0,30.0,494.0,1384929.8727752734,0.0,489.7354238711998,978.5320899227602,2683.680524351394,444.96584423041696,235.83189744212098,1397.902985603943,1272304.0755097177,6573.538026862609,1077.3533173171984,122454167.64273037
3830,3831.0,30.0,494.0,1387862.1373510007,0.0,489.7354238711998,981.0880107184286,2694.2209430552057,446.713491263857,236.75815036984423,1401.5543010263266,1272304.0755097177,6573.538026862609,1077.3533173171984,122454167.64273037
3831,3832.0,30.0,494.0,1346607.8940474503,0.0,489.7354238711998,985.5575415764448,2706.4949730216717,448.74857854663185,237.8367466297149,1407.939345109207,1272304.0755097177,6573.538026862609,1077.3533173171984,122454167.64273037
3832,3833.0,30.0,494.0,1263717.7112124003,0.0,489.7354238711998,989.7690786602748,2718.0605117804216,450.66619492125994,238.8530833082678,1413.9558266575355,1272304.0755097177,6573.538026862609,1077.3533173171984,122454167.64273037
3833,3834.0,30.0,494.0,1150850.9358823784,0.0,489.7354238711998,992.8012554853933,2726.387343029025,452.0468195756027,239.58481437506947,1418.2875078362763,1272304.0755097177,6573.538026862609,1077.3533173171984,122454167.64273037
3834,3835.0,30.0,494.0,1013859.3948432412,8569.673375080323,489.7354238711998,993.5751859667685,2733.0886668371127,453.1579280621271,240.17370187292738,1419.3931228096692,1272304.0755097177,6573.538026862609,1077.3533173171984,122454167.64273037
3835,3836.0,30.0,494.0,864757.290120421,23439.354424910434,489.7354238711998,993.5751859667685,2736.4527123048024,453.7157013581575,240.46932171982348,1419.3931228096694,1272304.0755097177,6573.538026862609,1077.3533173171984,122454167.64273037
3836,3837.0,30.0,494.0,715655.1853976008,38309.035474739954,489.7354238711998,993.5751859667685,2736.4527123048024,453.7157013581575,240.46932171982348,1419.3931228096694,1272304.0755097177,6573.538026862609,1077.3533173171984,122454167.64273037
3837,3838.0,30.0,494.0,572612.3909413293,50026.617069907974,489.7354238711998,993.5751859667686,2734.769570564094,453.436629173962,240.32141346219987,1419.3931228096694,1272304.0755097177,6573.538026862609,1077.3533173171984,122454167.64273037
3838,3839.0,30.0,494.0,441664.0625285879,55452.565105617396,489.7354238711998,993.5751859667686,2731.409996663114,452.8795972830422,240.02618656001238,1419.3931228096694,1272304.0755097177,6573.538026862609,1077.3533173171984,122454167.64273037
3839,3840.0,30.0,494.0,319765.5115962606,56170.74981415948,489.7354238711998,993.5751859667686,2728.896169585221,452.4627938752542,239.80528075388477,1419.3931228096694,1272304.0755097177,6573.538026862609,1077.3533173171984,122454167.64273037
3840,3841.0,30.0,494.0,209905.33699717186,50626.47925869655,489.7354238711998,993.5751859667686,2725.5521761593213,451.9083452945253,239.5114230060984,1419.3931228096694,1272304.0755097177,6573.538026862609,1077.3533173171984,122454167.64273037
3841,3842.0,30.0,494.0,115048.32166764513,37277.45072395913,489.7354238711998,993.5751859667686,2721.384631917776,451.2173484247488,239.1451946651169,1419.3931228096694,1272304.0755097177,6573.538026862609,1077.3533173171984,122454167.64273037
3842,3843.0,30.0,494.0,47072.266871096566,9944.741323024035,489.7354238711998,993.5751859667686,2713.9176984363935,449.9792985413117,238.48902822689524,1419.3931228096694,1272304.0755097177,6573.538026862609,1077.3533173171984,122454167.64273037
3843,3844.0,30.0,494.0,14690.171656485647,15312.789817919762,489.7354238711998,983.6163234209797,2704.0304874414105,448.3399561726704,237.62017677151533,1405.1661763156853,1272304.0755097177,6573.538026862609,1077.3533173171984,122454167.64273037
3844,3845.0,30.0,494.0,0.0,11477.36462583407,489.7354238711998,983.6163234209798,2699.1160642308205,447.52512353780065,237.18831547503436,1405.1661763156856,1272304.0755097177,6573.538026862609,1077.3533173171984,122454167.64273037
3845,3846.0,30.0,494.0,0.0,0.0,489.7354238711998,983.6163234209798,2695.0354609929077,446.8485418626529,236.82972718720603,1405.1661763156856,1272304.0755097177,6573.538026862609,1077.3533173171984,122454167.64273037
3846,3847.0,30.0,494.0,514570.73947855836,54270.095314769074,462.362195907992,918.7825010236663,2552.0991444710858,423.14908204424165,224.26901348344808,1312.5464300338092,1272304.0755097177,6573.538026862609,1077.3533173171984,122454167.64273037
3847,3848.0,30.0,494.0,1941202.5193003844,56170.74981415948,412.96219590799194,836.7091198460886,2298.7488554868446,381.1425077888583,202.00552912809493,1195.2987426372695,1272304.0755097177,6573.538026862609,1077.3533173171984,122454167.64273037
3848,3849.0,30.0,494.0,3377657.016936059,52961.55152465496,412.9621959079921,836.7091198460886,2296.0203227607753,380.6901052554908,201.76575578541014,1195.2987426372695,1272304.0755097177,6573.538026862609,1077.3533173171984,122454167.64273037
3849,3850.0,30.0,494.0,4821461.756644536,45928.701200489886,412.9621959079921,836.7091198460886,2293.978588851664,380.3515769380111,201.58633577714588,1195.2987426372695,1272304.0755097177,6573.538026862609,1077.3533173171984,122454167.64273037
3850,3851.0,30.0,494.0,6270158.682932893,36350.89807276148,412.9621959079921,836.7091198460886,2292.619648135028,380.1262586865463,201.46691710386955,1195.2987426372695,1272304.0755097177,6573.538026862609,1077.3533173171984,122454167.64273037
3851,3852.0,30.0,494.0,7723741.430486187,24231.4534268938,412.9621959079921,836.7091198460886,2291.2624755614365,379.90123360084965,201.34765380845033,1195.2987426372695,1272304.0755097177,6573.538026862609,1077.3533173171984,122454167.64273037
3852,3853.0,30.0,494.0,9184641.002120253,8305.741040925495,412.9621959079921,836.7091198460886,2289.2300244278895,379.5642444077286,201.16904953609617,1195.2987426372695,1272304.0755097177,6573.538026862609,1077.3533173171984,122454167.64273037
3853,3854.0,30.0,494.0,10630892.63156024,0.0,412.9621959079921,836.7091198460886,2293.298897259577,380.2388811307625,201.52660699930414,1195.2987426372695,1272304.0755097177,6573.538026862609,1077.3533173171984,122454167.64273037
3854,3855.0,30.0,494.0,12037801.815756263,0.0,412.9621959079921,839.0736613760994,2304.2273542717903,382.0508665949229,202.48695929530916,1198.6766591087135,1272304.0755097177,6573.538026862609,1077.3533173171984,122454167.64273037
3855,3856.0,30.0,494.0,12993743.74988648,0.0,435.0440685448,884.689668090879,2429.4960348456257,402.8209559186656,213.49510663689279,1263.84238298697,1272304.0755097177,6573.538026862609,1077.3533173171984,122454167.64273037
3856,3857.0,30.0,494.0,12993743.74988648,0.0,484.44406854479996,981.3846136326232,2695.0354609929077,446.84854186265284,236.829727187206,1401.978019475176,1272304.0755097177,6573.538026862609,1077.3533173171984,122454167.64273037
3857,3858.0,30.0,494.0,12112017.591700548,0.0,529.6569199999999,1070.5725232791378,2939.959393822333,487.45798980356176,258.35273459588774,1529.3893189701969,1272304.0755097177,6573.538026862609,1077.3533173171984,122454167.64273037
3858,3859.0,30.0,494.0,11190866.940622635,0.0,529.6569199999999,1074.5603692529305,2950.9106418478837,489.2737541163589,259.3150896816702,1535.086241789901,1272304.0755097177,6573.538026862609,1077.3533173171984,122454167.64273037
3859,3860.0,30.0,494.0,10243257.328087976,1002.7387571733146,529.6569199999999,1077.0417554967514,2958.260353363646,490.4923680906328,259.96095508803535,1538.6310792810737,1272304.0755097177,6573.538026862609,1077.3533173171984,122454167.64273037
3860,3861.0,30.0,494.0,9275710.306533972,12377.069879261398,529.6569199999999,1077.0417554967514,2963.798522535687,491.4106205050939,260.4476288676998,1538.6310792810737,1272304.0755097177,6573.538026862609,1077.3533173171984,122454167.64273037
3861,3862.0,30.0,494.0,8301499.636566674,27217.881773185192,529.6569199999999,1077.0417554967514,2965.6495359838236,491.717526544825,260.61028906875725,1538.6310792810737,1272304.0755097177,6573.538026862609,1077.3533173171984,122454167.64273037
3862,3863.0,30.0,494.0,7323953.786267687,43793.67993489671,529.6569199999999,1077.0417554967514,2966.5759749648487,491.87113413692805,260.6917010925719,1538.6310792810737,1272304.0755097177,6573.538026862609,1077.3533173171984,122454167.64273037
3863,3864.0,30.0,494.0,6356406.764713682,55168.01105698435,529.6569199999999,1077.0417554967512,2963.798522535687,491.4106205050939,260.4476288676998,1538.6310792810732,1272304.0755097177,6573.538026862609,1077.3533173171984,122454167.64273037
3864,3865.0,30.0,494.0,5408797.152179023,56170.74981415948,529.6569199999999,1077.0417554967512,2958.260353363646,490.4923680906328,259.96095508803535,1538.6310792810732,1272304.0755097177,6573.538026862609,1077.3533173171984,122454167.64273037
3865,3866.0,30.0,494.0,4487646.50110111,43409.33484594058,529.6569199999999,1077.0417554967512,2950.9106418478837,489.27375411635893,259.3150896816702,1538.6310792810732,1272304.0755097177,6573.538026862609,1077.3533173171984,122454167.64273037
3866,3867.0,30.0,494.0,3615727.3537773713,5037.315814043395,529.6569199999999,1077.0417554967512,2937.2352241383905,487.0063106814594,258.1133446611735,1538.6310792810732,1272304.0755097177,6573.538026862609,1077.3533173171984,122454167.64273037
3867,3868.0,30.0,494.0,2805468.19627301,15058.7150651419,529.6569199999999,1061.394924671803,2920.1074491885634,484.16645147646693,256.60821928252744,1516.2784638168614,1272304.0755097177,6573.538026862609,1077.3533173171984,122454167.64273037
3868,3869.0,30.0,494.0,2020940.3486297466,11694.490505457778,529.6569199999999,1061.394924671803,2912.9598631160366,482.98135077535414,255.98011591093774,1516.2784638168614,1272304.0755097177,6573.538026862609,1077.3533173171984,122454167.64273037
3869,3870.0,30.0,494.0,1252425.849135667,0.0,529.6569199999999,1061.394924671803,2908.5117108523746,482.24382788121443,255.58922877704364,1516.2784638168614,1272304.0755097177,6573.538026862609,1077.3533173171984,122454167.64273037
3870,3871.0,30.0,494.0,1402747.0113907792,51350.53271854855,480.2569199999999,956.1945791424553,2653.27958258871,439.92523652987785,233.16037536083527,1365.9922559177933,1272304.0755097177,6573.538026862609,1077.3533173171984,122454167.64273037
3871,3872.0,30.0,494.0,2407692.553051945,56170.74981415948,434.37321601392983,878.7956160178147,2415.883921642574,400.56400864487654,212.29892458178458,1255.4223085968783,1272304.0755097177,6573.538026862609,1077.3533173171984,122454167.64273037
3872,3873.0,30.0,494.0,3423051.468335625,55573.85046043061,434.3732160139297,878.7956160178147,2412.9913178585525,400.08440242010334,212.0447332826548,1255.4223085968783,1272304.0755097177,6573.538026862609,1077.3533173171984,122454167.64273037
3873,3874.0,30.0,494.0,4448796.5263085235,49574.00039671175,434.3732160139297,878.7956160178147,2410.106278222658,399.60605036382265,211.79120669282602,1255.4223085968783,1272304.0755097177,6573.538026862609,1077.3533173171984,122454167.64273037
3874,3875.0,30.0,494.0,5482313.385190247,39531.20017385576,434.3732160139297,878.7956160178147,2407.9474446368736,399.24810641321636,211.60149639900467,1255.4223085968783,1272304.0755097177,6573.538026862609,1077.3533173171984,122454167.64273037
3875,3876.0,30.0,494.0,6523586.832393603,25453.36349583976,434.3732160139297,878.7956160178147,2405.792836769753,398.8908631050508,211.41215744567694,1255.4223085968783,1272304.0755097177,6573.538026862609,1077.3533173171984,122454167.64273037
3876,3877.0,30.0,494.0,7572601.699953597,7348.380853842944,434.3732160139297,878.7956160178147,2403.6424422262426,398.5343183841724,211.2231887436114,1255.4223085968783,1272304.0755097177,6573.538026862609,1077.3533173171984,122454167.64273037
3877,3878.0,30.0,494.0,8600939.05127856,0.0,434.3732160139297,878.7956160178147,2409.386196735974,399.48665773726754,211.7279286007518,1255.4223085968783,1272304.0755097177,6573.538026862609,1077.3533173171984,122454167.64273037
3878,3879.0,30.0,494.0,9587595.341810245,0.0,434.3732160139297,881.5828653515554,2420.9642691785502,401.40635225091205,212.7453666929834,1259.4040933593649,1272304.0755097177,6573.538026862609,1077.3533173171984,122454167.64273037
3879,3880.0,30.0,494.0,10513561.678246295,0.0,434.37321601392875,887.721744290419,2437.822589760672,404.20153475570874,214.22681342052564,1268.1739204148844,1272304.0755097177,6573.538026862609,1077.3533173171984,122454167.64273037
3880,3881.0,30.0,494.0,10466350.050461853,0.0,483.77321601392873,986.1601398592317,2708.149802044142,449.02295635962366,237.98216687060057,1408.8001997989024,1272304.0755097177,6573.538026862609,1077.3533173171984,122454167.64273037
3881,3882.0,30.0,494.0,9572770.966754444,0.0,526.2391318533189,1071.771464288931,2943.251873133854,488.00389712120585,258.64206547423913,1531.1020918413299,1272304.0755097177,6573.538026862609,1077.3533173171984,122454167.64273037
3882,3883.0,30.0,494.0,8642741.511172837,0.0,526.2391318533189,1075.4584735072874,2953.3769764322433,489.6826830632011,259.5318220234966,1536.3692478675537,1272304.0755097177,6573.538026862609,1077.3533173171984,122454167.64273037
3883,3884.0,30.0,494.0,7686032.835650444,4133.822847745381,526.2391318533189,1077.3533173171984,2960.7878708602375,490.91144142908456,260.18306395741484,1539.0761675959977,1272304.0755097177,6573.538026862609,1077.3533173171984,122454167.64273037
3884,3885.0,30.0,494.0,6712576.421880776,16979.946976290084,526.2391318533189,1077.3533173171984,2965.440020373371,491.6827879499592,260.5918776134784,1539.0761675959977,1272304.0755097177,6573.538026862609,1077.3533173171984,122454167.64273037
3885,3886.0,30.0,494.0,5735763.669181,31572.06423703395,526.2391318533189,1077.3533173171984,2966.372336742845,491.8373700385009,260.6738061204055,1539.0761675959977,1272304.0755097177,6573.538026862609,1077.3533173171984,122454167.64273037
3886,3887.0,30.0,494.0,4762307.2554113325,44418.18836557865,526.2391318533189,1077.3533173171984,2965.440020373371,491.6827879499592,260.5918776134784,1539.0761675959977,1272304.0755097177,6573.538026862609,1077.3533173171984,122454167.64273037
3887,3888.0,30.0,494.0,3795556.721343456,53775.862683635205,526.2391318533189,1077.3533173171984,2963.577276011762,491.37393687401044,260.42818654322554,1539.0761675959977,1272304.0755097177,6573.538026862609,1077.3533173171984,122454167.64273037
3888,3889.0,30.0,494.0,2842190.8182163537,56170.74981415948,526.2391318533189,1077.3533173171984,2959.8593229726584,490.7574841711487,260.1014666107088,1539.0761675959977,1272304.0755097177,6573.538026862609,1077.3533173171984,122454167.64273037
3889,3890.0,30.0,494.0,1912161.3626347464,46425.838791760616,526.2391318533189,1077.3533173171984,2953.3769764322433,489.6826830632011,259.5318220234966,1539.0761675959977,1272304.0755097177,6573.538026862609,1077.3533173171984,122454167.64273037
3890,3891.0,30.0,494.0,1035061.9482871462,9146.316275732592,526.2391318533189,1077.3533173171984,2938.674187200574,487.2448969841027,258.23979540157444,1539.0761675959977,1272304.0755097177,6573.538026862609,1077.3533173171984,122454167.64273037
3891,3892.0,30.0,494.0,223333.5826593101,0.0,526.2391318533189,1065.270593051121,2920.515562556195,484.23411843888,256.6440827726064,1521.815132930173,1272304.0755097177,6573.538026862609,1077.3533173171984,122454167.64273037
3892,3893.0,30.0,494.0,0.0,0.0,495.6989382165989,1003.9751370126166,2757.0725672871604,457.1345625440847,242.2813181483649,1434.2501957323095,1272304.0755097177,6573.538026862609,1077.3533173171984,122454167.64273037
3893,3894.0,30.0,494.0,702689.829732511,53795.149509555195,446.29893821659886,899.8463263925771,2499.8438416227655,414.4849267036806,219.67701115295074,1285.494751989396,1272304.0755097177,6573.538026862609,1077.3533173171984,122454167.64273037
3894,3895.0,30.0,494.0,2326528.1123138936,56170.74981415948,396.8989382165988,816.6690388051409,2243.9692713869695,372.05981569327696,197.1917023174368,1166.6700554359156,1272304.0755097177,6573.538026862609,1077.3533173171984,122454167.64273037
3895,3896.0,30.0,494.0,3957637.7477446897,54763.73686031625,396.8989382165988,816.6690388051409,2241.94945115102,371.7249207576362,197.0142080015472,1166.6700554359156,1272304.0755097177,6573.538026862609,1077.3533173171984,122454167.64273037
3896,3897.0,30.0,494.0,5596004.333873534,49581.60275711119,396.8989382165988,816.6690388051409,2239.9336315126734,371.3906891383901,196.83706524334676,1166.6700554359156,1272304.0755097177,6573.538026862609,1077.3533173171984,122454167.64273037
3897,3898.0,30.0,494.0,7241613.51129559,40631.81737655215,396.8989382165988,816.6690388051409,2237.9218005978923,371.0571188667719,196.6602729993891,1166.6700554359156,1272304.0755097177,6573.538026862609,1077.3533173171984,122454167.64273037
3898,3899.0,30.0,494.0,8892043.126498863,29174.40346518904,396.8989382165988,816.6690388051409,2236.58279010311,370.8351051323359,196.54260572013806,1166.6700554359156,1272304.0755097177,6573.538026862609,1077.3533173171984,122454167.64273037
3899,3900.0,30.0,494.0,10547286.829026464,15212.664579172619,396.8989382165988,816.6690388051409,2235.2455436241303,370.61338387935365,196.42509345605745,1166.6700554359156,1272304.0755097177,6573.538026862609,1077.3533173171984,122454167.64273037
3900,3901.0,30.0,494.0,12204935.197715225,0.0,396.89893821659854,816.6690388051409,2234.577580801585,370.5026327528499,196.36639535901045,1166.6700554359156,1272304.0755097177,6573.538026862609,1077.3533173171984,122454167.64273037
3901,3902.0,30.0,494.0,12940298.259540975,0.0,446.2989382165985,907.0015484296634,2490.767943819088,412.98010357301433,218.8794548936976,1295.7164977566622,1272304.0755097177,6573.538026862609,1077.3533173171984,122454167.64273037
3902,3903.0,30.0,494.0,12993743.74988648,0.0,480.91649832719975,975.9785229550419,2680.1894914524896,444.38701586876886,235.5251184104475,1394.255032792917,1272304.0755097177,6573.538026862609,1077.3533173171984,122454167.64273037
3903,3904.0,30.0,494.0,12993743.74988648,0.0,480.91649832719975,981.3846136326231,2695.0354609929072,446.8485418626528,236.82972718720598,1401.9780194751759,1272304.0755097177,6573.538026862609,1077.3533173171984,122454167.64273037
3904,3905.0,30.0,494.0,12149515.616187239,0.0,523.07684,1066.7795424439967,2929.5432759093633,485.7309523791395,257.43740476094393,1523.9707749199952,1272304.0755097177,6573.538026862609,1077.3533173171984,122454167.64273037
3905,3906.0,30.0,494.0,11255714.692960763,0.0,523.07684,1071.7939036855607,2943.313495222484,488.0141143301626,258.6474805949862,1531.1341481222298,1272304.0755097177,6573.538026862609,1077.3533173171984,122454167.64273037
3906,3907.0,30.0,494.0,10321893.090050966,0.0,523.07684,1075.842054838218,2954.4303506900737,489.85733707349533,259.62438864895256,1536.9172211974544,1272304.0755097177,6573.538026862609,1077.3533173171984,122454167.64273037
3907,3908.0,30.0,494.0,9361209.921068076,7374.905918241374,523.07684,1077.1251326330273,2961.891896821488,491.0944937109947,260.2800816668272,1538.7501894757534,1272304.0755097177,6573.538026862609,1077.3533173171984,122454167.64273037
3908,3909.0,30.0,494.0,8387041.191964824,21765.103153685104,523.07684,1077.1251326330273,2965.637885743811,491.7155948846159,260.6092652888464,1538.7501894757534,1272304.0755097177,6573.538026862609,1077.3533173171984,122454167.64273037
3909,3910.0,30.0,494.0,7409495.341665838,37912.10461454921,523.07684,1077.1251326330273,2966.5759749648482,491.87113413692805,260.69170109257186,1538.7501894757534,1272304.0755097177,6573.538026862609,1077.3533173171984,122454167.64273037
3910,3911.0,30.0,494.0,6438701.438955417,50546.69139856045,523.07684,1077.1251326330273,2964.7004339680248,491.56016132348475,260.526885501447,1538.7501894757534,1272304.0755097177,6573.538026862609,1077.3533173171984,122454167.64273037
3911,3912.0,30.0,494.0,5481383.940504348,56170.74981415948,523.07684,1077.1251326330273,2960.9569883404265,490.93948183913466,260.19792537474143,1538.7501894757534,1272304.0755097177,6573.538026862609,1077.3533173171984,122454167.64273037
3912,3913.0,30.0,494.0,4540860.593961788,53058.362208086066,523.07684,1077.1251326330273,2956.2919461436186,490.16599765551524,259.7879787574231,1538.7501894757534,1272304.0755097177,6573.538026862609,1077.3533173171984,122454167.64273037
3913,3914.0,30.0,494.0,3627089.888587244,36029.046448999085,523.07684,1077.1251326330273,2948.860656930281,488.9338577459662,259.1349446053621,1538.7501894757534,1272304.0755097177,6573.538026862609,1077.3533173171984,122454167.64273037
3914,3915.0,30.0,494.0,2763092.6207176913,0.0,523.07684,1075.7848676292856,2935.0347020677837,486.6414545996678,257.91997093782396,1536.8355251846938,1272304.0755097177,6573.538026862609,1077.3533173171984,122454167.64273037
3915,3916.0,30.0,494.0,1961425.8161783386,0.0,523.07684,1062.4744008256996,2917.7206844760613,483.77071555870725,256.39847924611485,1517.8205726081424,1272304.0755097177,6573.538026862609,1077.3533173171984,122454167.64273037
3916,3917.0,30.0,494.0,1538216.3400950395,0.0,504.47414941271785,1024.1928803082121,2812.593648793824,466.3401981184491,247.16030500277805,1463.1326861545888,1272304.0755097177,6573.538026862609,1077.3533173171984,122454167.64273037
3917,3918.0,30.0,494.0,2050605.4466606397,42825.98070376646,455.07414941271793,921.2284209387044,2552.705153613574,423.2495609824952,224.32226732072246,1316.0406013410063,1272304.0755097177,6573.538026862609,1077.3533173171984,122454167.64273037
3918,3919.0,30.0,494.0,3492378.7571411394,52735.20142492093,405.6741494127177,833.6203103356044,2294.5428747483243,380.44513798155424,201.63592313022374,1190.886157622292,1272304.0755097177,6573.538026862609,1077.3533173171984,122454167.64273037
3919,3920.0,30.0,494.0,4946596.468500261,56170.74981415948,405.6741494127177,833.6203103356044,2291.086096726485,379.87198922675725,201.33215429018136,1190.886157622292,1272304.0755097177,6573.538026862609,1077.3533173171984,122454167.64273037
3920,3921.0,30.0,494.0,6410740.073757833,54442.77242769394,405.6741494127177,833.6203103356044,2288.3289039769156,379.4148347374707,201.08986241085947,1190.886157622292,1272304.0755097177,6573.538026862609,1077.3533173171984,122454167.64273037
3921,3922.0,30.0,494.0,7884783.351029015,47564.91009019222,405.6741494127177,833.6203103356044,2285.57899508425,378.9588879431788,200.84821060988477,1190.886157622292,1272304.0755097177,6573.538026862609,1077.3533173171984,122454167.64273037
3922,3923.0,30.0,494.0,9368700.182199968,35550.74964383431,405.6741494127177,833.6203103356044,2282.8363412231984,378.50414406452376,200.6071963541976,1190.886157622292,1272304.0755097177,6573.538026862609,1077.3533173171984,122454167.64273037
3923,3924.0,30.0,494.0,10860005.100899842,19693.249667655677,405.6741494127177,833.6203103356044,2280.784094687387,378.1638727080452,200.42685253526395,1190.886157622292,1272304.0755097177,6573.538026862609,1077.3533173171984,122454167.64273037
3924,3925.0,30.0,494.0,12358683.517111387,0.0,405.6741494127177,833.6203103356044,2278.735900934145,377.8242733204544,200.24686485984083,1190.886157622292,1272304.0755097177,6573.538026862609,1077.3533173171984,122454167.64273037
3925,3926.0,30.0,494.0,12943400.932223957,0.0,455.0741494127177,922.2395791980132,2532.6139567949717,419.918353607821,222.55672741214516,1317.485113140019,1272304.0755097177,6573.538026862609,1077.3533173171984,122454167.64273037
3926,3927.0,30.0,494.0,12993743.74988648,0.0,482.35959523439993,976.2923629022223,2681.0513449755404,444.5299149124544,235.60085490360083,1394.7033755746033,1272304.0755097177,6573.538026862609,1077.3533173171984,122454167.64273037
3927,3928.0,30.0,494.0,12993743.74988648,0.0,482.35959523439993,981.3846136326232,2695.0354609929077,446.84854186265284,236.829727187206,1401.978019475176,1272304.0755097177,6573.538026862609,1077.3533173171984,122454167.64273037
3928,3929.0,30.0,494.0,12939815.686232887,0.0,482.35959523439993,986.839517316601,2710.0154786744606,449.33229361841364,238.14611561775925,1409.7707390237158,1272304.0755097177,6573.538026862609,1077.3533173171984,122454167.64273037
3929,3930.0,30.0,494.0,12843492.60387906,907.6361008407548,482.35959523439993,990.951351587664,2721.7918727578594,451.28487071831864,239.18098148070888,1415.6447879823772,1272304.0755097177,6573.538026862609,1077.3533173171984,122454167.64273037
3930,3931.0,30.0,494.0,12722764.242620628,14511.084586581215,482.35959523439993,990.951351587664,2728.5711168980274,452.40889873309254,239.77671632853907,1415.6447879823772,1272304.0755097177,6573.538026862609,1077.3533173171984,122454167.64273037
3931,3932.0,30.0,494.0,12589783.843140813,34488.13688153587,482.35959523439993,990.951351587664,2731.9744608484125,452.97318788761305,240.07578958043493,1415.6447879823772,1272304.0755097177,6573.538026862609,1077.3533173171984,122454167.64273037
3932,3933.0,30.0,494.0,12453735.265826158,56061.278707237914,482.35959523439993,990.951351587664,2732.8267324692006,453.11449821043897,240.15068405153266,1415.6447879823772,1272304.0755097177,6573.538026862609,1077.3533173171984,122454167.64273037
3933,3934.0,30.0,494.0,12358946.503506191,56170.74981415948,480.33337659866817,990.951351587664,2721.3656727484495,451.21420491243106,239.14352860358846,1415.6447879823772,1272304.0755097177,6573.538026862609,1077.3533173171984,122454167.64273037
3934,3935.0,30.0,494.0,12273311.253837023,51518.49376641959,480.33337659866817,990.951351587664,2718.823030345454,450.79262379904634,238.92009061349458,1415.6447879823772,1272304.0755097177,6573.538026862609,1077.3533173171984,122454167.64273037
3935,3936.0,30.0,494.0,12205927.614792416,37371.61054734606,480.33337659866817,990.951351587664,2713.7531385052985,449.9520137926236,238.47456731009052,1415.6447879823772,1272304.0755097177,6573.538026862609,1077.3533173171984,122454167.64273037
3936,3937.0,30.0,494.0,12165783.691151818,9054.419439591467,480.33337659866817,990.951351587664,2706.186550893073,448.6974408230519,237.80964363621754,1415.6447879823772,1272304.0755097177,6573.538026862609,1077.3533173171984,122454167.64273037
3937,3938.0,30.0,494.0,12149715.194315486,32116.846354629844,480.33337659866817,978.5256051490503,2699.498932336333,447.58860472650866,237.2219605050496,1397.8937216415006,1272304.0755097177,6573.538026862609,1077.3533173171984,122454167.64273037
3938,3939.0,30.0,494.0,12160578.034830082,41169.38599821739,480.33337659866817,978.5256051490503,2692.018005294408,446.3482346501782,236.56456436459445,1397.8937216415006,1272304.0755097177,6573.538026862609,1077.3533173171984,122454167.64273037
3939,3940.0,30.0,494.0,12204138.263022806,33212.494974757545,480.33337659866817,978.5256051490503,2682.9353976060397,444.8422989915941,235.76641846554486,1397.8937216415006,1272304.0755097177,6573.538026862609,1077.3533173171984,122454167.64273037
3940,3941.0,30.0,494.0,12268381.790061828,46985.810150695965,480.33337659866817,972.2081408984249,2677.190036815402,443.88969331017364,235.26153745439206,1388.8687727120357,1272304.0755097177,6573.538026862609,1077.3533173171984,122454167.64273037
3941,3942.0,30.0,494.0,12344401.313780343,54633.161961397156,480.33337659866817,972.2081408984249,2673.9189266266535,443.3473290855576,234.97408441534554,1388.8687727120357,1272304.0755097177,6573.538026862609,1077.3533173171984,122454167.64273037
3942,3943.0,30.0,494.0,12432165.693906166,56170.74981415948,480.33337659866817,972.2081408984249,2670.656466513513,442.80639908090933,234.68739151288196,1388.8687727120357,1272304.0755097177,6573.538026862609,1077.3533173171984,122454167.64273037
3943,3944.0,30.0,494.0,12528718.354765425,53136.60694367625,480.33337659866817,972.2081408984249,2668.215277420891,442.4016393654112,234.47286886366794,1388.8687727120357,1272304.0755097177,6573.538026862609,1077.3533173171984,122454167.64273037
3944,3945.0,30.0,494.0,12634041.901157727,45539.78246598411,480.33337659866817,972.2081408984249,2665.778920328379,441.99768081644106,234.25877083271376,1388.8687727120357,1272304.0755097177,6573.538026862609,1077.3533173171984,122454167.64273037
3945,3946.0,30.0,494.0,12748118.989478746,33389.29865643904,480.33337659866817,972.2081408984249,2663.347380903736,441.59452105765143,234.04509616055526,1388.8687727120357,1272304.0755097177,6573.538026862609,1077.3533173171984,122454167.64273037
3946,3947.0,30.0,494.0,12868022.162470412,18208.041127562523,480.3333765986674,972.2081408984249,2661.729024050778,441.3261904881935,233.90288095874257,1388.8687727120357,1272304.0755097177,6573.538026862609,1077.3533173171984,122454167.64273037
3947,3948.0,30.0,494.0,12993743.74988648,0.0,480.3333765986674,972.2081408984249,2660.112797821778,441.0582131854077,233.7608529882661,1388.8687727120357,1272304.0755097177,6573.538026862609,1077.3533173171984,122454167.64273037
3948,3949.0,30.0,494.0,12993743.74988648,0.0,487.33026235919976,981.3846136326232,2695.0354609929077,446.84854186265284,236.829727187206,1401.978019475176,1272304.0755097177,6573.538026862609,1077.3533173171984,122454167.64273037
3949,3950.0,30.0,494.0,12261964.350798493,0.0,525.92228,1055.405186030428,2898.307516295126,480.55192826624267,254.69252198110863,1507.7216943291828,1272304.0755097177,6573.538026862609,1077.3533173171984,122454167.64273037
3950,3951.0,30.0,494.0,11485235.718826467,0.0,525.92228,1059.9518676547884,2910.7934143184702,482.6221441896805,255.7897364205307,1514.216953792555,1272304.0755097177,6573.538026862609,1077.3533173171984,122454167.64273037
3951,3952.0,30.0,494.0,10650098.826454226,0.0,525.92228,1065.8599498896426,2927.017931096308,485.31223928102,257.21548681894063,1522.657071270918,1272304.0755097177,6573.538026862609,1077.3533173171984,122454167.64273037
3952,3953.0,30.0,494.0,9752543.606115086,0.0,525.92228,1072.1736564110095,2944.3563555315577,488.187025082255,258.7391232935952,1531.676652015728,1272304.0755097177,6573.538026862609,1077.3533173171984,122454167.64273037
3953,3954.0,30.0,494.0,8808484.437519735,977.6668703681415,525.92228,1076.6874979114682,2957.274118936061,490.32884615473256,259.8742884620082,1538.1249970163835,1272304.0755097177,6573.538026862609,1077.3533173171984,122454167.64273037
3954,3955.0,30.0,494.0,7830938.587220747,19375.361184964797,525.92228,1076.6874979114682,2966.575974964849,491.8711341369282,260.6917010925719,1538.1249970163833,1272304.0755097177,6573.538026862609,1077.3533173171984,122454167.64273037
3955,3956.0,30.0,494.0,6853392.736921759,37773.055499562244,524.6774,1076.687497911468,2966.575974964849,491.8711341369281,260.6917010925719,1538.1249970163828,1272304.0755097177,6573.538026862609,1077.3533173171984,122454167.64273037
3956,3957.0,30.0,494.0,5875846.886622772,56170.74981415948,524.1438800000001,1076.687497911468,2966.5759749648487,491.87113413692805,260.6917010925719,1538.1249970163828,1272304.0755097177,6573.538026862609,1077.3533173171984,122454167.64273037
3957,3958.0,30.0,494.0,5246124.190679049,0.0,505.79630421065247,1056.0040892662785,2869.9584320883864,475.85152742763705,252.20130953664764,1508.577270380398,1272304.0755097177,6573.538026862609,1077.3533173171984,122454167.64273037
3958,3959.0,30.0,494.0,5564625.857644765,10616.30307706756,456.39630421065243,947.1034161131901,2606.5627757246557,432.17938779065906,229.0550755290493,1353.0048801617002,1272304.0755097177,6573.538026862609,1077.3533173171984,122454167.64273037
3959,3960.0,30.0,494.0,5900657.932869177,12113.153958846815,456.39630421065243,947.1034161131901,2601.6932178750153,431.371994026784,228.62715683419555,1353.0048801617002,1272304.0755097177,6573.538026862609,1077.3533173171984,122454167.64273037
3960,3961.0,30.0,494.0,6262852.647707228,0.0,456.3963042106525,947.1034161131901,2594.425817982338,430.16702767581097,227.98852466817982,1353.0048801617002,1272304.0755097177,6573.538026862609,1077.3533173171984,122454167.64273037
3961,3962.0,30.0,494.0,6653931.387235867,29834.62441850733,456.3963042106525,936.025241680921,2586.40247779051,428.83672315200135,227.28346327056073,1337.17891668703,1272304.0755097177,6573.538026862609,1077.3533173171984,122454167.64273037
3962,3963.0,30.0,494.0,7082270.44883031,40286.14487014152,456.3963042106525,936.025241680921,2576.0523883277847,427.1206335303594,226.3739357710905,1337.17891668703,1272304.0755097177,6573.538026862609,1077.3533173171984,122454167.64273037
3963,3964.0,30.0,494.0,7553201.496084062,28580.989254090004,456.3963042106525,936.025241680921,2564.221281200199,425.1589847709643,225.33426192861108,1337.17891668703,1272304.0755097177,6573.538026862609,1077.3533173171984,122454167.64273037
3964,3965.0,30.0,494.0,8046674.824961739,43612.42656733841,456.3963042106525,928.5462744766803,2557.959536304664,424.1207603703641,224.784002996293,1326.494677823829,1272304.0755097177,6573.538026862609,1077.3533173171984,122454167.64273037
3965,3966.0,30.0,494.0,8551374.453393474,52803.85715613514,456.3963042106525,928.5462744766803,2554.8411197618702,423.60371341301,224.5099681088953,1326.494677823829,1272304.0755097177,6573.538026862609,1077.3533173171984,122454167.64273037
3966,3967.0,30.0,494.0,9067270.645572484,56170.74981415948,456.3963042106525,928.5462744766803,2551.7309631654052,423.0880359905011,224.2366590749656,1326.494677823829,1272304.0755097177,6573.538026862609,1077.3533173171984,122454167.64273037
3967,3968.0,30.0,494.0,9591544.81743962,55179.35348475911,456.3963042106525,928.5462744766803,2549.40374658537,422.7021734107916,224.03215190771957,1326.494677823829,1272304.0755097177,6573.538026862609,1077.3533173171984,122454167.64273037
3968,3969.0,30.0,494.0,10121395.078012962,51287.233245078474,456.3963042106525,928.5462744766803,2547.854833055868,422.44535684486993,223.89603912778108,1326.494677823829,1272304.0755097177,6573.538026862609,1077.3533173171984,122454167.64273037
3969,3970.0,30.0,494.0,10654030.619104207,45946.18881843332,456.3963042106525,928.5462744766803,2547.0811440231178,422.31707585519706,223.82805020325446,1326.494677823829,1272304.0755097177,6573.538026862609,1077.3533173171984,122454167.64273037
3970,3971.0,30.0,494.0,11195010.968305321,36264.11151258927,456.3963042106525,928.5462744766803,2544.763141770376,421.9327410508267,223.62435275693815,1326.494677823829,1272304.0755097177,6573.538026862609,1077.3533173171984,122454167.64273037
3971,3972.0,30.0,494.0,11741545.346575813,23692.785887939855,456.3963042106525,928.5462744766803,2543.220355917771,421.6769404802513,223.4887784545332,1326.494677823829,1272304.0755097177,6573.538026862609,1077.3533173171984,122454167.64273037
3972,3973.0,30.0,494.0,12293626.42978717,8236.02201204747,456.3963042106525,928.5462744766803,2541.679604545309,421.42147723528757,223.3533829347024,1326.494677823829,1272304.0755097177,6573.538026862609,1077.3533173171984,122454167.64273037
3973,3974.0,30.0,494.0,12831827.013370564,0.0,456.3963042106525,928.5462744766803,2545.5352988864097,422.06076804207873,223.69220706230175,1326.494677823829,1272304.0755097177,6573.538026862609,1077.3533173171984,122454167.64273037
3974,3975.0,30.0,494.0,12993743.74988648,0.0,474.7438800000001,965.0064954010503,2650.0585897384867,439.3911819768658,232.8773264477389,1378.5807077157863,1272304.0755097177,6573.538026862609,1077.3533173171984,122454167.64273037
3975,3976.0,30.0,494.0,12181955.453337468,0.0,524.1438800000001,1063.4982047658054,2920.532210034299,484.23687866278954,256.64554569127847,1519.2831496654364,1272304.0755097177,6573.538026862609,1077.3533173171984,122454167.64273037
3976,3977.0,30.0,494.0,11311135.373652421,0.0,524.1438800000001,1069.4693572508827,2936.9299275720873,486.9556911896335,258.0865163305058,1527.8133675012612,1272304.0755097177,6573.538026862609,1077.3533173171984,122454167.64273037
3977,3978.0,30.0,494.0,10383904.328677965,0.0,524.1438800000001,1075.1754101206939,2952.599640152479,489.5537973441904,259.4635125924209,1535.9648716009913,1272304.0755097177,6573.538026862609,1077.3533173171984,122454167.64273037
3978,3979.0,30.0,494.0,9406358.478378978,14973.480227983082,524.1438800000001,1077.3533173171984,2966.5759749648487,491.87113413692805,260.6917010925719,1539.0761675959977,1272304.0755097177,6573.538026862609,1077.3533173171984,122454167.64273037
3979,3980.0,30.0,494.0,8428812.62807999,29946.960455967113,522.0098,1077.3533173171984,2966.5759749648487,491.87113413692816,260.691701092572,1539.0761675959977,1272304.0755097177,6573.538026862609,1077.3533173171984,122454167.64273037
3980,3981.0,30.0,494.0,7451266.777781002,44920.44068394974,520.4092400000001,1077.3533173171984,2966.5759749648487,491.8711341369281,260.6917010925719,1539.0761675959977,1272304.0755097177,6573.538026862609,1077.3533173171984,122454167.64273037
3981,3982.0,30.0,494.0,6474377.248970183,56170.74981415948,519.3421999999999,1077.3533173171984,2966.3936634403576,491.8409060972371,260.51699602446496,1539.0761675959977,1272304.0755097177,6573.538026862609,1077.3533173171984,122454167.64273037
3982,3983.0,30.0,494.0,5525615.05977595,56170.74981415948,517.4831295324383,1077.3533173171984,2958.580513546861,490.5454520344631,259.98908957826546,1539.0761675959977,1272304.0755097177,6573.538026862609,1077.3533173171984,122454167.64273037
3983,3984.0,30.0,494.0,5525726.847119095,0.0,468.08312953243825,992.2953964185803,2695.0044089531457,446.84339330008646,236.82699844904585,1417.5648520265433,1272304.0755097177,6573.538026862609,1077.3533173171984,122454167.64273037
3984,3985.0,30.0,494.0,5728653.656093882,0.0,458.269891969649,960.8582657005907,2638.6669029443556,437.50239101029416,231.8762672354559,1372.6546652865582,1272304.0755097177,6573.538026862609,1077.3533173171984,122454167.64273037
3985,3986.0,30.0,494.0,5955468.941267356,0.0,458.269891969649,958.4419108754317,2632.031215111387,436.402165252476,231.29314758381227,1369.2027298220455,1272304.0755097177,6573.538026862609,1077.3533173171984,122454167.64273037
3986,3987.0,30.0,494.0,6235559.621860443,39499.04583796114,458.269891969649,945.3726555280282,2617.2324941614943,433.9484732793635,229.99269083806266,1350.5323650400403,1272304.0755097177,6573.538026862609,1077.3533173171984,122454167.64273037
3987,3988.0,30.0,494.0,6588574.519656062,41062.35721708834,458.269891969649,945.3726555280282,2596.975767160794,430.5898202841862,228.2126047506187,1350.5323650400403,1272304.0755097177,6573.538026862609,1077.3533173171984,122454167.64273037
3988,3989.0,30.0,494.0,6953143.718246542,36615.03312248178,458.269891969649,945.3726555280282,2593.766239162219,430.0576666531901,227.93056332619076,1350.5323650400403,1272304.0755097177,6573.538026862609,1077.3533173171984,122454167.64273037
3989,3990.0,30.0,494.0,7320596.645884784,49388.140392026864,458.269891969649,941.7325448448322,2592.965203315618,429.9248514434409,227.8601712650237,1345.332206921189,1272304.0755097177,6573.538026862609,1077.3533173171984,122454167.64273037
3990,3991.0,30.0,494.0,7699565.163570454,56170.74981415948,458.269891969649,941.7325448448322,2589.7664283024437,429.39448070395645,227.57907477309692,1345.332206921189,1272304.0755097177,6573.538026862609,1077.3533173171984,122454167.64273037
3991,3992.0,30.0,494.0,8095749.301175151,53997.66233825497,458.269891969649,941.7325448448322,2584.9843116582697,428.60158507033873,227.15884008727954,1345.332206921189,1272304.0755097177,6573.538026862609,1077.3533173171984,122454167.64273037
3992,3993.0,30.0,494.0,8509080.110672586,42904.74525391497,458.269891969649,941.7325448448322,2580.2213472436247,427.81186495925573,226.74028842840553,1345.332206921189,1272304.0755097177,6573.538026862609,1077.3533173171984,122454167.64273037
3993,3994.0,30.0,494.0,8936647.443111248,24405.880260441452,458.269891969649,941.7325448448322,2576.2667575377236,427.1561768730233,226.39277374270236,1345.332206921189,1272304.0755097177,6573.538026862609,1077.3533173171984,122454167.64273037
3994,3995.0,30.0,494.0,9375569.88625205,0.0,458.269891969649,941.7325448448322,2573.112560120463,426.63319729184536,226.11559456467805,1345.332206921189,1272304.0755097177,6573.538026862609,1077.3533173171984,122454167.64273037
3995,3996.0,30.0,494.0,9434096.718558058,0.0,479.3677200000001,975.4645376735019,2678.778007574572,444.15298573378954,235.40108243890847,1393.5207681050028,1272304.0755097177,6573.538026862609,1077.3533173171984,122454167.64273037
3996,3997.0,30.0,494.0,8585197.940615626,0.0,528.76772,1067.251985041832,2930.840677088028,485.94606710890395,257.5514155677191,1524.645692916903,1272304.0755097177,6573.538026862609,1077.3533173171984,122454167.64273037
3997,3998.0,30.0,494.0,7716724.561189827,10182.857115192339,528.76772,1067.251985041832,2936.278066388963,486.84760978462344,258.02923318585044,1524.645692916903,1272304.0755097177,6573.538026862609,1077.3533173171984,122454167.64273037
3998,3999.0,30.0,494.0,6812160.733412227,0.0,528.76772,1074.8625874509055,2946.30319093113,488.5098188161916,258.9102039725816,1535.5179820727224,1272304.0755097177,6573.538026862609,1077.3533173171984,122454167.64273037
3999,4000.0,30.0,494.0,5877870.595416082,0.0,528.76772,1075.8894478576483,2954.56049932517,489.8789162803962,259.63582562861,1536.9849255109264,1272304.0755097177,6573.538026862609,1077.3533173171984,122454167.64273037
4000,4001.0,30.0,494.0,4900324.745117094,14973.480227983082,528.76772,1077.3533173171984,2966.5759749648487,491.87113413692816,260.6917010925719,1539.0761675959977,1272304.0755097177,6573.538026862609,1077.3533173171984,122454167.64273037
4001,4002.0,30.0,494.0,3922778.8948181067,29946.96045596525,525.5666,1077.3533173171984,2966.5759749648487,491.8711341369281,260.6917010925719,1539.0761675959977,1272304.0755097177,6573.538026862609,1077.3533173171984,122454167.64273037
4002,4003.0,30.0,494.0,2948528.894669343,26223.789358195158,521.6541199999999,1077.3533173171984,2965.6604610342315,491.7193379654594,259.81438451015873,1539.0761675959977,1272304.0755097177,6573.538026862609,1077.3533173171984,122454167.64273037
4003,4004.0,30.0,494.0,1970983.044370355,41197.26958617778,518.63084,1077.3533173171984,2966.575974964849,491.87113413692816,260.6917010925719,1539.0761675959977,1272304.0755097177,6573.538026862609,1077.3533173171984,122454167.64273037
4004,4005.0,30.0,494.0,993437.1940713692,56170.74981415948,516.85244,1077.3533173171984,2966.5759749648482,491.871134136928,260.69170109257186,1539.0761675959977,1272304.0755097177,6573.538026862609,1077.3533173171984,122454167.64273037
4005,4006.0,30.0,494.0,27770.057405384854,56170.74981415948,515.0797295776026,1077.3533173171984,2963.2763322890146,491.32403910248246,259.98908957826546,1539.0761675959977,1272304.0755097177,6573.538026862609,1077.3533173171984,122454167.64273037
4006,4007.0,30.0,494.0,0.0,0.0,465.67972957760264,995.1156863999123,2702.7493658277367,448.1275406652293,237.50759655257153,1421.5938377141606,1272304.0755097177,6573.538026862609,1077.3533173171984,122454167.64273037
4007,4008.0,30.0,494.0,922771.8832819298,3604.7306964090094,416.2797295776026,887.3439481108499,2438.7099378590383,404.34866091030625,214.30479028246233,1267.6342115869284,1272304.0755097177,6573.538026862609,1077.3533173171984,122454167.64273037
4008,4009.0,30.0,494.0,1859402.5816368451,0.0,416.2797295776026,887.3439481108499,2434.86026700543,403.71036882380724,213.96649547661784,1267.6342115869284,1272304.0755097177,6573.538026862609,1077.3533173171984,122454167.64273037
4009,4010.0,30.0,494.0,2823608.000287274,19962.730042623356,416.2797295776026,879.9721624134374,2427.200622478898,402.44036661515116,213.29339430603014,1257.1030891620535,1272304.0755097177,6573.538026862609,1077.3533173171984,122454167.64273037
4010,4011.0,30.0,494.0,3836973.1515393276,48871.265270663425,416.2797295776026,873.2601203736131,2413.54514120067,400.17622872682796,212.09340122521883,1247.5144576765902,1272304.0755097177,6573.538026862609,1077.3533173171984,122454167.64273037
4011,4012.0,30.0,494.0,4893531.059957621,55310.59850709606,416.2797295776026,873.2601203736131,2401.547153098937,398.18691037976265,211.0390625012742,1247.5144576765902,1272304.0755097177,6573.538026862609,1077.3533173171984,122454167.64273037
4012,4013.0,30.0,494.0,5960813.881986622,56170.74981415948,416.2797295776026,873.2601203736131,2398.5680104292965,397.6929556332676,210.77726648563186,1247.5144576765902,1272304.0755097177,6573.538026862609,1077.3533173171984,122454167.64273037
4013,4014.0,30.0,494.0,7036121.304310063,52856.4427919304,416.2797295776026,873.2601203736131,2396.338954791952,397.3233685626355,210.5813853381968,1247.5144576765902,1272304.0755097177,6573.538026862609,1077.3533173171984,122454167.64273037
4014,4015.0,30.0,494.0,8124766.855850544,42603.53913382813,416.2797295776026,873.2601203736131,2392.6339188983297,396.70905757839193,210.25580051654774,1247.5144576765902,1272304.0755097177,6573.538026862609,1077.3533173171984,122454167.64273037
4015,4016.0,30.0,494.0,9226705.479589034,25435.477845093235,416.2797295776028,873.2601203736131,2388.941398843327,396.09682177435224,209.9313155404067,1247.5144576765902,1272304.0755097177,6573.538026862609,1077.3533173171984,122454167.64273037
4016,4017.0,30.0,494.0,10344536.63550754,0.0,416.2797295776028,873.2601203736131,2384.5268065711,395.3648632720192,209.5433775341702,1247.5144576765902,1272304.0755097177,6573.538026862609,1077.3533173171984,122454167.64273037
4017,4018.0,30.0,494.0,11290446.021361515,0.0,426.41092000000003,885.7044752403307,2432.2828538112485,403.2830225627775,213.74000195827207,1265.2921074861868,1272304.0755097177,6573.538026862609,1077.3533173171984,122454167.64273037
4018,4019.0,30.0,494.0,11320059.589824958,0.0,475.81092,978.3891572271306,2686.809469753063,445.48463691813475,236.10685756661144,1397.698796038758,1272304.0755097177,6573.538026862609,1077.3533173171984,122454167.64273037
4019,4020.0,30.0,494.0,10439136.674154084,15475.243752179667,525.21092,1067.4821989324519,2939.7362709014837,487.42099505774826,258.3331273806066,1524.9745699035027,1272304.0755097177,6573.538026862609,1077.3533173171984,122454167.64273037
4020,4021.0,30.0,494.0,9571393.78585463,24094.136655454524,525.21092,1067.4821989324519,2936.0751521872003,486.81396573188533,258.01140183789926,1524.9745699035025,1272304.0755097177,6573.538026862609,1077.3533173171984,122454167.64273037
4021,4022.0,30.0,494.0,8700359.201968849,0.0,525.21092,1074.1760256855137,2936.9895120722913,486.9655705576118,258.0917523955343,1534.537179550734,1272304.0755097177,6573.538026862609,1077.3533173171984,122454167.64273037
4022,4023.0,30.0,494.0,7783008.233812816,0.0,525.21092,1074.1760256855137,2949.8551743695834,489.0987530410528,259.222339111758,1534.537179550734,1272304.0755097177,6573.538026862609,1077.3533173171984,122454167.64273037
4023,4024.0,30.0,494.0,6806118.705001999,11250.309130208807,525.21092,1077.3533173171984,2966.393663440357,491.84090609723705,260.51699602446536,1539.0761675959977,1272304.0755097177,6573.538026862609,1077.3533173171984,122454167.64273037
4024,4025.0,30.0,494.0,5828572.854703011,26223.789358192364,521.47628,1077.3533173171984,2966.575974964849,491.8711341369282,260.691701092572,1539.0761675959977,1272304.0755097177,6573.538026862609,1077.3533173171984,122454167.64273037
4025,4026.0,30.0,494.0,4851027.004404023,41197.26958617592,519.6978799999999,1077.3533173171984,2966.5759749648487,491.8711341369281,260.6917010925719,1539.0761675959977,1272304.0755097177,6573.538026862609,1077.3533173171984,122454167.64273037
4026,4027.0,30.0,494.0,3873481.1541050356,56170.74981415948,518.98652,1077.3533173171984,2966.575974964849,491.87113413692816,260.691701092572,1539.0761675959977,1272304.0755097177,6573.538026862609,1077.3533173171984,122454167.64273037
4027,4028.0,30.0,494.0,2901214.361130152,41197.26958617685,518.63084,1077.3533173171984,2965.1095701525974,491.6279978733728,259.28647806395924,1539.0761675959977,1272304.0755097177,6573.538026862609,1077.3533173171984,122454167.64273037
4028,4029.0,30.0,494.0,1923668.510831166,56170.74981415948,518.4530000000001,1077.3533173171984,2966.5759749648482,491.8711341369281,260.6917010925719,1539.0761675959977,1272304.0755097177,6573.538026862609,1077.3533173171984,122454167.64273037
4029,4030.0,30.0,494.0,948762.1891942313,56170.74981415948,518.4530000000001,1077.3533173171984,2965.8427725587226,491.74956600515037,259.98908957826535,1539.0761675959977,1272304.0755097177,6573.538026862609,1077.3533173171984,122454167.64273037
4030,4031.0,30.0,494.0,0.0,56170.74981415948,517.4831295324383,1077.3533173171984,2958.5805135468613,490.5454520344631,259.98908957826546,1539.0761675959977,1272304.0755097177,6573.538026862609,1077.3533173171984,122454167.64273037
4031,4032.0,30.0,494.0,18487.008481090055,0.0,468.0831295324382,990.4367155261389,2689.900180859271,445.99709019421124,236.37845780293196,1414.90959360877,1272304.0755097177,6573.538026862609,1077.3533173171984,122454167.64273037
4032,4033.0,30.0,494.0,786726.0840136865,0.0,430.1484787470491,903.6760908453537,2481.6357177894092,411.4659409787237,218.07694871872357,1290.965844064791,1272304.0755097177,6573.538026862609,1077.3533173171984,122454167.64273037
4033,4034.0,30.0,494.0,1588325.1249223296,0.0,430.1484787470492,900.3016808313747,2472.3690607405065,409.9294891397124,217.2626292440476,1286.1452583305354,1272304.0755097177,6573.538026862609,1077.3533173171984,122454167.64273037
4034,4035.0,30.0,494.0,2439457.6841490977,35344.64780071564,430.1484787470492,888.4187215252077,2458.609750096583,407.64813589324814,216.05351202342152,1269.1696021788682,1272304.0755097177,6573.538026862609,1077.3533173171984,122454167.64273037
4035,4036.0,30.0,494.0,3344926.6747759236,42423.06920768507,430.1484787470492,888.4187215252077,2443.516296929901,405.14557604317497,214.72715530288275,1269.1696021788682,1272304.0755097177,6573.538026862609,1077.3533173171984,122454167.64273037
4036,4037.0,30.0,494.0,4285325.487475342,54156.469479316846,430.1484787470492,883.9803833969954,2433.813568576403,403.5368216948176,213.87451549825334,1262.829119138565,1272304.0755097177,6573.538026862609,1077.3533173171984,122454167.64273037
4037,4038.0,30.0,494.0,5244407.455342265,56170.74981415948,430.1484787470492,883.9803833969954,2428.6238032520955,402.6763361459848,213.41845815737196,1262.829119138565,1272304.0755097177,6573.538026862609,1077.3533173171984,122454167.64273037
4038,4039.0,30.0,494.0,6214126.473933693,52651.55516373925,430.1484787470492,883.9803833969954,2425.669066939733,402.186428079142,213.15880688194525,1262.829119138565,1272304.0755097177,6573.538026862609,1077.3533173171984,122454167.64273037
4039,4040.0,30.0,494.0,7191804.735445658,44991.90158884041,430.1484787470492,883.9803833969954,2423.458166128473,401.8198511572374,212.96452111333582,1262.829119138565,1272304.0755097177,6573.538026862609,1077.3533173171984,122454167.64273037
4040,4041.0,30.0,494.0,8174780.354270063,34576.52230240777,430.1484787470492,883.9803833969954,2421.9866779861286,401.5758720555552,212.83521218944426,1262.829119138565,1272304.0755097177,6573.538026862609,1077.3533173171984,122454167.64273037
4041,4042.0,30.0,494.0,9168329.619626705,18660.65137553308,430.1484787470492,883.9803833969954,2419.0495539493963,401.0888841802268,212.57710861552022,1262.829119138565,1272304.0755097177,6573.538026862609,1077.3533173171984,122454167.64273037
4042,4043.0,30.0,494.0,10167155.202114582,0.0,430.1484787470489,883.9803833969954,2417.5839103018307,400.84587412107027,212.44831328416726,1262.829119138565,1272304.0755097177,6573.538026862609,1077.3533173171984,122454167.64273037
4043,4044.0,30.0,494.0,10251815.453758765,0.0,479.5484787470489,972.8211035176149,2671.5187244250787,442.94936517396064,234.76316354219915,1389.744433596593,1272304.0755097177,6573.538026862609,1077.3533173171984,122454167.64273037
4044,4045.0,30.0,494.0,9442110.358202675,0.0,527.8785200000001,1063.2874858932764,2919.9535430918218,484.1409331796176,256.5946945851973,1518.9821227046807,1272304.0755097177,6573.538026862609,1077.3533173171984,122454167.64273037
4045,4046.0,30.0,494.0,8609704.79466493,11808.956729036756,527.8785200000001,1063.2874858932764,2926.2592286422814,485.18644313095217,257.14881485940464,1518.9821227046807,1272304.0755097177,6573.538026862609,1077.3533173171984,122454167.64273037
4046,4047.0,30.0,494.0,7731580.306062823,0.0,527.8785200000001,1072.5043950854224,2938.958930049049,487.292108580569,258.26481754770157,1532.1491358363178,1272304.0755097177,6573.538026862609,1077.3533173171984,122454167.64273037
4047,4048.0,30.0,494.0,6803995.083237523,0.0,527.8785200000001,1075.211235736013,2952.698022888824,489.5701096276155,259.47215810263623,1536.016051051447,1272304.0755097177,6573.538026862609,1077.3533173171984,122454167.64273037
4048,4049.0,30.0,494.0,5826449.2329385355,14973.480227983082,527.8785200000001,1077.3533173171984,2966.5759749648487,491.8711341369281,260.6917010925719,1539.0761675959977,1272304.0755097177,6573.538026862609,1077.3533173171984,122454167.64273037
4049,4050.0,30.0,494.0,4848903.382639548,29946.96045596525,526.27796,1077.3533173171984,2966.5759749648487,491.8711341369281,260.6917010925719,1539.0761675959977,1272304.0755097177,6573.538026862609,1077.3533173171984,122454167.64273037
4050,4051.0,30.0,494.0,3871357.53234056,44920.44068394974,525.7444399999999,1077.3533173171984,2966.5759749648487,491.87113413692816,260.6917010925719,1539.0761675959977,1272304.0755097177,6573.538026862609,1077.3533173171984,122454167.64273037
4051,4052.0,30.0,494.0,2897107.5321917934,41197.26958617685,525.3887599999999,1077.3533173171984,2965.6604610342315,491.7193379654594,259.8143845101585,1539.0761675959977,1272304.0755097177,6573.538026862609,1077.3533173171984,122454167.64273037
4052,4053.0,30.0,494.0,1919561.6818928057,56170.74981415948,525.03308,1077.3533173171984,2966.5759749648487,491.8711341369281,260.6917010925719,1539.0761675959977,1272304.0755097177,6573.538026862609,1077.3533173171984,122454167.64273037
4053,4054.0,30.0,494.0,944655.3602558691,56170.74981415948,524.6774,1077.3533173171984,2965.8427725587235,491.74956600515054,259.98908957826586,1539.0761675959977,1272304.0755097177,6573.538026862609,1077.3533173171984,122454167.64273037
4054,4055.0,30.0,494.0,0.0,54034.34605077095,522.9406696904,1077.3533173171984,2957.4397277306493,490.35630480952676,259.8888415490492,1539.0761675959977,1272304.0755097177,6573.538026862609,1077.3533173171984,122454167.64273037
4055,4056.0,30.0,494.0,0.0,0.0,473.5406696904,991.8912920313842,2695.0354609929077,446.8485418626529,236.82972718720603,1416.9875600448347,1272304.0755097177,6573.538026862609,1077.3533173171984,122454167.64273037
4056,4057.0,30.0,494.0,636216.6843074842,7290.517706914339,440.80583668461264,915.6127510133565,2518.308604240829,417.5464642497141,221.2996260523485,1308.0182157333666,1272304.0755097177,6573.538026862609,1077.3533173171984,122454167.64273037
4057,4058.0,30.0,494.0,1300462.6293825274,0.0,440.80583668461264,915.6127510133565,2510.5226984720616,416.25552738071576,220.61542951177935,1308.0182157333666,1272304.0755097177,6573.538026862609,1077.3533173171984,122454167.64273037
4058,4059.0,30.0,494.0,2000865.595066307,1024.9923760816455,440.80583668461264,910.3385099725624,2500.479081636302,414.5902522468469,219.73283369082887,1300.4835856750892,1272304.0755097177,6573.538026862609,1077.3533173171984,122454167.64273037
4059,4060.0,30.0,494.0,2739856.0103159277,29368.22543216683,440.80583668461264,901.1234520414089,2489.7603456457905,412.81303943562614,218.79091090088187,1287.3192172020129,1272304.0755097177,6573.538026862609,1077.3533173171984,122454167.64273037
4060,4061.0,30.0,494.0,3503462.796132272,44905.83460934181,440.80583668461264,901.1234520414089,2482.922464932812,411.67928922333783,218.19002328836908,1287.3192172020129,1272304.0755097177,6573.538026862609,1077.3533173171984,122454167.64273037
4061,4062.0,30.0,494.0,4280681.741051431,53362.29471224267,440.8058366846127,901.1234520414089,2479.1413096264746,411.0523573110688,217.85774937486647,1287.3192172020129,1272304.0755097177,6573.538026862609,1077.3533173171984,122454167.64273037
4062,4063.0,30.0,494.0,5068757.898815635,56170.74981415948,440.8058366846126,901.1234520414089,2476.1254171695173,410.55230929080665,217.59272392412754,1287.3192172020129,1272304.0755097177,6573.538026862609,1077.3533173171984,122454167.64273037
4063,4064.0,30.0,494.0,5864958.074891164,54753.0285754893,440.8058366846127,901.1234520414089,2473.8687454163714,410.1781433486693,217.39441597479475,1287.3192172020129,1272304.0755097177,6573.538026862609,1077.3533173171984,122454167.64273037
4064,4065.0,30.0,494.0,6669266.130328765,49117.526600843674,440.80583668461264,901.1234520414089,2471.616556704692,409.8047207142069,217.19650197852965,1287.3192172020129,1272304.0755097177,6573.538026862609,1077.3533173171984,122454167.64273037
4065,4066.0,30.0,494.0,7484359.669561854,37871.33362432942,440.80583668461264,901.1234520414089,2468.620588983716,409.3079763013923,216.93322743973792,1287.3192172020129,1272304.0755097177,6573.538026862609,1077.3533173171984,122454167.64273037
4066,4067.0,30.0,494.0,8310210.199870598,21029.271776313893,440.80583668461264,901.1234520414089,2465.6325359071457,408.8125441708696,216.67064841056091,1287.3192172020129,1272304.0755097177,6573.538026862609,1077.3533173171984,122454167.64273037
4067,4068.0,30.0,494.0,9144109.842991829,0.0,440.80583668461384,901.1234520414089,2463.3966712370097,408.44182813313546,216.47416891056181,1287.3192172020129,1272304.0755097177,6573.538026862609,1077.3533173171984,122454167.64273037
4068,4069.0,30.0,494.0,9073420.68701727,0.0,490.2058366846137,988.5349266833525,2714.6713376525045,450.1042551846226,238.55525524785,1412.1927524047894,1272304.0755097177,6573.538026862609,1077.3533173171984,122454167.64273037
4069,4070.0,30.0,494.0,8315571.104907285,0.0,526.98932,1058.042223739072,2905.5492338012364,481.7526363663856,255.32889727418438,1511.488891055817,1272304.0755097177,6573.538026862609,1077.3533173171984,122454167.64273037
4070,4071.0,30.0,494.0,7522320.985306384,18415.629834270105,526.98932,1058.042223739072,2915.3827164376025,483.38307034066554,256.19302728055277,1511.488891055817,1272304.0755097177,6573.538026862609,1077.3533173171984,122454167.64273037
4071,4072.0,30.0,494.0,6680379.631217236,0.0,526.98932,1070.1290482043883,2928.908059351005,485.6256307249431,257.38158428421985,1528.7557831491263,1272304.0755097177,6573.538026862609,1077.3533173171984,122454167.64273037
4072,4073.0,30.0,494.0,5789258.383792035,0.0,526.98932,1071.5228505008195,2942.5691408332414,487.8906971513253,258.5820694902024,1530.746929286885,1272304.0755097177,6573.538026862609,1077.3533173171984,122454167.64273037
4073,4074.0,30.0,494.0,4851788.503762258,0.0,526.98932,1076.211083484041,2955.443761001179,490.02536488848335,259.7134433908962,1537.4444049772014,1272304.0755097177,6573.538026862609,1077.3533173171984,122454167.64273037
4074,4075.0,30.0,494.0,3874242.6534632724,14973.480227981912,526.98932,1077.3533173171984,2966.5759749648482,491.87113413692805,260.69170109257186,1539.0761675959977,1272304.0755097177,6573.538026862609,1077.3533173171984,122454167.64273037
4075,4076.0,30.0,494.0,2896696.8031642847,29946.960455963388,525.5666,1077.3533173171984,2966.5759749648487,491.8711341369281,260.6917010925719,1539.0761675959977,1272304.0755097177,6573.538026862609,1077.3533173171984,122454167.64273037
4076,4077.0,30.0,494.0,1919150.952865297,44920.44068394601,525.03308,1077.3533173171984,2966.5759749648487,491.8711341369281,260.6917010925719,1539.0761675959977,1272304.0755097177,6573.538026862609,1077.3533173171984,122454167.64273037
4077,4078.0,30.0,494.0,948762.1891942319,56170.74981415948,524.6549051678189,1077.3533173171984,2964.587895345981,491.5415019329531,260.5169960244652,1539.0761675959977,1272304.0755097177,6573.538026862609,1077.3533173171984,122454167.64273037
4078,4079.0,30.0,494.0,0.0,56170.74981415948,524.0441484794696,1077.3533173171984,2958.5805135468613,490.54545203446315,259.98908957826546,1539.0761675959977,1272304.0755097177,6573.538026862609,1077.3533173171984,122454167.64273037
4079,4080.0,30.0,494.0,0.0,0.0,474.9837665975999,992.3067038742652,2695.0354609929077,446.8485418626529,236.82972718720603,1417.5810055346647,1272304.0755097177,6573.538026862609,1077.3533173171984,122454167.64273037
4080,4081.0,30.0,494.0,30141.472185926512,0.0,474.9837665975999,978.335758982034,2686.6628298301503,445.46032338435,236.0939713937055,1397.6225128314773,1272304.0755097177,6573.538026862609,1077.3533173171984,122454167.64273037
4081,4082.0,30.0,494.0,102141.8697117567,0.0,474.9837665975999,974.1016665527059,2675.0353505690655,443.5324370063949,235.07219161338932,1391.5738093610084,1272304.0755097177,6573.538026862609,1077.3533173171984,122454167.64273037
4082,4083.0,30.0,494.0,224446.30568021536,0.0,474.9837665975999,969.0133383979572,2661.062006557225,441.21559610132726,233.84426593370347,1384.304769139939,1272304.0755097177,6573.538026862609,1077.3533173171984,122454167.64273037
4083,4084.0,30.0,494.0,683185.3196255828,45053.90242263768,458.5732055193236,926.222000439174,2567.6079571191945,425.72051029375166,225.6318704556884,1323.1742863416773,1272304.0755097177,6573.538026862609,1077.3533173171984,122454167.64273037
4084,4085.0,30.0,494.0,2070166.1164810774,53218.08153375797,409.17320551932374,839.5019680636894,2309.7630174219375,382.9687035001096,202.9734128550581,1199.2885258052706,1272304.0755097177,6573.538026862609,1077.3533173171984,122454167.64273037
4085,4086.0,30.0,494.0,3467165.049355133,56170.74981415948,409.17320551932374,839.5019680636894,2306.9802018612254,382.5073006378561,202.72886933806373,1199.2885258052706,1272304.0755097177,6573.538026862609,1077.3533173171984,122454167.64273037
4086,4087.0,30.0,494.0,4871660.20473668,55223.82592343539,409.17320551932374,839.5019680636894,2304.897917831367,382.16204893488094,202.54588593548692,1199.2885258052706,1272304.0755097177,6573.538026862609,1077.3533173171984,122454167.64273037
4087,4088.0,30.0,494.0,6283636.735081734,50385.03366730176,409.17320551932374,839.5019680636894,2302.8197581192812,381.81748106164,202.36326496266923,1199.2885258052706,1272304.0755097177,6573.538026862609,1077.3533173171984,122454167.64273037
4088,4089.0,30.0,494.0,7700592.62186964,42955.94217946939,409.17320551932374,839.5019680636894,2301.4366035518224,381.58814804892637,202.24171846593097,1199.2885258052706,1272304.0755097177,6573.538026862609,1077.3533173171984,122454167.64273037
4089,4090.0,30.0,494.0,9125005.235558316,31647.804436619394,409.17320551932374,839.5019680636894,2299.365290523831,381.24471538553644,202.0596991543343,1199.2885258052706,1272304.0755097177,6573.538026862609,1077.3533173171984,122454167.64273037
4090,4091.0,30.0,494.0,10556859.84573301,16468.283312953077,409.17320551932374,839.5019680636894,2297.298069277718,380.90196115728855,201.87803941336296,1199.2885258052706,1272304.0755097177,6573.538026862609,1077.3533173171984,122454167.64273037
4091,4092.0,30.0,494.0,11991191.855519291,0.0,409.17320551932374,839.5019680636894,2296.6099027189402,380.7878601638883,201.81756588686082,1199.2885258052706,1272304.0755097177,6573.538026862609,1077.3533173171984,122454167.64273037
4092,4093.0,30.0,494.0,12955347.83467842,0.0,434.88372444400005,883.8588052440986,2427.2143556709275,402.44264363781843,213.29460112804378,1262.655436062998,1272304.0755097177,6573.538026862609,1077.3533173171984,122454167.64273037
4093,4094.0,30.0,494.0,12993743.74988648,0.0,484.283724444,977.5008098182766,2684.369928990669,445.0801505029213,235.8924797665483,1396.4297283118237,1272304.0755097177,6573.538026862609,1077.3533173171984,122454167.64273037
4094,4095.0,30.0,494.0,12993743.74988648,19973.848188067786,484.28372444399986,977.5008098182766,2695.0354609929077,446.8485418626528,236.82972718720598,1396.4297283118237,1272304.0755097177,6573.538026862609,1077.3533173171984,122454167.64273037
4095,4096.0,30.0,494.0,12940031.234830234,0.0,484.28372444399986,990.7015180703871,2709.955604064087,449.3223661489138,238.1408540589243,1415.287882957696,1272304.0755097177,6573.538026862609,1077.3533173171984,122454167.64273037
4096,4097.0,30.0,494.0,12062507.22197032,0.0,524.6774,1070.1474700421672,2938.7921312317726,487.26445261486356,258.2501598858777,1528.7821000602391,1272304.0755097177,6573.538026862609,1077.3533173171984,122454167.64273037
4097,4098.0,30.0,494.0,11128552.820768898,0.0,524.6774,1075.8554875825282,2954.4672391044132,489.8634533322229,259.62763026607814,1536.9364108321831,1272304.0755097177,6573.538026862609,1077.3533173171984,122454167.64273037
4098,4099.0,30.0,494.0,10157738.33478926,16659.204671876458,524.6774,1076.3446500719538,2964.706151542807,491.5611093221258,260.52738794072667,1537.6352143885053,1272304.0755097177,6573.538026862609,1077.3533173171984,122454167.64273037
4099,4100.0,30.0,494.0,9180192.484490272,36820.116446829554,524.6774,1076.3446500719538,2966.575974964849,491.8711341369281,260.6917010925719,1537.6352143885056,1272304.0755097177,6573.538026862609,1077.3533173171984,122454167.64273037
4100,4101.0,30.0,494.0,8212740.2617414985,51730.24612003,524.6774,1076.344650071954,2963.772189534234,491.4062543795002,260.44531482113507,1537.6352143885058,1272304.0755097177,6573.538026862609,1077.3533173171984,122454167.64273037
4101,4102.0,30.0,494.0,7265413.898945576,56170.74981415948,524.6774,1076.344650071954,2958.1816728806643,490.47932252607444,259.95404093881945,1537.6352143885058,1272304.0755097177,6573.538026862609,1077.3533173171984,122454167.64273037
4102,4103.0,30.0,494.0,6666519.716795613,0.0,507.42030513083824,1052.885739337281,2861.394956034564,474.431666040538,251.44878300148517,1504.1224847675444,1272304.0755097177,6573.538026862609,1077.3533173171984,122454167.64273037
4103,4104.0,30.0,494.0,7021329.760140673,6751.489793044515,458.02030513083827,944.1822614217939,2596.4771156192796,430.5071417007507,228.16878510139787,1348.8318020311342,1272304.0755097177,6573.538026862609,1077.3533173171984,122454167.64273037
4104,4105.0,30.0,494.0,7402096.70745146,0.0,458.02030513083827,944.1822614217939,2589.2668645176896,429.3116508666442,227.53517495932144,1348.8318020311342,1272304.0755097177,6573.538026862609,1077.3533173171984,122454167.64273037
4105,4106.0,30.0,494.0,7820081.66801525,13313.176243813708,458.02030513083827,936.5161412980607,2578.9285275029656,427.5975098517382,226.62668022142125,1337.8802018543724,1272304.0755097177,6573.538026862609,1077.3533173171984,122454167.64273037
4106,4107.0,30.0,494.0,8280611.181754658,41548.740936446,458.02030513083827,929.3111210637608,2567.1105960653017,425.63804567874826,225.5881642097366,1327.5873158053726,1272304.0755097177,6573.538026862609,1077.3533173171984,122454167.64273037
4107,4108.0,30.0,494.0,8774872.375773637,52236.828055430204,458.02030513083827,929.3111210637608,2557.7406848765245,424.0844738565263,224.76477114395894,1327.5873158053726,1272304.0755097177,6573.538026862609,1077.3533173171984,122454167.64273037
4108,4109.0,30.0,494.0,9283109.536041267,55654.51084573846,458.02030513083827,929.3111210637608,2553.8584720296767,423.4407861667267,224.42361666836516,1327.5873158053726,1272304.0755097177,6573.538026862609,1077.3533173171984,122454167.64273037
4109,4110.0,30.0,494.0,9796924.168907935,56170.74981415948,458.02030513083827,929.3111210637608,2552.309174085501,423.1839058631887,224.28747010749004,1327.5873158053726,1272304.0755097177,6573.538026862609,1077.3533173171984,122454167.64273037
4110,4111.0,30.0,494.0,10313524.778112965,55237.70262449328,458.02030513083827,929.3111210637608,2551.535291769288,423.0555928262813,224.2194641979291,1327.5873158053726,1272304.0755097177,6573.538026862609,1077.3533173171984,122454167.64273037
4111,4112.0,30.0,494.0,10838472.298318762,49962.52861572895,458.02030513083827,929.3111210637608,2549.2167053801863,422.67116116957465,224.01571541987457,1327.5873158053726,1272304.0755097177,6573.538026862609,1077.3533173171984,122454167.64273037
4112,4113.0,30.0,494.0,11368975.262323733,41797.37033492327,458.02030513083827,929.3111210637608,2547.6735265470825,422.41529544113195,223.88010658379994,1327.5873158053726,1272304.0755097177,6573.538026862609,1077.3533173171984,122454167.64273037
4113,4114.0,30.0,494.0,11905026.356189914,30746.03254843317,458.02030513083827,929.3111210637608,2546.132379363413,422.15976656895725,223.74467628154736,1327.5873158053726,1272304.0755097177,6573.538026862609,1077.3533173171984,122454167.64273037
4114,4115.0,30.0,494.0,12446618.280413412,16812.312513905577,458.0203051308389,929.3111210637608,2544.593259819714,421.904573888264,223.60942416077992,1327.5873158053726,1272304.0755097177,6573.538026862609,1077.3533173171984,122454167.64273037
4115,4116.0,30.0,494.0,12993743.74988648,0.0,458.0203051308389,929.3111210637608,2543.0561639170555,421.64971673601224,223.47434987008648,1327.5873158053726,1272304.0755097177,6573.538026862609,1077.3533173171984,122454167.64273037
4116,4117.0,30.0,494.0,12636677.255222362,0.0,507.4203051308389,1017.5024195616446,2794.220598399607,463.29386685600264,245.5457494336814,1453.5748850880639,1272304.0755097177,6573.538026862609,1077.3533173171984,122454167.64273037
4117,4118.0,30.0,494.0,11861897.123260384,0.0,529.30124,1059.7547739866138,2910.2521643156792,482.53240259702585,255.74217337642372,1513.9353914094484,1272304.0755097177,6573.538026862609,1077.3533173171984,122454167.64273037
4118,4119.0,30.0,494.0,11045290.214596102,0.0,529.30124,1063.9856145335305,2921.8707133996527,484.4588083129716,256.763168405875,1519.979449333615,1272304.0755097177,6573.538026862609,1077.3533173171984,122454167.64273037
4119,4120.0,30.0,494.0,10183235.205166727,0.0,529.30124,1068.5827573845288,2934.4951858344007,486.55200047348364,257.8725602509463,1526.5467962636126,1272304.0755097177,6573.538026862609,1077.3533173171984,122454167.64273037
4120,4121.0,30.0,494.0,9275307.527442731,0.0,529.30124,1073.222845871325,2947.237593694018,488.66474683778995,258.9923158240287,1533.175494101893,1272304.0755097177,6573.538026862609,1077.3533173171984,122454167.64273037
4121,4122.0,30.0,494.0,8331035.301992085,0.0,529.30124,1076.899150820082,2957.333301395865,490.3386588626728,259.87948919721657,1538.427358314403,1272304.0755097177,6573.538026862609,1077.3533173171984,122454167.64273037
4122,4123.0,30.0,494.0,7353489.451693097,14973.480227983082,529.30124,1077.3533173171984,2966.5759749648487,491.87113413692816,260.6917010925719,1539.0761675959977,1272304.0755097177,6573.538026862609,1077.3533173171984,122454167.64273037
4123,4124.0,30.0,494.0,6375943.601394109,29946.96045596525,528.2342,1077.3533173171984,2966.575974964849,491.8711341369282,260.6917010925719,1539.0761675959977,1272304.0755097177,6573.538026862609,1077.3533173171984,122454167.64273037
4124,4125.0,30.0,494.0,5398397.751095122,44920.44068394974,528.05636,1077.3533173171984,2966.575974964849,491.87113413692816,260.6917010925719,1539.0761675959977,1272304.0755097177,6573.538026862609,1077.3533173171984,122454167.64273037
4125,4126.0,30.0,494.0,4428008.9874240775,56170.74981415948,527.8537194406838,1077.3533173171984,2964.5878953459755,491.5415019329522,260.5169960244647,1539.0761675959977,1272304.0755097177,6573.538026862609,1077.3533173171984,122454167.64273037
4126,4127.0,30.0,494.0,3543397.7276521605,22798.946629850194,523.998376180168,1077.3533173171984,2940.760810929551,487.5908682279712,258.42316016082475,1539.0761675959977,1272304.0755097177,6573.538026862609,1077.3533173171984,122454167.64273037
4127,4128.0,30.0,494.0,3604731.860618973,0.0,474.598376180168,979.6137035561454,2677.99820183546,444.0236905677327,235.33255600089834,1399.4481479373508,1272304.0755097177,6573.538026862609,1077.3533173171984,122454167.64273037
4128,4129.0,30.0,494.0,3689885.8639605492,8705.545264653862,474.598376180168,971.0784148879764,2671.381571175803,442.9266245717171,234.75111102301008,1387.2548784113949,1272304.0755097177,6573.538026862609,1077.3533173171984,122454167.64273037
4129,4130.0,30.0,494.0,3801685.2318836134,3549.9684755057096,474.598376180168,971.0784148879764,2663.9800810142788,441.6994254739103,234.10069550117248,1387.2548784113949,1272304.0755097177,6573.538026862609,1077.3533173171984,122454167.64273037
4130,4131.0,30.0,494.0,3948763.829238464,35740.5673338566,474.598376180168,960.2481120900935,2654.1802950610045,440.07457855550524,233.23952663441779,1371.7830172715624,1272304.0755097177,6573.538026862609,1077.3533173171984,122454167.64273037
4131,4132.0,30.0,494.0,4127935.4502571607,51236.13029882684,474.598376180168,960.2481120900935,2645.2655662654915,438.59647794383153,232.4561333102307,1371.7830172715624,1272304.0755097177,6573.538026862609,1077.3533173171984,122454167.64273037
4132,4133.0,30.0,494.0,4327408.471656564,56170.74981415948,474.598376180168,960.2481120900935,2639.6262883819622,437.6614612674702,231.96057447175923,1371.7830172715624,1272304.0755097177,6573.538026862609,1077.3533173171984,122454167.64273037
4133,4134.0,30.0,494.0,4538440.195910027,55092.44387095701,474.598376180168,960.2481120900935,2636.4155375891637,437.1291048919004,231.6784255927072,1371.7830172715624,1272304.0755097177,6573.538026862609,1077.3533173171984,122454167.64273037
4134,4135.0,30.0,494.0,4755239.839697029,51013.62215675879,474.598376180168,960.2481120900935,2634.8133377187405,436.863453220064,231.53763020663393,1371.7830172715624,1272304.0755097177,6573.538026862609,1077.3533173171984,122454167.64273037
4135,4136.0,30.0,494.0,4977799.801842365,43938.238860922866,474.598376180168,960.2481120900935,2633.21324928587,436.5981516337108,231.39702036586675,1371.7830172715624,1272304.0755097177,6573.538026862609,1077.3533173171984,122454167.64273037
4136,4137.0,30.0,494.0,5203237.077420142,35366.055153439134,474.598376180168,960.2481120900935,2632.4139955546366,436.4656319064014,231.32678491039277,1371.7830172715624,1272304.0755097177,6573.538026862609,1077.3533173171984,122454167.64273037
4137,4138.0,30.0,494.0,5431549.771764385,25298.056654007174,474.598376180168,960.2481120900935,2631.6152681195067,436.33319944126345,231.25659570386964,1371.7830172715624,1272304.0755097177,6573.538026862609,1077.3533173171984,122454167.64273037
4138,4139.0,30.0,494.0,5656987.047342161,16725.8729465222,474.598376180168,960.2481120900935,2632.4139955546366,436.4656319064014,231.32678491039277,1371.7830172715624,1272304.0755097177,6573.538026862609,1077.3533173171984,122454167.64273037
4139,4140.0,30.0,494.0,5882424.322919937,8153.6892390381545,474.598376180168,960.2481120900935,2632.4139955546366,436.4656319064014,231.32678491039277,1371.7830172715624,1272304.0755097177,6573.538026862609,1077.3533173171984,122454167.64273037
4140,4141.0,30.0,494.0,6104984.285065273,1078.3059432022274,474.598376180168,960.2481120900935,2633.21324928587,436.5981516337108,231.39702036586675,1371.7830172715624,1272304.0755097177,6573.538026862609,1077.3533173171984,122454167.64273037
4141,4142.0,30.0,494.0,6316016.00931875,0.0,474.598376180168,960.2481120900935,2636.4155375891637,437.1291048919004,231.6784255927072,1371.7830172715624,1272304.0755097177,6573.538026862609,1077.3533173171984,122454167.64273037
4142,4143.0,30.0,494.0,6503899.741980304,0.0,474.59837618016616,962.37989519811,2642.845535253587,438.19522632967517,232.24346995472786,1374.8284217115859,1272304.0755097177,6573.538026862609,1077.3533173171984,122454167.64273037
4143,4144.0,30.0,494.0,5743464.53825086,0.0,523.998376180166,1058.303763203718,2906.267462028864,481.8717217145694,255.3920125087218,1511.8625188624544,1272304.0755097177,6573.538026862609,1077.3533173171984,122454167.64273037
4144,4145.0,30.0,494.0,4851997.739593396,0.0,529.1234,1071.5578035208646,2942.6651272866475,487.9066121206695,258.5905044239548,1530.7968621726636,1272304.0755097177,6573.538026862609,1077.3533173171984,122454167.64273037
4145,4146.0,30.0,494.0,3924295.5629536677,0.0,529.1234,1075.2230657879365,2952.7305100594986,489.5754961410975,259.4750129547817,1536.0329511256239,1272304.0755097177,6573.538026862609,1077.3533173171984,122454167.64273037
4146,4147.0,30.0,494.0,2966747.370144643,7108.854435430918,529.1234,1076.8597573725647,2961.0210701065253,490.95010687325976,260.20355664282766,1538.3710819608068,1272304.0755097177,6573.538026862609,1077.3533173171984,122454167.64273037
4147,4148.0,30.0,494.0,1992540.0619405042,22883.90786745913,529.1234,1076.8597573725647,2965.648602160724,491.717371712914,260.61020700784445,1538.3710819608068,1272304.0755097177,6573.538026862609,1077.3533173171984,122454167.64273037
4148,4149.0,30.0,494.0,1014994.2116415165,40395.69638213138,529.1234,1076.859757372565,2966.5759749648487,491.8711341369281,260.6917010925719,1538.371081960807,1272304.0755097177,6573.538026862609,1077.3533173171984,122454167.64273037
4149,4150.0,30.0,494.0,40786.903437377885,56170.74981415948,529.1234,1076.859757372565,2965.648602160724,491.717371712914,260.61020700784445,1538.371081960807,1272304.0755097177,6573.538026862609,1077.3533173171984,122454167.64273037
4150,4151.0,30.0,494.0,0.0,0.0,479.72339999999997,996.4323596969508,2706.365156392179,448.7270543876967,237.82533882547926,1423.4747995670728,1272304.0755097177,6573.538026862609,1077.3533173171984,122454167.64273037
4151,4152.0,30.0,494.0,316011.9449419021,9013.051233490309,461.32314846326466,947.6669986054209,2607.2543651757123,432.2940563144115,229.1158498466381,1353.8099980077443,1272304.0755097177,6573.538026862609,1077.3533173171984,122454167.64273037
4152,4153.0,30.0,494.0,646490.0217516236,10500.710241513327,461.32314846326466,947.6669986054209,2603.235995212429,431.62779318550383,228.76273038831704,1353.8099980077443,1272304.0755097177,6573.538026862609,1077.3533173171984,122454167.64273037
4153,4154.0,30.0,494.0,1000013.4529093914,0.0,461.32314846326466,947.6669986054209,2596.834507893527,430.56639888639154,228.20019140978752,1353.8099980077443,1272304.0755097177,6573.538026862609,1077.3533173171984,122454167.64273037
4154,4155.0,30.0,494.0,1379316.2027651202,30666.14098875597,461.32314846326483,937.0547167378865,2589.673586032983,429.3790870539165,227.57091613857577,1338.6495953398378,1272304.0755097177,6573.538026862609,1077.3533173171984,122454167.64273037
4155,4156.0,30.0,494.0,1789918.0193972606,45050.2685176786,461.32314846326483,937.0547167378865,2580.9794008173135,427.93755352215567,226.80690336674252,1338.6495953398378,1272304.0755097177,6573.538026862609,1077.3533173171984,122454167.64273037
4156,4157.0,30.0,494.0,2217495.9930243306,50603.269589629024,461.32314846326483,937.0547167378865,2576.2638016520546,427.1556867743882,226.39251399042575,1338.6495953398378,1272304.0755097177,6573.538026862609,1077.3533173171984,122454167.64273037
4157,4158.0,30.0,494.0,2659169.342967799,56170.74981415948,461.32314846326483,935.6261331109387,2572.3484193419445,426.506499444043,226.0484447053428,1336.6087615870554,1272304.0755097177,6573.538026862609,1077.3533173171984,122454167.64273037
4158,4159.0,30.0,494.0,3112085.5030711642,55889.63437104598,461.32314846326483,935.6261331109387,2569.2254165197505,425.9886920617178,225.77400679271045,1336.6087615870554,1272304.0755097177,6573.538026862609,1077.3533173171984,122454167.64273037
4159,4160.0,30.0,494.0,3570611.94512102,52690.00743305497,461.3231484632648,935.6261331109387,2567.6670048679534,425.7303006660177,225.63705935298938,1336.6087615870554,1272304.0755097177,6573.538026862609,1077.3533173171984,122454167.64273037
4160,4161.0,30.0,494.0,4037539.9474006556,45119.8247298589,461.3231484632648,935.6261331109387,2565.3332381374535,425.3433520430162,225.4319765827986,1336.6087615870554,1272304.0755097177,6573.538026862609,1077.3533173171984,122454167.64273037
4161,4162.0,30.0,494.0,4507264.78034468,36094.70936532505,461.3231484632648,935.6261331109387,2564.5563407306786,425.2145390910462,225.3637057182545,1336.6087615870554,1272304.0755097177,6573.538026862609,1077.3533173171984,122454167.64273037
4162,4163.0,30.0,494.0,4979784.6022837665,25615.619389891624,461.3231484632648,935.6261331109387,2563.779954898717,425.08581096039404,225.29547980900887,1336.6087615870554,1272304.0755097177,6573.538026862609,1077.3533173171984,122454167.64273037
4163,4164.0,30.0,494.0,5452304.424222853,15136.5294144582,461.32314846326483,935.6261331109387,2563.7799548987173,425.0858109603941,225.2954798090089,1336.6087615870554,1272304.0755097177,6573.538026862609,1077.3533173171984,122454167.64273037
4164,4165.0,30.0,494.0,5924824.2461619405,4657.4394390257075,461.3231484632648,935.6261331109387,2563.779954898717,425.08581096039404,225.29547980900887,1336.6087615870554,1272304.0755097177,6573.538026862609,1077.3533173171984,122454167.64273037
4165,4166.0,30.0,494.0,6386153.054818949,0.0,461.3231484632648,935.6261331109387,2566.888569699294,425.6012327464728,225.5686533556306,1336.6087615870554,1272304.0755097177,6573.538026862609,1077.3533173171984,122454167.64273037
4166,4167.0,30.0,494.0,6516207.566003388,0.0,477.41148,968.2294067864252,2658.909207886119,440.85865276569,233.65508596581572,1383.1848668377504,1272304.0755097177,6573.538026862609,1077.3533173171984,122454167.64273037
4167,4168.0,30.0,494.0,5687347.444845349,0.0,526.81148,1065.2250451647153,2925.2743835368074,485.0231515506701,257.0622703218552,1521.750064521022,1272304.0755097177,6573.538026862609,1077.3533173171984,122454167.64273037
4168,4169.0,30.0,494.0,4812708.611845614,0.0,526.81148,1069.8556298168382,2937.990692381723,487.13157058539855,258.17973241026124,1528.3651854526263,1272304.0755097177,6573.538026862609,1077.3533173171984,122454167.64273037
4169,4170.0,30.0,494.0,3891860.827185286,0.0,526.81148,1074.5297338652476,2950.826512287443,489.25980507117777,259.3076966877242,1535.0424769503538,1272304.0755097177,6573.538026862609,1077.3533173171984,122454167.64273037
4170,4171.0,30.0,494.0,2934400.2169971745,8384.994596050741,526.81148,1076.6027598958956,2960.9967416007166,490.94607310171807,260.2014187439106,1538.0039427084223,1272304.0755097177,6573.538026862609,1077.3533173171984,122454167.64273037
4171,4172.0,30.0,494.0,1956854.3666981868,27218.484419304204,526.81148,1076.6027598958956,2966.575974964849,491.87113413692816,260.6917010925719,1538.0039427084223,1272304.0755097177,6573.538026862609,1077.3533173171984,122454167.64273037
4172,4173.0,30.0,494.0,982661.7047913224,44307.62004427304,526.81148,1076.6027598958956,2965.6445337448145,491.71669715195065,260.60984949053386,1538.0039427084223,1272304.0755097177,6573.538026862609,1077.3533173171984,122454167.64273037
4173,4174.0,30.0,494.0,18515.04282393679,56170.74981415948,526.81148,1076.6027598958956,2962.85397820607,491.2540109678456,260.36462581295814,1538.0039427084223,1272304.0755097177,6573.538026862609,1077.3533173171984,122454167.64273037
4174,4175.0,30.0,494.0,0.0,0.0,477.41148,994.179527937782,2700.1785284440016,447.7012847020276,237.28168089207463,1420.2564684825459,1272304.0755097177,6573.538026862609,1077.3533173171984,122454167.64273037
4175,4176.0,30.0,494.0,5591.196363449097,0.0,477.41148,980.8190558214484,2693.4823508919494,446.59102948702366,236.69324562812255,1401.1700797449264,1272304.0755097177,6573.538026862609,1077.3533173171984,122454167.64273037
4176,4177.0,30.0,494.0,723632.4310450052,17989.1556400056,440.7493303854124,905.2557855816386,2495.579562470253,413.77789076705756,219.3022821065405,1293.2225508309125,1272304.0755097177,6573.538026862609,1077.3533173171984,122454167.64273037
4177,4178.0,30.0,494.0,1469158.9161698967,21680.27418957185,440.7493303854124,905.2557855816386,2487.944770680438,412.51200924969635,218.63136490233907,1293.2225508309125,1272304.0755097177,6573.538026862609,1077.3533173171984,122454167.64273037
4178,4179.0,30.0,494.0,2250143.3164826175,44899.47929713782,440.7493303854123,897.8720368883778,2478.095349794929,410.8789326447378,217.76583430171104,1282.6743384119684,1272304.0755097177,6573.538026862609,1077.3533173171984,122454167.64273037
4179,4180.0,30.0,494.0,3058195.3980810903,54037.869977572,440.7493303854123,897.8720368883778,2470.576549437776,409.6322830088505,217.10510999469076,1282.6743384119684,1272304.0755097177,6573.538026862609,1077.3533173171984,122454167.64273037
4180,4181.0,30.0,494.0,3879714.2387045063,56170.74981415948,440.74933038541224,897.8720368883778,2466.835783041959,409.0120477527237,216.77638530894356,1282.6743384119684,1272304.0755097177,6573.538026862609,1077.3533173171984,122454167.64273037
4181,4182.0,30.0,494.0,4706607.331330733,55507.90273430385,440.7493303854124,897.8720368883778,2465.3429352634002,408.76452713092596,216.64519937939076,1282.6743384119684,1272304.0755097177,6573.538026862609,1077.3533173171984,122454167.64273037
4182,4183.0,30.0,494.0,5538867.581888011,52053.019128290936,440.7493303854124,897.8720368883778,2463.8520580603304,408.5173332390717,216.51418661670803,1282.6743384119684,1272304.0755097177,6573.538026862609,1077.3533173171984,122454167.64273037
4183,4184.0,30.0,494.0,6373808.755521951,47203.49887285847,440.7493303854124,897.8720368883778,2463.107357205702,408.3938586147742,216.44874506583034,1282.6743384119684,1272304.0755097177,6573.538026862609,1077.3533173171984,122454167.64273037
4184,4185.0,30.0,494.0,7211429.083975637,40960.261828758754,440.7493303854124,897.8720368883778,2462.3631475335505,408.2704654306569,216.38334667824816,1282.6743384119684,1272304.0755097177,6573.538026862609,1077.3533173171984,122454167.64273037
4185,4186.0,30.0,494.0,8051726.800741011,33324.22694695741,440.7493303854124,897.8720368883778,2461.6194285580814,408.147153606173,216.3179914112717,1282.6743384119684,1272304.0755097177,6573.538026862609,1077.3533173171984,122454167.64273037
4186,4187.0,30.0,494.0,8894700.141056566,24296.312269866467,440.7493303854124,897.8720368883778,2460.8761997941424,408.02392306088205,216.2526792222675,1282.6743384119684,1272304.0755097177,6573.538026862609,1077.3533173171984,122454167.64273037
4187,4188.0,30.0,494.0,9737673.48137212,15268.397592775524,440.7493303854124,897.8720368883778,2460.8761997941424,408.02392306088205,216.2526792222675,1282.6743384119684,1272304.0755097177,6573.538026862609,1077.3533173171984,122454167.64273037
4188,4189.0,30.0,494.0,10583320.682220595,4849.520255432464,440.7493303854124,897.8720368883778,2460.1334607572203,407.9007737144497,216.18741006865835,1282.6743384119684,1272304.0755097177,6573.538026862609,1077.3533173171984,122454167.64273037
4189,4190.0,30.0,494.0,11418261.855854535,0.0,440.7493303854124,897.8720368883778,2463.107357205702,408.3938586147742,216.44874506583034,1282.6743384119684,1272304.0755097177,6573.538026862609,1077.3533173171984,122454167.64273037
4190,4191.0,30.0,494.0,12220914.745119547,0.0,440.7493303854124,900.1950825059009,2472.07632508596,409.88095230141147,217.23690471974808,1285.99297500843,1272304.0755097177,6573.538026862609,1077.3533173171984,122454167.64273037
4191,4192.0,30.0,494.0,12993743.74988648,0.0,440.74933038541246,903.2118126904694,2480.3607374465378,411.2545437205572,217.96490817189533,1290.3025895578135,1272304.0755097177,6573.538026862609,1077.3533173171984,122454167.64273037
4192,4193.0,30.0,494.0,12953268.612972418,0.0,483.0892202564379,985.4787338087201,2706.278554580146,448.7126954325031,237.81772857922667,1407.826762583886,1272304.0755097177,6573.538026862609,1077.3533173171984,122454167.64273037
4193,4194.0,30.0,494.0,12885707.624033142,0.0,483.08922025643795,988.2185079445968,2713.8024023649286,449.96018195373347,238.47889643547876,1411.7407256351385,1272304.0755097177,6573.538026862609,1077.3533173171984,122454167.64273037
4194,4195.0,30.0,494.0,12790897.247372627,2047.0153660271317,483.08922025643716,990.5767931932459,2721.3716767319393,451.21520039887514,239.14405621140384,1415.1097045617798,1272304.0755097177,6573.538026862609,1077.3533173171984,122454167.64273037
4195,4196.0,30.0,494.0,12674778.890439544,15178.604725211859,483.08922025643716,990.5767931932459,2727.2905601409866,452.19657688132537,239.66418574710247,1415.1097045617798,1272304.0755097177,6573.538026862609,1077.3533173171984,122454167.64273037
4196,4197.0,30.0,494.0,12549497.807737522,33076.713973450474,483.08922025643716,990.5767931932459,2729.8357617434694,452.6185823210597,239.88784863016164,1415.1097045617798,1272304.0755097177,6573.538026862609,1077.3533173171984,122454167.64273037
4197,4198.0,30.0,494.0,12430327.263342734,47796.074549251236,483.08922025643716,990.5767931932459,2728.13838999148,452.33715073941516,239.73868989189006,1415.1097045617798,1272304.0755097177,6573.538026862609,1077.3533173171984,122454167.64273037
4198,4199.0,30.0,494.0,12323353.166869432,56170.74981415948,483.0892202564371,990.5767931932459,2724.7504877910474,451.775421893859,239.44097360374528,1415.1097045617798,1272304.0755097177,6573.538026862609,1077.3533173171984,122454167.64273037
4199,4200.0,30.0,494.0,12237644.181414042,53483.15199942887,483.0892202564371,990.5767931932459,2718.8435125082938,450.7960198302792,238.92189051004797,1415.1097045617798,1272304.0755097177,6573.538026862609,1077.3533173171984,122454167.64273037
4200,4201.0,30.0,494.0,12179129.907603653,36648.65759499371,483.0892202564371,990.5767931932459,2711.289425940238,449.5435195879275,238.2580653816016,1415.1097045617798,1272304.0755097177,6573.538026862609,1077.3533173171984,122454167.64273037
4201,4202.0,30.0,494.0,12153632.34366947,2638.618678510189,483.0892202564371,990.5767931932459,2702.118117641292,448.02287698426875,237.45212480166245,1415.1097045617798,1272304.0755097177,6573.538026862609,1077.3533173171984,122454167.64273037
4202,4203.0,30.0,494.0,12166844.157290582,28909.04128495697,483.0892202564371,974.9400813455235,2691.3655127648212,446.24004856519264,236.5072257395521,1392.7715447793194,1272304.0755097177,6573.538026862609,1077.3533173171984,122454167.64273037
4203,4204.0,30.0,494.0,12206659.952687446,41339.86948904209,483.0892202564371,974.9400813455235,2683.9755178271116,445.01475542523843,235.85782037537638,1392.7715447793194,1272304.0755097177,6573.538026862609,1077.3533173171984,122454167.64273037
4204,4205.0,30.0,494.0,12255308.61286826,49175.77400647011,483.0892202564371,974.9400813455235,2681.521944276015,444.60794231293283,235.64220942585442,1392.7715447793194,1272304.0755097177,6573.538026862609,1077.3533173171984,122454167.64273037
4205,4206.0,30.0,494.0,12312772.660150371,54199.353561104275,483.0892202564371,974.5952328205374,2679.0732256367655,444.20193416602064,235.42702510799094,1392.2789040293392,1272304.0755097177,6573.538026862609,1077.3533173171984,122454167.64273037
4206,4207.0,30.0,494.0,12376103.947943347,56170.74981415948,483.0892202564371,974.5952328205374,2677.44343660597,443.93170809200586,235.28380528876312,1392.2789040293392,1272304.0755097177,6573.538026862609,1077.3533173171984,122454167.64273037
4207,4208.0,30.0,494.0,12445294.746729739,55093.983719615266,483.0892202564371,974.5952328205374,2675.8157946633546,443.66183801450256,235.14077414768636,1392.2789040293392,1272304.0755097177,6573.538026862609,1077.3533173171984,122454167.64273037
4208,4209.0,30.0,494.0,12520337.34225638,50973.0682908576,483.0892202564371,974.5952328205374,2674.1902955688406,443.3923232304875,234.99793131215839,1392.2789040293392,1272304.0755097177,6573.538026862609,1077.3533173171984,122454167.64273037
4209,4210.0,30.0,494.0,12601224.035494214,43812.008621570654,483.0892202564371,974.5952328205374,2672.5669350935095,443.1231630387874,234.85527641055734,1392.2789040293392,1272304.0755097177,6573.538026862609,1077.3533173171984,122454167.64273037
4210,4211.0,30.0,494.0,12687947.142598253,33614.801906572655,483.0892202564371,974.5952328205374,2670.9457090195638,442.85435674007346,234.71280907223894,1392.2789040293392,1272304.0755097177,6573.538026862609,1077.3533173171984,122454167.64273037
4211,4212.0,30.0,494.0,12780498.994867684,20385.43746256642,483.0892202564371,974.5952328205374,2669.326613140288,442.58590363685397,234.57052892753262,1392.2789040293392,1272304.0755097177,6573.538026862609,1077.3533173171984,122454167.64273037
4212,4213.0,30.0,494.0,12875962.348678688,5641.487691564485,483.0892202564371,974.5952328205374,2668.5178627120736,442.45180931608934,234.49945893752735,1392.2789040293392,1272304.0755097177,6573.538026862609,1077.3533173171984,122454167.64273037
4213,4214.0,30.0,494.0,12953927.954489613,0.0,483.0892202564371,974.5952328205374,2673.378348267651,443.2576988543494,234.92658039280522,1392.2789040293392,1272304.0755097177,6573.538026862609,1077.3533173171984,122454167.64273037
4214,4215.0,30.0,494.0,12993743.74988648,0.0,483.0892202564371,977.3571868296511,2683.9755178271116,445.01475542523843,235.85782037537638,1396.2245526137874,1272304.0755097177,6573.538026862609,1077.3533173171984,122454167.64273037
4215,4216.0,30.0,494.0,12181184.81511551,0.0,526.63364,1063.576155965815,2920.746276207066,484.2723717605789,256.66435703310685,1519.3945085225928,1272304.0755097177,6573.538026862609,1077.3533173171984,122454167.64273037
4216,4217.0,30.0,494.0,11313148.559346104,0.0,526.63364,1069.187769329786,2936.156643151076,486.82747728633785,258.0185629617591,1527.4110990425515,1272304.0755097177,6573.538026862609,1077.3533173171984,122454167.64273037
4217,4218.0,30.0,494.0,10395635.95501746,0.0,526.63364,1074.19237542429,2949.90007330642,489.10619747907486,259.22628466390967,1534.5605363204145,1272304.0755097177,6573.538026862609,1077.3533173171984,122454167.64273037
4218,4219.0,30.0,494.0,9444861.405730287,5342.065292177592,526.63364,1076.5181356096218,2959.139502461567,490.6381348154762,260.0382114522024,1537.8830508708884,1272304.0755097177,6573.538026862609,1077.3533173171984,122454167.64273037
4219,4220.0,30.0,494.0,8474021.932215542,21122.057333981764,526.63364,1076.5181356096218,2964.713092524781,491.56226016697343,260.5279978884959,1537.8830508708884,1272304.0755097177,6573.538026862609,1077.3533173171984,122454167.64273037
4220,4221.0,30.0,494.0,7496476.081916554,40390.757772355755,526.63364,1076.5181356096218,2966.5759749648487,491.8711341369281,260.6917010925719,1537.8830508708884,1272304.0755097177,6573.538026862609,1077.3533173171984,122454167.64273037
4221,4222.0,30.0,494.0,6525636.608401809,56170.74981415948,526.63364,1076.5181356096218,2964.713092524781,491.56226016697343,260.5279978884959,1537.8830508708884,1272304.0755097177,6573.538026862609,1077.3533173171984,122454167.64273037
4222,4223.0,30.0,494.0,6492307.453146404,0.0,477.23364000000004,995.6779973988099,2704.2935596749644,448.383574687406,237.6432945843252,1422.3971391411571,1272304.0755097177,6573.538026862609,1077.3533173171984,122454167.64273037
4223,4224.0,30.0,494.0,6893261.722958697,10052.009465022944,454.79807158065,938.8729367087692,2583.6592749339375,428.3818882475132,227.042400771182,1341.247052441099,1272304.0755097177,6573.538026862609,1077.3533173171984,122454167.64273037
4224,4225.0,30.0,494.0,7305729.116221372,14114.804225243008,454.79807158065,938.8729367087692,2580.461185086609,427.8516311114909,226.7613644890902,1341.247052441099,1272304.0755097177,6573.538026862609,1077.3533173171984,122454167.64273037
4225,4226.0,30.0,494.0,7732544.424690753,10713.703969524242,454.79807158065,938.8729367087692,2576.4756530847485,427.1908126586895,226.41113070910544,1341.247052441099,1272304.0755097177,6573.538026862609,1077.3533173171984,122454167.64273037
4226,4227.0,30.0,494.0,8190756.193893569,44968.678509771824,454.79807158065,928.3751235601593,2567.7544139921256,425.7447934770575,225.64474054284048,1326.2501765145134,1272304.0755097177,6573.538026862609,1077.3533173171984,122454167.64273037
4227,4228.0,30.0,494.0,8694225.255931959,55680.463843503036,454.79807158065,928.3751235601593,2555.1829437600213,423.6603893111042,224.54000633488525,1326.2501765145134,1272304.0755097177,6573.538026862609,1077.3533173171984,122454167.64273037
4228,4229.0,30.0,494.0,9217343.201808283,56170.74981415948,454.79807158065,928.3751235601593,2549.7249204717064,422.7554254309861,224.06037547842266,1326.2501765145134,1272304.0755097177,6573.538026862609,1077.3533173171984,122454167.64273037
4229,4230.0,30.0,494.0,9748854.170290751,52294.92135660816,454.79807158065,928.3751235601593,2547.3935253033333,422.3688700232479,223.8555011123214,1326.2501765145134,1272304.0755097177,6573.538026862609,1077.3533173171984,122454167.64273037
4230,4231.0,30.0,494.0,10283159.102873733,46965.65144613199,454.79807158065,928.3751235601593,2546.6174241643016,422.24018909591547,223.78730022083522,1326.2501765145134,1272304.0755097177,6573.538026862609,1077.3533173171984,122454167.64273037
4231,4232.0,30.0,494.0,10820256.14758051,40183.903495147824,454.79807158065,928.3751235601593,2545.8418374632474,422.11159346462597,223.71914453625178,1326.2501765145134,1272304.0755097177,6573.538026862609,1077.3533173171984,122454167.64273037
4232,4233.0,30.0,494.0,11360143.454275124,31950.63995850738,454.79807158065,928.3751235601593,2545.0667646888483,421.9830830445997,223.65103401363785,1326.2501765145134,1272304.0755097177,6573.538026862609,1077.3533173171984,122454167.64273037
4233,4234.0,30.0,494.0,11902819.174659938,22266.82233475335,454.79807158065,928.3751235601593,2544.292205330459,421.8546577511698,223.58296860811998,1326.2501765145134,1272304.0755097177,6573.538026862609,1077.3533173171984,122454167.64273037
4234,4235.0,30.0,494.0,12448281.462273208,11133.411167376675,454.79807158065,928.3751235601593,2543.51815887811,421.72631749978075,223.5149482748838,1326.2501765145134,1272304.0755097177,6573.538026862609,1077.3533173171984,122454167.64273037
4235,4236.0,30.0,494.0,12993743.74988648,0.0,454.79807158065,928.3751235601593,2543.51815887811,421.72631749978075,223.5149482748838,1326.2501765145134,1272304.0755097177,6573.538026862609,1077.3533173171984,122454167.64273037
4236,4237.0,30.0,494.0,12625343.382568045,0.0,504.1980715806501,1018.6488576034944,2797.36889635914,463.81586828156014,245.8224101892269,1455.2126537192778,1272304.0755097177,6573.538026862609,1077.3533173171984,122454167.64273037
4237,4238.0,30.0,494.0,11918286.248505918,3680.8183210203424,521.1206,1052.188777554276,2891.440220454609,479.41330089851823,254.08904947621463,1503.1268250775372,1272304.0755097177,6573.538026862609,1077.3533173171984,122454167.64273037
4238,4239.0,30.0,494.0,11166095.484719867,30840.49535388965,521.1206,1052.188777554276,2903.9773398223665,481.49200954251376,255.1907650575323,1503.1268250775374,1272304.0755097177,6573.538026862609,1077.3533173171984,122454167.64273037
4239,4240.0,30.0,494.0,10361804.551685086,0.0,521.1206,1068.7365983034842,2918.449609058125,483.8915744087437,256.46253443663414,1526.7665690049776,1272304.0755097177,6573.538026862609,1077.3533173171984,122454167.64273037
4240,4241.0,30.0,494.0,9498228.645948354,0.0,521.1206,1068.7365983034842,2934.917657030888,486.6220480260529,257.909685453808,1526.7665690049776,1272304.0755097177,6573.538026862609,1077.3533173171984,122454167.64273037
4241,4242.0,30.0,494.0,8574643.375860875,0.0,521.1206,1074.806634579453,2951.5869249060966,489.3858847739412,259.37451893018886,1535.4380493992187,1272304.0755097177,6573.538026862609,1077.3533173171984,122454167.64273037
4242,4243.0,30.0,494.0,7597097.52556189,14973.480227983082,521.1206,1077.3533173171984,2966.5759749648482,491.8711341369281,260.6917010925719,1539.0761675959977,1272304.0755097177,6573.538026862609,1077.3533173171984,122454167.64273037
4243,4244.0,30.0,494.0,6619551.675262902,29946.96045596525,519.3421999999999,1077.3533173171984,2966.575974964849,491.87113413692816,260.6917010925719,1539.0761675959977,1272304.0755097177,6573.538026862609,1077.3533173171984,122454167.64273037
4244,4245.0,30.0,494.0,5642005.824963916,44920.44068394974,518.4530000000001,1077.3533173171984,2966.5759749648482,491.8711341369281,260.6917010925719,1539.0761675959977,1272304.0755097177,6573.538026862609,1077.3533173171984,122454167.64273037
4245,4246.0,30.0,494.0,4678416.444015748,52633.65901833866,517.3696129309765,1077.3533173171984,2962.6991779229543,491.22834441102606,260.35102253784385,1539.0761675959977,1272304.0755097177,6573.538026862609,1077.3533173171984,122454167.64273037
4246,4247.0,30.0,494.0,3722854.872098624,56170.74981415948,517.1284798596257,1077.3533173171984,2960.469230969886,490.8586095563899,260.1550630648867,1539.0761675959977,1272304.0755097177,6573.538026862609,1077.3533173171984,122454167.64273037
4247,4248.0,30.0,494.0,2774092.6829043915,56170.74981415948,517.1284798596257,1077.3533173171984,2958.580513546861,490.5454520344631,259.98908957826546,1539.0761675959977,1272304.0755097177,6573.538026862609,1077.3533173171984,122454167.64273037
4248,4249.0,30.0,494.0,2787121.0207645176,0.0,467.72847985962574,990.9888681617538,2691.416478253984,446.24849886384266,236.5117043978366,1415.6983830882198,1272304.0755097177,6573.538026862609,1077.3533173171984,122454167.64273037
4249,4250.0,30.0,494.0,3494031.3910146803,0.0,432.77851377318126,909.8795804148601,2498.671469256751,414.2905422921001,219.57398741481308,1299.8279720212288,1272304.0755097177,6573.538026862609,1077.3533173171984,122454167.64273037
4250,4251.0,30.0,494.0,4254103.073259698,26735.372554584406,432.77851377318126,899.3036901358614,2483.9044381470694,411.8421046316284,218.27631545476305,1284.719557336945,1272304.0755097177,6573.538026862609,1077.3533173171984,122454167.64273037
4251,4252.0,30.0,494.0,5069399.033784714,24742.653991068404,432.77851377318126,899.3036901358614,2468.5643608470737,409.2986534330167,216.92828631949885,1284.719557336945,1272304.0755097177,6573.538026862609,1077.3533173171984,122454167.64273037
4252,4253.0,30.0,494.0,5906576.961513532,11366.769051209092,432.77851377318126,899.3036901358614,2462.4860366237913,408.29084097360607,216.39414571601122,1284.719557336945,1272304.0755097177,6573.538026862609,1077.3533173171984,122454167.64273037
4253,4254.0,30.0,494.0,6751930.340131128,31036.425259537064,432.77851377318126,892.0512092537157,2460.2150780435754,407.9143062137161,216.19458229326955,1274.358870362451,1272304.0755097177,6573.538026862609,1077.3533173171984,122454167.64273037
4254,4255.0,30.0,494.0,7605442.727083709,46461.70304987114,432.77851377318126,892.0512092537157,2457.948686839413,407.5385287445405,215.99542023460646,1274.358870362451,1272304.0755097177,6573.538026862609,1077.3533173171984,122454167.64273037
4255,4256.0,30.0,494.0,8472517.056754762,54831.954712395556,432.77851377318126,892.0512092537157,2454.181480528726,406.91390963611286,215.66437210713983,1274.358870362451,1272304.0755097177,6573.538026862609,1077.3533173171984,122454167.64273037
4256,4257.0,30.0,494.0,9353108.02114508,56170.74981415948,432.77851377318126,892.0512092537157,2450.4268597733753,406.2913772672224,215.3344299516279,1274.358870362451,1272304.0755097177,6573.538026862609,1077.3533173171984,122454167.64273037
4257,4258.0,30.0,494.0,10249859.459684677,49102.74290180672,432.77851377318126,892.0512092537157,2445.9378391763526,405.54707822655894,214.93995146007626,1274.358870362451,1272304.0755097177,6573.538026862609,1077.3533173171984,122454167.64273037
4258,4259.0,30.0,494.0,11157348.6746869,36448.86270632967,432.77851377318126,892.0512092537157,2442.9551234922906,405.0525310588111,214.6778414611699,1274.358870362451,1272304.0755097177,6573.538026862609,1077.3533173171984,122454167.64273037
4259,4260.0,30.0,494.0,12072872.47016729,19615.332413798198,432.7785137731816,892.0512092537157,2440.7232955816876,404.6824843332761,214.48171669663634,1274.358870362451,1272304.0755097177,6573.538026862609,1077.3533173171984,122454167.64273037
4260,4261.0,30.0,494.0,12993743.74988648,0.0,432.7785137731816,892.0512092537157,2439.237883293133,404.43619654789717,214.35118417038552,1274.358870362451,1272304.0755097177,6573.538026862609,1077.3533173171984,122454167.64273037
4261,4262.0,30.0,494.0,12993743.74988648,0.0,481.2371865288,981.3846136326232,2695.0354609929077,446.84854186265284,236.829727187206,1401.978019475176,1272304.0755097177,6573.538026862609,1077.3533173171984,122454167.64273037
4262,4263.0,30.0,494.0,12267513.37405494,0.0,517.6473962384622,1054.8438940916237,2896.7661209461126,480.29635824717997,254.55706987100538,1506.9198487023198,1272304.0755097177,6573.538026862609,1077.3533173171984,122454167.64273037
4263,4264.0,30.0,494.0,11475981.540314354,0.0,517.6473962384623,1061.4492334860684,2914.905414809737,483.30393166530206,256.1510837826101,1516.3560478372406,1272304.0755097177,6573.538026862609,1077.3533173171984,122454167.64273037
4264,4265.0,30.0,494.0,10598229.696236894,0.0,517.6473962384623,1070.170515507995,2938.8554176810985,487.27494578202607,258.25572126447383,1528.8150221542787,1272304.0755097177,6573.538026862609,1077.3533173171984,122454167.64273037
4265,4266.0,30.0,494.0,9642925.210973516,3403.3523560622707,517.6473962384623,1077.3533173171984,2960.3978180105128,490.8467689786951,260.1487875587084,1539.0761675959977,1272304.0755097177,6573.538026862609,1077.3533173171984,122454167.64273037
4266,4267.0,30.0,494.0,8665379.360674528,18376.832584045827,516.31892,1077.3533173171984,2966.575974964849,491.8711341369281,260.691701092572,1539.0761675959977,1272304.0755097177,6573.538026862609,1077.3533173171984,122454167.64273037
4267,4268.0,30.0,494.0,7687833.510375541,33350.31281202845,515.25188,1077.3533173171984,2966.575974964849,491.87113413692816,260.6917010925719,1539.0761675959977,1272304.0755097177,6573.538026862609,1077.3533173171984,122454167.64273037
4268,4269.0,30.0,494.0,6710287.660076553,48323.79304001108,515.25188,1077.3533173171984,2966.575974964849,491.87113413692816,260.6917010925719,1539.0761675959977,1272304.0755097177,6573.538026862609,1077.3533173171984,122454167.64273037
4269,4270.0,30.0,494.0,5746441.192474637,56170.74981415948,515.25188,1077.3533173171984,2962.7705908823286,491.24018498872107,260.3572980440222,1539.0761675959977,1272304.0755097177,6573.538026862609,1077.3533173171984,122454167.64273037
4270,4271.0,30.0,494.0,5308096.799071424,0.0,488.8053821941509,1036.6458899015192,2816.7977924938,467.03726333681306,247.52974956851094,1480.9226998593133,1272304.0755097177,6573.538026862609,1077.3533173171984,122454167.64273037
4271,4272.0,30.0,494.0,5842651.045520807,15940.435070041567,439.40538219415095,924.2141291240814,2546.548170312524,422.2287065076033,223.78121444902976,1320.305898748688,1272304.0755097177,6573.538026862609,1077.3533173171984,122454167.64273037
4272,4273.0,30.0,494.0,6406013.528363949,16894.605659163557,439.40538219415095,924.2141291240814,2538.5458824253683,420.90189254700954,223.07800304991505,1320.305898748688,1272304.0755097177,6573.538026862609,1077.3533173171984,122454167.64273037
4273,4274.0,30.0,494.0,7003686.880747305,0.0,439.40538219415095,924.2141291240814,2529.015085330864,419.3216451454044,222.24047192706433,1320.305898748688,1272304.0755097177,6573.538026862609,1077.3533173171984,122454167.64273037
4274,4275.0,30.0,494.0,7657926.023444687,34949.90090632858,439.40538219415095,908.4115391965997,2513.30236579919,416.71640825221755,220.85969637367532,1297.7307702808569,1272304.0755097177,6573.538026862609,1077.3533173171984,122454167.64273037
4275,4276.0,30.0,494.0,8367970.734534123,40869.31914095394,439.40538219415095,908.4115391965997,2497.8008190236196,414.1461847158165,219.49747789938274,1297.7307702808569,1272304.0755097177,6573.538026862609,1077.3533173171984,122454167.64273037
4276,4277.0,30.0,494.0,9102884.000008611,52810.680862839334,439.40538219415095,904.7251145523041,2490.892887249994,413.00081973453575,218.89043445930395,1292.4644493604346,1272304.0755097177,6573.538026862609,1077.3533173171984,122454167.64273037
4277,4278.0,30.0,494.0,9854293.164845696,56170.74981415948,439.40538219415095,904.7251145523041,2486.310692982606,412.2410720961282,218.48776821094796,1292.4644493604346,1272304.0755097177,6573.538026862609,1077.3533173171984,122454167.64273037
4278,4279.0,30.0,494.0,10622132.185519556,50983.88234119862,439.40538219415095,904.7251145523041,2481.746844139061,411.4843662083815,218.08671409044223,1292.4644493604346,1272304.0755097177,6573.538026862609,1077.3533173171984,122454167.64273037
4279,4280.0,30.0,494.0,11400887.948171435,40118.04235785641,439.40538219415095,904.7251145523041,2478.71441581183,410.981576469271,217.82023552871362,1292.4644493604346,1272304.0755097177,6573.538026862609,1077.3533173171984,122454167.64273037
4280,4281.0,30.0,494.0,12190531.392613808,23588.34719552286,439.40538219415095,904.7251145523041,2475.690059758915,410.48012514817384,217.55446632853216,1292.4644493604346,1272304.0755097177,6573.538026862609,1077.3533173171984,122454167.64273037
4281,4282.0,30.0,494.0,12993743.74988648,0.0,439.40538219415095,904.7251145523041,2471.9209173060544,409.85518501899537,217.22324806006756,1292.4644493604346,1272304.0755097177,6573.538026862609,1077.3533173171984,122454167.64273037
4282,4283.0,30.0,494.0,12945682.160260504,0.0,485.59212,986.2461147611011,2708.3859025556785,449.06210284613206,238.00291450845,1408.9230210872875,1272304.0755097177,6573.538026862609,1077.3533173171984,122454167.64273037
4283,4284.0,30.0,494.0,11987915.035174554,4684.436390430425,534.99212,1077.3533173171984,2961.081884627894,490.9601901840699,260.2089007975571,1539.0761675959975,1272304.0755097177,6573.538026862609,1077.3533173171984,122454167.64273037
4284,4285.0,30.0,494.0,11033436.711536666,7658.013162372634,534.99212,1077.3533173171984,2960.168328670099,490.80871865296797,260.128620886073,1539.0761675959977,1272304.0755097177,6573.538026862609,1077.3533173171984,122454167.64273037
4285,4286.0,30.0,494.0,10055890.86123768,22631.49339035526,534.99212,1077.3533173171984,2966.5759749648482,491.8711341369281,260.6917010925719,1539.0761675959977,1272304.0755097177,6573.538026862609,1077.3533173171984,122454167.64273037
4286,4287.0,30.0,494.0,9078345.010938693,37604.97361833975,532.6802,1077.3533173171984,2966.575974964849,491.8711341369282,260.691701092572,1539.0761675959977,1272304.0755097177,6573.538026862609,1077.3533173171984,122454167.64273037
4287,4288.0,30.0,494.0,8102805.438512674,41197.26958617685,529.1234,1077.3533173171984,2966.0186755556906,491.77873148324596,260.15765349736586,1539.0761675959977,1272304.0755097177,6573.538026862609,1077.3533173171984,122454167.64273037
4288,4289.0,30.0,494.0,7125259.588213686,56170.74981415948,525.7444399999999,1077.3533173171984,2966.5759749648487,491.87113413692816,260.6917010925719,1539.0761675959977,1272304.0755097177,6573.538026862609,1077.3533173171984,122454167.64273037
4289,4290.0,30.0,494.0,6152992.795238804,41197.26958617685,522.72116,1077.3533173171984,2965.109570152597,491.62799787337275,259.2864780639594,1539.0761675959977,1272304.0755097177,6573.538026862609,1077.3533173171984,122454167.64273037
4290,4291.0,30.0,494.0,5175446.944939816,56170.74981415948,520.2314,1077.3533173171984,2966.5759749648487,491.87113413692816,260.6917010925719,1539.0761675959977,1272304.0755097177,6573.538026862609,1077.3533173171984,122454167.64273037
4291,4292.0,30.0,494.0,4203180.151964935,41197.26958617499,518.4530000000001,1077.3533173171984,2965.109570152597,491.62799787337275,259.2864780639588,1539.0761675959977,1272304.0755097177,6573.538026862609,1077.3533173171984,122454167.64273037
4292,4293.0,30.0,494.0,3225634.301665947,56170.74981415948,517.20812,1077.3533173171984,2966.575974964849,491.8711341369282,260.691701092572,1539.0761675959977,1272304.0755097177,6573.538026862609,1077.3533173171984,122454167.64273037
4293,4294.0,30.0,494.0,2250727.9800290093,56170.74981415948,517.0302800000001,1077.3533173171984,2965.8427725587235,491.74956600515054,259.9890895782659,1539.0761675959977,1272304.0755097177,6573.538026862609,1077.3533173171984,122454167.64273037
4294,4295.0,30.0,494.0,2139804.065932979,0.0,472.26129415222255,1003.5268224294281,2725.847659352916,451.9573376866899,239.53738897394567,1433.6097463277545,1272304.0755097177,6573.538026862609,1077.3533173171984,122454167.64273037
4295,4296.0,30.0,494.0,2988760.5713442797,4335.502701741643,422.86129415222257,894.6683885900258,2459.2142094897686,407.748357876361,216.10662967447135,1278.0976979857512,1272304.0755097177,6573.538026862609,1077.3533173171984,122454167.64273037
4296,4297.0,30.0,494.0,3854385.43155161,0.0,422.86129415222257,894.6683885900258,2454.5841109353155,406.9806674998583,215.69975377492491,1278.0976979857512,1272304.0755097177,6573.538026862609,1077.3533173171984,122454167.64273037
4297,4298.0,30.0,494.0,4742128.474045585,18612.799796805717,422.86129415222257,887.9689316914438,2448.440171411248,405.9619757396354,215.15984714200678,1268.5270452734912,1272304.0755097177,6573.538026862609,1077.3533173171984,122454167.64273037
4298,4299.0,30.0,494.0,5681920.802756889,52153.35766817164,422.86129415222257,879.8014495082045,2433.982036350879,403.56475438084897,213.88931982184997,1256.8592135831493,1272304.0755097177,6573.538026862609,1077.3533173171984,122454167.64273037
4299,4300.0,30.0,494.0,6678465.7891029,56170.74981415948,422.86129415222257,879.8014495082045,2418.2174092301266,400.9509109847693,212.50398282192774,1256.8592135831493,1272304.0755097177,6573.538026862609,1077.3533173171984,122454167.64273037
4300,4301.0,30.0,494.0,7693750.237206462,50439.730905399425,422.86129415222257,879.8014495082045,2413.012003186363,400.0878321369675,212.0465510325928,1256.8592135831493,1272304.0755097177,6573.538026862609,1077.3533173171984,122454167.64273037
4301,4302.0,30.0,494.0,8722366.101413485,37773.60757369362,422.86129415222257,879.8014495082045,2409.308832046512,399.4738303369687,211.72113007859343,1256.8592135831493,1272304.0755097177,6573.538026862609,1077.3533173171984,122454167.64273037
4302,4303.0,30.0,494.0,9758959.358261455,20957.58369440306,422.86129415222257,879.8014495082045,2407.092889646249,399.10641749779063,211.52640127382904,1256.8592135831493,1272304.0755097177,6573.538026862609,1077.3533173171984,122454167.64273037
4303,4304.0,30.0,494.0,10803513.974282326,0.0,422.86129415222257,879.8014495082045,2404.8814009871103,398.73974310816385,211.33206384732685,1256.8592135831493,1272304.0755097177,6573.538026862609,1077.3533173171984,122454167.64273037
4304,4305.0,30.0,494.0,11661658.603044031,0.0,433.401090954157,894.5820106894296,2456.6619530035446,407.3251827063732,215.8823468343778,1277.9743009848994,1272304.0755097177,6573.538026862609,1077.3533173171984,122454167.64273037
4305,4306.0,30.0,494.0,11614540.067320587,0.0,482.8010909541571,986.1507234590852,2708.1239431383087,449.0186688411353,237.97989448580174,1408.786747798693,1272304.0755097177,6573.538026862609,1077.3533173171984,122454167.64273037
4306,4307.0,30.0,494.0,10665777.878126355,0.0,532.201090954157,1077.3533173171984,2958.580513546861,490.5454520344631,259.98908957826546,1539.0761675959977,1272304.0755097177,6573.538026862609,1077.3533173171984,122454167.64273037
4307,4308.0,30.0,494.0,9710430.956170572,3425.428247393109,533.6194539412287,1077.3533173171984,2960.409605980625,490.8487234751507,260.1498234418299,1539.0761675959977,1272304.0755097177,6573.538026862609,1077.3533173171984,122454167.64273037
4308,4309.0,30.0,494.0,8768253.49973789,0.0,533.6194539412287,1077.3533173171984,2956.751421113097,490.2421805937755,259.82835571470105,1539.0761675959977,1272304.0755097177,6573.538026862609,1077.3533173171984,122454167.64273037
4309,4310.0,30.0,494.0,7809608.735582691,5140.990933747962,533.6194539412287,1077.3533173171984,2961.325673258241,491.0006113939464,260.2303240387916,1539.0761675959977,1272304.0755097177,6573.538026862609,1077.3533173171984,122454167.64273037
4310,4311.0,30.0,494.0,6832062.885283705,20114.471161729656,532.85804,1077.3533173171984,2966.5759749648482,491.87113413692805,260.69170109257186,1539.0761675959977,1272304.0755097177,6573.538026862609,1077.3533173171984,122454167.64273037
4311,4312.0,30.0,494.0,5854517.034984717,35087.95138971228,529.47908,1077.3533173171984,2966.5759749648487,491.8711341369281,260.6917010925719,1539.0761675959977,1272304.0755097177,6573.538026862609,1077.3533173171984,122454167.64273037
4312,4313.0,30.0,494.0,4878533.761280552,41197.26958617685,526.63364,1077.3533173171984,2966.1419259107315,491.7991669254623,260.275761563939,1539.0761675959977,1272304.0755097177,6573.538026862609,1077.3533173171984,122454167.64273037
4313,4314.0,30.0,494.0,3900987.910981564,56170.74981415948,524.1438800000001,1077.3533173171984,2966.5759749648487,491.87113413692805,260.6917010925719,1539.0761675959977,1272304.0755097177,6573.538026862609,1077.3533173171984,122454167.64273037
4314,4315.0,30.0,494.0,2928721.11800668,41197.26958617685,522.1876400000001,1077.3533173171984,2965.1095701525974,491.6279978733728,259.2864780639593,1539.0761675959977,1272304.0755097177,6573.538026862609,1077.3533173171984,122454167.64273037
4315,4316.0,30.0,494.0,1951175.2677076925,56170.74981415948,520.76492,1077.3533173171984,2966.575974964849,491.8711341369282,260.6917010925719,1539.0761675959977,1272304.0755097177,6573.538026862609,1077.3533173171984,122454167.64273037
4316,4317.0,30.0,494.0,976268.9460707568,56170.74981415948,520.0535600000001,1077.3533173171984,2965.842772558723,491.7495660051505,259.9890895782655,1539.0761675959977,1272304.0755097177,6573.538026862609,1077.3533173171984,122454167.64273037
4317,4318.0,30.0,494.0,27506.75687654689,56170.74981415948,518.7244033872809,1077.3533173171984,2958.580513546855,490.5454520344621,259.9890895782649,1539.0761675959977,1272304.0755097177,6573.538026862609,1077.3533173171984,122454167.64273037
4318,4319.0,30.0,494.0,0.0,0.0,471.4561963799999,995.0890531606032,2702.6762267919485,448.1154138965953,237.50116936519552,1421.5557902294331,1272304.0755097177,6573.538026862609,1077.3533173171984,122454167.64273037
4319,4320.0,30.0,494.0,0.0,0.0,471.4561963799999,981.3846136326232,2695.0354609929077,446.8485418626529,236.82972718720603,1401.978019475176,1272304.0755097177,6573.538026862609,1077.3533173171984,122454167.64273037
4320,4321.0,30.0,494.0,452401.6036107703,0.0,449.17128619370396,935.6235199277596,2569.3683488788047,426.0123908653709,225.7865671586466,1336.605028468228,1272304.0755097177,6573.538026862609,1077.3533173171984,122454167.64273037
4321,4322.0,30.0,494.0,936401.4901745822,0.0,449.171286193704,932.4273067057328,2560.5910480585144,424.5570764066917,225.0152504955466,1332.0390095796183,1272304.0755097177,6573.538026862609,1077.3533173171984,122454167.64273037
4322,4323.0,30.0,494.0,1474430.8287896942,38108.66655258043,449.17128619370396,919.5521289385011,2545.5828669331545,422.06865503007384,223.69638716593914,1313.645898483573,1272304.0755097177,6573.538026862609,1077.3533173171984,122454167.64273037
4323,4324.0,30.0,494.0,2074166.2418562528,44117.36213960033,449.17128619370396,919.5521289385011,2528.442290696641,419.2266733163528,222.190136857667,1313.645898483573,1272304.0755097177,6573.538026862609,1077.3533173171984,122454167.64273037
4324,4325.0,30.0,494.0,2709941.0927447807,52436.4660116164,449.17128619370396,915.4574402540605,2518.431335746094,417.5668136643924,221.31041124212797,1307.7963432200866,1272304.0755097177,6573.538026862609,1077.3533173171984,122454167.64273037
4325,4326.0,30.0,494.0,3356742.5646446534,55019.43746135477,449.171286193704,915.4574402540605,2515.368385465165,417.05896325327876,221.04125052423777,1307.7963432200866,1272304.0755097177,6573.538026862609,1077.3533173171984,122454167.64273037
4326,4327.0,30.0,494.0,4006296.1282183584,56170.74981415948,449.17128619370396,915.4574402540605,2514.603915555768,416.93221083415244,220.97407174210082,1307.7963432200866,1272304.0755097177,6573.538026862609,1077.3533173171984,122454167.64273037
4327,4328.0,30.0,494.0,4658599.96165945,55891.350787648,449.1712861937036,915.4574402540605,2513.8399517037155,416.8055423215239,220.90693743040765,1307.7963432200866,1272304.0755097177,6573.538026862609,1077.3533173171984,122454167.64273037
4328,4329.0,30.0,494.0,5316398.876647059,52753.36839370243,449.1712861937036,915.4574402540605,2512.3135401630166,416.5524566827203,220.77280204184177,1307.7963432200866,1272304.0755097177,6573.538026862609,1077.3533173171984,122454167.64273037
4329,4330.0,30.0,494.0,5979685.607624829,46760.58223020006,449.1712861937036,915.4574402540605,2510.789146832416,416.2997056718846,220.63884400609885,1307.7963432200866,1272304.0755097177,6573.538026862609,1077.3533173171984,122454167.64273037
4330,4331.0,30.0,494.0,6648452.903436584,37916.7644039318,449.1712861937036,915.4574402540605,2509.2667677118648,416.0472886257913,220.5050629716694,1307.7963432200866,1272304.0755097177,6573.538026862609,1077.3533173171984,122454167.64273037
4331,4332.0,30.0,494.0,7322693.527288295,26225.67955040373,449.1712861937036,915.4574402540605,2507.746398811877,415.79520488296646,220.37145858797223,1307.7963432200866,1272304.0755097177,6573.538026862609,1077.3533173171984,122454167.64273037
4332,4333.0,30.0,494.0,8002400.256710174,11691.084853528067,449.1712861937036,915.4574402540605,2506.228036153497,415.5434537836819,220.23803050535142,1307.7963432200866,1272304.0755097177,6573.538026862609,1077.3533173171984,122454167.64273037
4333,4334.0,30.0,494.0,8676640.880561884,0.0,449.1712861937036,915.4574402540605,2507.746398811877,415.79520488296646,220.37145858797223,1307.7963432200866,1272304.0755097177,6573.538026862609,1077.3533173171984,122454167.64273037
4334,4335.0,30.0,494.0,8409277.021618072,0.0,498.57128619370366,1008.4288648129263,2769.303199588411,459.1624543061688,243.35610078226946,1440.6126640184664,1272304.0755097177,6573.538026862609,1077.3533173171984,122454167.64273037
4335,4336.0,30.0,494.0,7570504.518517304,0.0,527.3449999999999,1066.2276973111695,2928.027822965343,485.47968372308725,257.30423237323623,1523.1824247302422,1272304.0755097177,6573.538026862609,1077.3533173171984,122454167.64273037
4336,4337.0,30.0,494.0,6685906.9419079665,0.0,527.3449999999999,1070.8629715147113,2940.7570100510575,487.5902380258691,258.4228261537106,1529.8042450210162,1272304.0755097177,6573.538026862609,1077.3533173171984,122454167.64273037
4337,4338.0,30.0,494.0,5755053.6162525825,0.0,527.3449999999999,1075.5418091881206,2953.6058292305142,489.7206278474866,259.5519327591679,1536.4882988401725,1272304.0755097177,6573.538026862609,1077.3533173171984,122454167.64273037
4338,4339.0,30.0,494.0,4790893.4164595045,10880.48247173083,527.3449999999999,1076.7951995750334,2962.8577387132073,491.2546344762021,260.36495627238713,1538.278856535762,1272304.0755097177,6573.538026862609,1077.3533173171984,122454167.64273037
4339,4340.0,30.0,494.0,3813347.566160517,28724.282516563628,527.3449999999999,1076.7951995750334,2966.575974964849,491.8711341369282,260.6917010925719,1538.278856535762,1272304.0755097177,6573.538026862609,1077.3533173171984,122454167.64273037
4340,4341.0,30.0,494.0,2839151.512944432,44825.49254805417,527.3449999999999,1076.7951995750332,2965.6454757751535,491.7168533446574,260.6099322726684,1538.2788565357619,1272304.0755097177,6573.538026862609,1077.3533173171984,122454167.64273037
4341,4342.0,30.0,494.0,1878332.0926133953,53968.07604164947,527.3449999999999,1076.7951995750332,2961.9297444181952,491.10076900630946,260.28340757334405,1538.2788565357619,1272304.0755097177,6573.538026862609,1077.3533173171984,122454167.64273037
4342,4343.0,30.0,494.0,930853.325655384,56170.74981415948,527.3449999999999,1076.7951995750332,2958.224007370133,490.48634176762556,259.95776113684155,1538.2788565357619,1272304.0755097177,6573.538026862609,1077.3533173171984,122454167.64273037
4343,4344.0,30.0,494.0,0.0,49724.742110037245,527.3449999999999,1076.7951995750332,2953.6058292305142,489.7206278474866,259.5519327591679,1538.2788565357619,1272304.0755097177,6573.538026862609,1077.3533173171984,122454167.64273037
4344,4345.0,30.0,494.0,13600.656601695344,0.0,477.94499999999994,989.6775868846386,2691.25750082577,446.2221397182897,236.49773405069357,1413.8251241209123,1272304.0755097177,6573.538026862609,1077.3533173171984,122454167.64273037
4345,4346.0,30.0,494.0,553001.6747514551,27225.191253222525,451.2077806159309,921.5296128257961,2545.201844840197,422.00547991823584,223.662904356665,1316.4708754654232,1272304.0755097177,6573.538026862609,1077.3533173171984,122454167.64273037
4346,4347.0,30.0,494.0,1123219.9106138973,38419.030607777335,451.2077806159309,921.5296128257961,2536.641506586673,420.5861387920049,222.9106535597626,1316.4708754654232,1272304.0755097177,6573.538026862609,1077.3533173171984,122454167.64273037
4347,4348.0,30.0,494.0,1724030.590862549,33698.44686391391,451.20778061593086,921.5296128257961,2528.143605368282,419.1771499963873,222.16388949808527,1316.4708754654232,1272304.0755097177,6573.538026862609,1077.3533173171984,122454167.64273037
4348,4349.0,30.0,494.0,2341434.197501976,45763.74984725099,451.2077806159309,916.5872912733133,2523.5344591486223,418.41293360766196,221.75885481206086,1309.4104161047335,1272304.0755097177,6573.538026862609,1077.3533173171984,122454167.64273037
4349,4350.0,30.0,494.0,2969863.202075972,52093.55666218605,451.2077806159308,916.5872912733133,2520.471848611242,417.905139527499,221.48972394957448,1309.4104161047335,1272304.0755097177,6573.538026862609,1077.3533173171984,122454167.64273037
4350,4351.0,30.0,494.0,3603793.9831734616,55561.29733155668,451.2077806159308,916.5872912733133,2518.9435773547157,417.65174553976357,221.3554251360747,1309.4104161047335,1272304.0755097177,6573.538026862609,1077.3533173171984,122454167.64273037
4351,4352.0,30.0,494.0,4243219.278388912,56170.74981415948,451.2077806159309,916.5872912733133,2517.41732343306,417.39868603487946,221.22130359848612,1309.4104161047335,1272304.0755097177,6573.538026862609,1077.3533173171984,122454167.64273037
4352,4353.0,30.0,494.0,4890872.7591953855,52499.83734211046,451.2077806159309,916.5872912733133,2515.1317163244426,417.0197224855908,221.02045291736314,1309.4104161047335,1272304.0755097177,6573.538026862609,1077.3533173171984,122454167.64273037
4353,4354.0,30.0,494.0,5544002.660892783,45980.04891812056,451.20778061593086,916.5872912733133,2513.61048829919,416.76749629607923,220.886773036922,1309.4104161047335,1272304.0755097177,6573.538026862609,1077.3533173171984,122454167.64273037
4354,4355.0,30.0,494.0,6205333.675361181,35193.97902710736,451.20778061593086,916.5872912733133,2511.3324014183527,416.3897796330994,220.6865832055427,1309.4104161047335,1272304.0755097177,6573.538026862609,1077.3533173171984,122454167.64273037
4355,4356.0,30.0,494.0,6872123.106716981,21568.399004215375,451.20778061593086,916.5872912733133,2509.8161745051852,416.1383826496133,220.55334280429506,1309.4104161047335,1272304.0755097177,6573.538026862609,1077.3533173171984,122454167.64273037
4356,4357.0,30.0,494.0,7538912.538072782,7942.818981323391,451.20778061593086,916.5872912733133,2509.8161745051852,416.1383826496133,220.55334280429506,1309.4104161047335,1272304.0755097177,6573.538026862609,1077.3533173171984,122454167.64273037
4357,4358.0,30.0,494.0,8194777.944721611,0.0,451.2077806159308,916.5872912733133,2512.850625812677,416.64150780760525,220.8199991380308,1309.4104161047335,1272304.0755097177,6573.538026862609,1077.3533173171984,122454167.64273037
4358,4359.0,30.0,494.0,8817697.895958368,0.0,451.2077806159308,918.3753359650325,2522.002141204919,418.158868661681,221.62420039069096,1311.9647656643322,1272304.0755097177,6573.538026862609,1077.3533173171984,122454167.64273037
4359,4360.0,30.0,494.0,8488036.651666878,0.0,500.6077806159308,1014.7303378088441,2786.608028851655,462.0316698825063,244.87678503772835,1449.6147682983487,1272304.0755097177,6573.538026862609,1077.3533173171984,122454167.64273037
4360,4361.0,30.0,494.0,7626559.813802868,0.0,526.63364,1068.5242744725124,2934.334582621799,486.52537176584394,257.8584470358973,1526.4632492464464,1272304.0755097177,6573.538026862609,1077.3533173171984,122454167.64273037
4361,4362.0,30.0,494.0,6715672.821803752,0.0,526.63364,1073.5221849027628,2948.059625437106,488.80104325803387,259.064552926758,1533.6031212896612,1272304.0755097177,6573.538026862609,1077.3533173171984,122454167.64273037
4362,4363.0,30.0,494.0,5768234.545447076,87.54003380064596,526.63364,1077.2023798953571,2958.212759980873,490.4844769018146,259.95677275796174,1538.860542707653,1272304.0755097177,6573.538026862609,1077.3533173171984,122454167.64273037
4363,4364.0,30.0,494.0,4790688.695148088,15837.26985982451,526.63364,1077.2023798953571,2966.5759749648487,491.8711341369281,260.6917010925719,1538.8605427076532,1272304.0755097177,6573.538026862609,1077.3533173171984,122454167.64273037
4364,4365.0,30.0,494.0,3813142.8448491003,31586.999685850707,525.92228,1077.2023798953571,2966.575974964849,491.8711341369282,260.6917010925719,1538.8605427076532,1272304.0755097177,6573.538026862609,1077.3533173171984,122454167.64273037
4365,4366.0,30.0,494.0,2835596.9945501126,47336.72951187224,525.92228,1077.2023798953571,2966.575974964849,491.8711341369282,260.6917010925719,1538.8605427076532,1272304.0755097177,6573.538026862609,1077.3533173171984,122454167.64273037
4366,4367.0,30.0,494.0,1871472.9565804359,56104.33010821328,525.92228,1077.2023798953571,2962.8476937622627,491.25296897986715,260.3640735593296,1538.8605427076532,1272304.0755097177,6573.538026862609,1077.3533173171984,122454167.64273037
4367,4368.0,30.0,494.0,924075.2800275534,56170.74981415948,525.92228,1077.2023798953571,2958.2014822575975,490.4826070064925,259.95578171344107,1538.8605427076532,1272304.0755097177,6573.538026862609,1077.3533173171984,122454167.64273037
4368,4369.0,30.0,494.0,0.0,44104.6808151342,525.92228,1077.2023798953571,2951.7230387783393,489.4084530429749,259.3864801127767,1538.8605427076532,1272304.0755097177,6573.538026862609,1077.3533173171984,122454167.64273037
4369,4370.0,30.0,494.0,31256.819668874145,0.0,476.52228,986.7988500871221,2686.353011084887,445.40895409568327,236.06674567071215,1409.712642981603,1272304.0755097177,6573.538026862609,1077.3533173171984,122454167.64273037
4370,4371.0,30.0,494.0,797724.6896554955,31972.112118078396,439.33231101503924,897.6384513368138,2482.127719329957,411.547516963222,218.12018399050766,1282.340644766877,1272304.0755097177,6573.538026862609,1077.3533173171984,122454167.64273037
4371,4372.0,30.0,494.0,1607707.3509391146,41307.497631466016,439.33231101503924,897.6384513368138,2470.040277303013,409.54336676825596,217.05798438717568,1282.340644766877,1272304.0755097177,6573.538026862609,1077.3533173171984,122454167.64273037
4372,4373.0,30.0,494.0,2439274.5173181174,39414.458828008734,439.3323110150392,897.6384513368138,2464.0445814431846,408.5492544490699,216.53110485800707,1282.340644766877,1272304.0755097177,6573.538026862609,1077.3533173171984,122454167.64273037
4373,4374.0,30.0,494.0,3284274.0297945496,50105.69498814456,439.3323110150391,893.8328072373972,2460.313374193898,407.93060414080395,216.2032201946261,1276.904010339139,1272304.0755097177,6573.538026862609,1077.3533173171984,122454167.64273037
4374,4375.0,30.0,494.0,4139987.4930929514,55223.45214529894,439.3323110150391,893.8328072373972,2457.3372767433516,407.43715430481257,215.94169178155067,1276.904010339139,1272304.0755097177,6573.538026862609,1077.3533173171984,122454167.64273037
4375,4376.0,30.0,494.0,5003717.869676333,56170.74981415948,439.3323110150391,893.8328072373972,2455.110356386412,407.06792127291175,215.74599827464323,1276.904010339139,1272304.0755097177,6573.538026862609,1077.3533173171984,122454167.64273037
4376,4377.0,30.0,494.0,5878112.820468878,51570.254570937715,439.3323110150394,893.8328072373972,2452.1479746616446,406.57674556360763,215.48567514871206,1276.904010339139,1272304.0755097177,6573.538026862609,1077.3533173171984,122454167.64273037
4377,4378.0,30.0,494.0,6760487.78010276,42818.497812720016,439.3323110150394,893.8328072373972,2449.931305539052,406.2092122307224,215.29088248228288,1276.904010339139,1272304.0755097177,6573.538026862609,1077.3533173171984,122454167.64273037
4378,4379.0,30.0,494.0,7648173.999297446,31303.783287247643,439.3323110150394,893.8328072373972,2448.4559556610507,405.9645928365571,215.16123420337527,1276.904010339139,1272304.0755097177,6573.538026862609,1077.3533173171984,122454167.64273037
4379,4380.0,30.0,494.0,8541164.497080509,17029.742549667135,439.3323110150394,893.8328072373972,2446.9825449420564,405.72029496334665,215.03175633057373,1276.904010339139,1272304.0755097177,6573.538026862609,1077.3533173171984,122454167.64273037
4380,4381.0,30.0,494.0,9439452.306233887,0.0,439.3323110150394,893.8328072373972,2445.511069561414,405.47631797760977,214.9024485281332,1276.904010339139,1272304.0755097177,6573.538026862609,1077.3533173171984,122454167.64273037
4381,4382.0,30.0,494.0,9614877.16235628,0.0,477.94499999999994,963.6401290527548,2646.306334292243,438.7690417864607,232.5475921468242,1376.6287557896499,1272304.0755097177,6573.538026862609,1077.3533173171984,122454167.64273037
4382,4383.0,30.0,494.0,8847259.710858392,0.0,527.3449999999999,1059.0302582261056,2908.262530853432,482.2025127590945,255.5673317623201,1512.9003688944367,1272304.0755097177,6573.538026862609,1077.3533173171984,122454167.64273037
4383,4384.0,30.0,494.0,8027996.17312178,0.0,527.3449999999999,1064.2543365074305,2922.608665919744,484.58116403420024,256.82801693812615,1520.363337867758,1272304.0755097177,6573.538026862609,1077.3533173171984,122454167.64273037
4384,4385.0,30.0,494.0,7163090.297853973,0.0,527.3449999999999,1068.8711266956261,2935.2870930117433,486.68330211036664,257.94215011849434,1526.9587524223232,1272304.0755097177,6573.538026862609,1077.3533173171984,122454167.64273037
4385,4386.0,30.0,494.0,6248806.703401346,0.0,527.3449999999999,1073.8657562825122,2949.0031261186377,488.95747975391333,259.1474642695741,1534.0939375464459,1272304.0755097177,6573.538026862609,1077.3533173171984,122454167.64273037
4386,4387.0,30.0,494.0,5294662.0981170535,4281.611273279201,527.3449999999999,1077.0652211684676,2960.0756291274333,490.7933486676483,260.1204747938536,1538.6646016692393,1272304.0755097177,6573.538026862609,1077.3533173171984,122454167.64273037
4387,4388.0,30.0,494.0,4317116.247818066,20736.72883759095,527.3449999999999,1077.0652211684676,2966.575974964849,491.8711341369282,260.6917010925719,1538.6646016692396,1272304.0755097177,6573.538026862609,1077.3533173171984,122454167.64273037
4388,4389.0,30.0,494.0,3339570.39751908,37191.846401902694,526.98932,1077.0652211684676,2966.5759749648482,491.87113413692805,260.69170109257186,1538.6646016692396,1272304.0755097177,6573.538026862609,1077.3533173171984,122454167.64273037
4389,4390.0,30.0,494.0,2368726.4007338043,50160.60860949625,526.98932,1077.0652211684676,2964.7143489888176,491.56246849414777,260.5281083018983,1538.6646016692396,1272304.0755097177,6573.538026862609,1077.3533173171984,122454167.64273037
4390,4391.0,30.0,494.0,1411259.0261936765,56170.74981415948,526.98932,1077.0652211684676,2960.9986205873874,490.9463846458392,260.2015838622948,1538.6646016692396,1272304.0755097177,6573.538026862609,1077.3533173171984,122454167.64273037
4391,4392.0,30.0,494.0,473789.14616389945,51778.041722822,526.98932,1077.0652211684676,2955.443761001179,490.02536488848335,259.7134433908962,1538.6646016692396,1272304.0755097177,6573.538026862609,1077.3533173171984,122454167.64273037
4392,4393.0,30.0,494.0,0.0,0.0,503.8173356592825,1039.3770415694773,2826.6435571495463,468.66973372305506,248.3949588732192,1484.8243450992534,1272304.0755097177,6573.538026862609,1077.3533173171984,122454167.64273037
4393,4394.0,30.0,494.0,482342.0284640118,15915.081964447163,454.41733565928246,929.5004022424215,2561.051564197349,424.6334319753366,225.0557189469284,1327.8577174891736,1272304.0755097177,6573.538026862609,1077.3533173171984,122454167.64273037
4394,4395.0,30.0,494.0,1004119.2900702283,11315.654617806897,454.41733565928246,929.5004022424215,2550.097332768959,422.8171730014384,224.09310169076235,1327.8577174891736,1272304.0755097177,6573.538026862609,1077.3533173171984,122454167.64273037
4395,4396.0,30.0,494.0,1562187.845866424,34053.70340929553,454.4173356592827,920.5138636077507,2540.016417716187,421.14571366178546,223.2072282407463,1315.0198051539298,1272304.0755097177,6573.538026862609,1077.3533173171984,122454167.64273037
4396,4397.0,30.0,494.0,2139668.850437782,46693.24816219974,454.41733565928257,920.5138636077507,2534.6240708341975,420.2516392140426,222.7333687834426,1315.0198051539298,1272304.0755097177,6573.538026862609,1077.3533173171984,122454167.64273037
4397,4398.0,30.0,494.0,2728202.455405455,53583.14581844956,454.41733565928257,920.5138636077507,2531.5539040574427,419.7425922766926,222.4635739066471,1315.0198051539298,1272304.0755097177,6573.538026862609,1077.3533173171984,122454167.64273037
4398,4399.0,30.0,494.0,3325006.3997206027,56170.74981415948,454.41733565928257,920.5138636077507,2529.2565875720334,419.361687262061,222.26169424889235,1315.0198051539298,1272304.0755097177,6573.538026862609,1077.3533173171984,122454167.64273037
4399,4400.0,30.0,494.0,3927314.8301058644,55894.87813747302,454.41733565928257,920.5138636077507,2527.727563663668,419.1081684813937,222.12732929513868,1315.0198051539298,1272304.0755097177,6573.538026862609,1077.3533173171984,122454167.64273037
4400,4401.0,30.0,494.0,4535120.504478154,52759.298175288364,454.41733565928257,920.5138636077507,2526.2005514450493,418.8549832475917,221.9931411212236,1315.0198051539298,1272304.0755097177,6573.538026862609,1077.3533173171984,122454167.64273037
4401,4402.0,30.0,494.0,5151158.497158746,45341.2033873855,454.41733565928257,920.5138636077507,2523.9137963594144,418.47582935874584,221.7921895601353,1315.0198051539298,1272304.0755097177,6573.538026862609,1077.3533173171984,122454167.64273037
4402,4403.0,30.0,494.0,5772675.691024168,35072.78631741088,454.41733565928257,920.5138636077507,2522.39179603029,418.2234751179103,221.65844181249247,1315.0198051539298,1272304.0755097177,6573.538026862609,1077.3533173171984,122454167.64273037
4403,4404.0,30.0,494.0,6396929.787500287,23380.61161709577,454.41733565928257,920.5138636077507,2521.631545305097,418.097422257783,221.59163379662502,1315.0198051539298,1272304.0755097177,6573.538026862609,1077.3533173171984,122454167.64273037
4404,4405.0,30.0,494.0,7026652.302085188,8843.72407318838,454.41733565928257,920.5138636077507,2520.1125402748794,417.845564650468,221.45814926474807,1315.0198051539298,1272304.0755097177,6573.538026862609,1077.3533173171984,122454167.64273037
4405,4406.0,30.0,494.0,7645430.795276259,0.0,454.41733565928257,920.5138636077507,2523.1525462176105,418.3496107910196,221.7252937192404,1315.0198051539298,1272304.0755097177,6573.538026862609,1077.3533173171984,122454167.64273037
4406,4407.0,30.0,494.0,8233964.400243932,0.0,454.4173356592826,921.8535659297992,2531.553904057443,419.7425922766927,222.46357390664713,1316.933665613999,1272304.0755097177,6573.538026862609,1077.3533173171984,122454167.64273037
4407,4408.0,30.0,494.0,8352314.54883953,0.0,477.41148,969.4133204350701,2662.160419716353,441.3977177563567,233.94079041086906,1384.8761720501002,1272304.0755097177,6573.538026862609,1077.3533173171984,122454167.64273037
4408,4409.0,30.0,494.0,7500618.475313019,0.0,526.81148,1067.534935642187,2931.617703639161,486.07490147356737,257.6196977809907,1525.0499080602674,1272304.0755097177,6573.538026862609,1077.3533173171984,122454167.64273037
4409,4410.0,30.0,494.0,6589709.131654112,0.0,526.81148,1073.524445806327,2948.0658342314928,488.80207270301094,259.0650985325958,1533.606351151896,1272304.0755097177,6573.538026862609,1077.3533173171984,122454167.64273037
4410,4411.0,30.0,494.0,5632248.521466,8818.439839939338,526.81148,1076.5184788762506,2960.9967416007166,490.94607310171807,260.2014187439106,1537.8835412517865,1272304.0755097177,6573.538026862609,1077.3533173171984,122454167.64273037
4411,4412.0,30.0,494.0,4654702.671167012,28085.374907081394,526.81148,1076.5184788762506,2966.575974964849,491.87113413692816,260.6917010925719,1537.8835412517867,1272304.0755097177,6573.538026862609,1077.3533173171984,122454167.64273037
4412,4413.0,30.0,494.0,3677156.8208680246,47352.30997422076,526.81148,1076.5184788762506,2966.575974964849,491.87113413692816,260.6917010925719,1537.8835412517867,1272304.0755097177,6573.538026862609,1077.3533173171984,122454167.64273037
4413,4414.0,30.0,494.0,2719696.210679913,56170.74981415948,526.81148,1076.5184788762506,2960.9967416007166,490.94607310171807,260.2014187439106,1537.8835412517867,1272304.0755097177,6573.538026862609,1077.3533173171984,122454167.64273037
4414,4415.0,30.0,494.0,1782239.804835558,54582.84985153936,526.81148,1076.5184788762506,2955.440018171895,490.02474431119145,259.71311448493145,1537.8835412517867,1272304.0755097177,6573.538026862609,1077.3533173171984,122454167.64273037
4415,4416.0,30.0,494.0,874638.8329997342,37463.92521496955,526.81148,1076.5184788762506,2947.146842058414,488.6496998238904,258.98434090666194,1537.8835412517867,1272304.0755097177,6573.538026862609,1077.3533173171984,122454167.64273037
4416,4417.0,30.0,494.0,0.0,3197.8443379905075,526.81148,1076.5184788762506,2937.990692381723,487.1315705853985,258.17973241026124,1537.8835412517867,1272304.0755097177,6573.538026862609,1077.3533173171984,122454167.64273037
4417,4418.0,30.0,494.0,0.0,13931.177585673206,482.19925113359994,979.2975766122403,2695.0354609929077,446.8485418626529,236.82972718720603,1398.9965380174863,1272304.0755097177,6573.538026862609,1077.3533173171984,122454167.64273037
4418,4419.0,30.0,494.0,47412.81988773495,0.0,482.19925113359994,979.2975766122403,2681.8652332463143,444.66486110974876,235.67237638816687,1398.9965380174863,1272304.0755097177,6573.538026862609,1077.3533173171984,122454167.64273037
4419,4420.0,30.0,494.0,130057.22236918099,0.0,482.19925113359994,973.0250096525505,2672.0786825258397,443.0422086502156,234.81237058461429,1390.0357280750723,1272304.0755097177,6573.538026862609,1077.3533173171984,122454167.64273037
4420,4421.0,30.0,494.0,224383.66123333573,54405.96843615547,482.19925113359994,961.2644160257641,2668.833672419531,442.50417193221296,234.5272111240729,1373.234880036806,1272304.0755097177,6573.538026862609,1077.3533173171984,122454167.64273037
4421,4422.0,30.0,494.0,1103710.2407776988,56170.74981415948,439.93195000130606,892.0962729927852,2450.77807778614,406.34961073359085,215.36529368880315,1274.4232471325504,1272304.0755097177,6573.538026862609,1077.3533173171984,122454167.64273037
4422,4423.0,30.0,494.0,1988344.8485685047,55174.254379309714,439.93195000130623,892.0962729927852,2449.3036254954623,406.10514016328807,215.23572428654268,1274.4232471325504,1272304.0755097177,6573.538026862609,1077.3533173171984,122454167.64273037
4423,4424.0,30.0,494.0,2878280.5147512415,51420.10790314991,439.93195000130714,892.0962729927852,2447.831109275493,405.8609906018868,215.106325019,1274.4232471325504,1272304.0755097177,6573.538026862609,1077.3533173171984,122454167.64273037
4424,4425.0,30.0,494.0,3770864.1007230124,46288.49333970249,439.93195000130714,892.0962729927852,2447.095576000749,405.7390360020057,215.04168908106305,1274.4232471325504,1272304.0755097177,6573.538026862609,1077.3533173171984,122454167.64273037
4425,4426.0,30.0,494.0,4666093.869162013,39780.31445705611,439.93195000130714,892.0962729927852,2446.360525315408,405.61716141753584,214.977095551294,1274.4232471325504,1272304.0755097177,6573.538026862609,1077.3533173171984,122454167.64273037
4426,4427.0,30.0,494.0,5566610.797404676,30521.714684788483,439.93195000130714,892.0962729927852,2444.8918698143902,405.3736519800436,214.84803554942312,1274.4232471325504,1272304.0755097177,6573.538026862609,1077.3533173171984,122454167.64273037
4427,4428.0,30.0,494.0,6469768.706395538,19889.256567269564,439.93195000130714,892.0962729927852,2444.1582640510014,405.2520169698862,214.78356899403968,1274.4232471325504,1272304.0755097177,6573.538026862609,1077.3533173171984,122454167.64273037
4428,4429.0,30.0,494.0,7375565.865636307,7883.840322920121,439.93195000130714,892.0962729927852,2443.4251389815827,405.13046166086923,214.7191446802607,1274.4232471325504,1272304.0755097177,6573.538026862609,1077.3533173171984,122454167.64273037
4429,4430.0,30.0,494.0,8273440.080929936,0.0,439.93195000130714,892.0962729927852,2445.6259567446778,405.49536676975487,214.9125443879701,1274.4232471325504,1272304.0755097177,6573.538026862609,1077.3533173171984,122454167.64273037
4430,4431.0,30.0,494.0,8233681.080503852,0.0,489.3319500013072,985.40629554,2706.079627777931,448.67971250786485,237.80024762916838,1407.7232793428573,1272304.0755097177,6573.538026862609,1077.3533173171984,122454167.64273037
4431,4432.0,30.0,494.0,8155253.781839873,0.0,489.3319500013071,989.3176513021125,2716.8208217329015,450.460648946777,238.7441439417918,1413.3109304315894,1272304.0755097177,6573.538026862609,1077.3533173171984,122454167.64273037
4432,4433.0,30.0,494.0,7289899.034099939,0.0,529.47908,1068.9165308124432,2935.411779809556,486.7039757210106,257.95310713213564,1527.0236154463473,1272304.0755097177,6573.538026862609,1077.3533173171984,122454167.64273037
4433,4434.0,30.0,494.0,6381948.136988769,0.0,529.47908,1073.225194546802,2947.244043523788,488.66581624747664,258.99288261116266,1533.1788493525742,1272304.0755097177,6573.538026862609,1077.3533173171984,122454167.64273037
4434,4435.0,30.0,494.0,5437664.773094592,2241.7223218946156,529.47908,1076.4643870386988,2957.336395407957,490.33917186326664,259.87976108753134,1537.806267198141,1272304.0755097177,6573.538026862609,1077.3533173171984,122454167.64273037
4435,4436.0,30.0,494.0,4466789.283458979,18316.871446591904,529.47908,1076.4643870386988,2964.7230970028,491.563918952722,260.5288770449427,1537.806267198141,1272304.0755097177,6573.538026862609,1077.3533173171984,122454167.64273037
4436,4437.0,30.0,494.0,3489243.433159991,37861.99310685528,529.47908,1076.464387038699,2966.5759749648487,491.8711341369281,260.6917010925719,1537.8062671981415,1272304.0755097177,6573.538026862609,1077.3533173171984,122454167.64273037
4437,4438.0,30.0,494.0,2521699.7666049125,52203.902431446506,529.47908,1076.464387038699,2963.797590591541,491.4104659847216,260.44754697190245,1537.8062671981415,1272304.0755097177,6573.538026862609,1077.3533173171984,122454167.64273037
4438,4439.0,30.0,494.0,1574100.178669433,56170.74981415948,529.47908,1076.464387038699,2958.257568752763,490.4919063900983,259.9607103867521,1537.8062671981415,1272304.0755097177,6573.538026862609,1077.3533173171984,122454167.64273037
4439,4440.0,30.0,494.0,652968.3619159879,46368.860585133545,529.47908,1076.464387038699,2950.905410091087,489.27288666844225,259.3146299342744,1537.8062671981415,1272304.0755097177,6573.538026862609,1077.3533173171984,122454167.64273037
4440,4441.0,30.0,494.0,575409.4513018439,0.0,485.72682135119993,998.2459798979218,2716.5796028301697,450.4206538088593,238.72294651869544,1426.0656855684597,1272304.0755097177,6573.538026862609,1077.3533173171984,122454167.64273037
4441,4442.0,30.0,494.0,1449191.2066325704,33325.71170373447,436.3268213512,886.5202926288401,2452.318306734372,406.60498735835665,215.50064329992904,1266.4575608983432,1272304.0755097177,6573.538026862609,1077.3533173171984,122454167.64273037
4442,4443.0,30.0,494.0,2357681.2421316635,48595.91111676643,436.3268213512,886.5202926288401,2442.677117798715,405.00643651178126,214.65341135124407,1266.4575608983432,1272304.0755097177,6573.538026862609,1077.3533173171984,122454167.64273037
4443,4444.0,30.0,494.0,3292667.843613484,50082.39464293234,436.3268213512,886.5202926288401,2435.316960581291,403.78609059496944,214.0066280153338,1266.4575608983432,1272304.0755097177,6573.538026862609,1077.3533173171984,122454167.64273037
4444,4445.0,30.0,494.0,4240837.428676171,54494.997202208266,436.3268213512,884.6178466823635,2431.6550206977167,403.1789251156845,213.6848303113128,1263.7397809748052,1272304.0755097177,6573.538026862609,1077.3533173171984,122454167.64273037
4445,4446.0,30.0,494.0,5194268.085993199,56170.74981415948,436.3268213512,884.6178466823635,2430.1936117381774,402.93661718612776,213.55640710864773,1263.7397809748052,1272304.0755097177,6573.538026862609,1077.3533173171984,122454167.64273037
4446,4447.0,30.0,494.0,6152952.909633923,55113.244996629655,436.3268213512,884.6178466823635,2428.7341210927098,402.69462732134537,213.42815248031306,1263.7397809748052,1272304.0755097177,6573.538026862609,1077.3533173171984,122454167.64273037
4447,4448.0,30.0,494.0,7116885.007256322,51326.06819854025,436.3268213512,884.6178466823635,2427.276544986686,402.4529548954877,213.3000660946085,1263.7397809748052,1272304.0755097177,6573.538026862609,1077.3533173171984,122454167.64273037
4448,4449.0,30.0,494.0,8086057.500071432,44812.797818427905,436.3268213512,884.6178466823635,2425.820879655377,402.2115992843464,213.1721476207036,1263.7397809748052,1272304.0755097177,6573.538026862609,1077.3533173171984,122454167.64273037
4449,4450.0,30.0,494.0,9057847.615162645,36937.82034855522,436.3268213512,884.6178466823635,2425.09376235646,402.0910400896765,213.10825124752856,1263.7397809748052,1272304.0755097177,6573.538026862609,1077.3533173171984,122454167.64273037
4450,4451.0,30.0,494.0,10034867.832597392,26342.103715367615,436.3268213512,884.6178466823635,2423.640956149922,401.85015853379474,212.98058402291122,1263.7397809748052,1272304.0755097177,6573.538026862609,1077.3533173171984,122454167.64273037
4451,4452.0,30.0,494.0,11011888.050032139,15746.387082180008,436.3268213512,884.6178466823635,2423.640956149922,401.85015853379474,212.98058402291122,1263.7397809748052,1272304.0755097177,6573.538026862609,1077.3533173171984,122454167.64273037
4452,4453.0,30.0,494.0,11988908.267466882,5150.670448992401,436.3268213512,884.6178466823635,2423.640956149922,401.85015853379474,212.98058402291122,1263.7397809748052,1272304.0755097177,6573.538026862609,1077.3533173171984,122454167.64273037
4453,4454.0,30.0,494.0,12955461.421688585,0.0,436.3268213512,884.6178466823635,2426.5484737091015,402.3322375270265,213.23608588932407,1263.7397809748052,1272304.0755097177,6573.538026862609,1077.3533173171984,122454167.64273037
4454,4455.0,30.0,494.0,12993743.74988648,0.0,485.7268213512,977.5122993129519,2684.401480937937,445.08538195231546,235.8952524347272,1396.4461418756457,1272304.0755097177,6573.538026862609,1077.3533173171984,122454167.64273037
4455,4456.0,30.0,494.0,12993743.74988648,0.0,485.7268213512,981.3846136326232,2695.0354609929077,446.8485418626529,236.82972718720603,1401.978019475176,1272304.0755097177,6573.538026862609,1077.3533173171984,122454167.64273037
4456,4457.0,30.0,494.0,12949161.514320027,0.0,485.7268213512,985.8941729335754,2707.4194153169215,448.9018550795931,237.91798319218435,1408.420247047965,1272304.0755097177,6573.538026862609,1077.3533173171984,122454167.64273037
4457,4458.0,30.0,494.0,12862566.998628594,0.0,485.7268213512,990.1437774270387,2719.089493129417,450.83680448171197,238.94350637530735,1414.4911106100553,1272304.0755097177,6573.538026862609,1077.3533173171984,122454167.64273037
4458,4459.0,30.0,494.0,12742686.767177723,4583.9396761041135,485.7268213512,992.6193553784019,2728.3355252848164,452.36983662412877,239.75601341078826,1418.0276505405743,1272304.0755097177,6573.538026862609,1077.3533173171984,122454167.64273037
4459,4460.0,30.0,494.0,12604547.230953056,18666.50907871034,485.7268213512,992.6193553784019,2733.407554388649,453.2108009981179,240.20172452900252,1418.0276505405743,1272304.0755097177,6573.538026862609,1077.3533173171984,122454167.64273037
4460,4461.0,30.0,494.0,12460304.92738426,35923.78463946283,485.7268213512,992.6193553784019,2735.102767539796,453.4918746744017,240.3506935774329,1418.0276505405743,1272304.0755097177,6573.538026862609,1077.3533173171984,122454167.64273037
4461,4462.0,30.0,494.0,12322165.391159592,50006.35404206626,485.7268213512,992.6193553784019,2733.407554388649,453.2108009981179,240.20172452900252,1418.0276505405743,1272304.0755097177,6573.538026862609,1077.3533173171984,122454167.64273037
4462,4463.0,30.0,494.0,12199247.034171754,56170.74981415948,485.7268213512,992.6193553784019,2729.1794490450848,452.50976283555616,239.83017430284477,1418.0276505405743,1272304.0755097177,6573.538026862609,1077.3533173171984,122454167.64273037
4463,4464.0,30.0,494.0,12094526.991090184,52868.24377461802,485.7268213512,992.6193553784019,2724.1243618488998,451.67160750316896,239.38595197667956,1418.0276505405743,1272304.0755097177,6573.538026862609,1077.3533173171984,122454167.64273037
4464,4465.0,30.0,494.0,12010946.350815237,38568.85902655218,485.7268213512,992.6193553784019,2718.252305513728,450.69799515220564,238.869937430669,1418.0276505405743,1272304.0755097177,6573.538026862609,1077.3533173171984,122454167.64273037
4465,4466.0,30.0,494.0,11957394.36981502,8648.336498730816,485.7268213512,992.6193553784019,2709.911011270745,449.3149724708079,238.1369354095282,1418.0276505405743,1272304.0755097177,6573.538026862609,1077.3533173171984,122454167.64273037
4466,4467.0,30.0,494.0,11942582.76278837,37222.200047114864,485.7268213512,977.326800644938,2699.1497962780877,447.5307164572088,237.1912797223207,1396.181143778483,1272304.0755097177,6573.538026862609,1077.3533173171984,122454167.64273037
4467,4468.0,30.0,494.0,11960292.27760582,48878.32776084449,485.7268213512,977.326800644938,2690.1161513213933,446.0328990314163,236.39743648665066,1396.181143778483,1272304.0755097177,6573.538026862609,1077.3533173171984,122454167.64273037
4468,4469.0,30.0,494.0,11989769.28975092,54412.91353707481,485.7268213512,977.326800644938,2686.8474020637286,445.49092625939056,236.110190917477,1396.181143778483,1272304.0755097177,6573.538026862609,1077.3533173171984,122454167.64273037
4469,4470.0,30.0,494.0,12028051.617948817,56170.74981415948,485.7268213512,977.17049781463,2684.4014809379364,445.08538195231546,235.8952524347272,1395.9578540209002,1272304.0755097177,6573.538026862609,1077.3533173171984,122454167.64273037
4470,4471.0,30.0,494.0,12072194.515463803,54879.87319559069,485.7268213512,977.17049781463,2682.773545016523,444.81546313185527,235.7521954598833,1395.9578540209002,1272304.0755097177,6573.538026862609,1077.3533173171984,122454167.64273037
4471,4472.0,30.0,494.0,12122190.286911882,50544.28687887266,485.7268213512,977.17049781463,2681.1477467017744,444.5458987358304,235.60932632999013,1395.9578540209002,1272304.0755097177,6573.538026862609,1077.3533173171984,122454167.64273037
4472,4473.0,30.0,494.0,12178031.252056072,43167.98618190084,485.7268213512,977.17049781463,2679.5240817861886,444.27668806661876,235.46664467530795,1395.9578540209002,1272304.0755097177,6573.538026862609,1077.3533173171984,122454167.64273037
4473,4474.0,30.0,494.0,12236791.938682018,34272.82408230193,485.7268213512,977.17049781463,2678.7130480412557,444.14221516206146,235.3953740358926,1395.9578540209002,1272304.0755097177,6573.538026862609,1077.3533173171984,122454167.64273037
4474,4475.0,30.0,494.0,12298470.432392618,23859.796464063227,485.7268213512,977.17049781463,2677.902546073297,444.0078304284276,235.32415012706664,1395.9578540209002,1272304.0755097177,6573.538026862609,1077.3533173171984,122454167.64273037
4475,4476.0,30.0,494.0,12363064.820672976,11929.898232031614,485.7268213512,977.17049781463,2677.0925753594747,443.8735337790286,235.25297290288518,1395.9578540209002,1272304.0755097177,6573.538026862609,1077.3533173171984,122454167.64273037
4476,4477.0,30.0,494.0,12427659.208953334,0.0,485.7268213512,977.17049781463,2677.0925753594747,443.8735337790286,235.25297290288518,1395.9578540209002,1272304.0755097177,6573.538026862609,1077.3533173171984,122454167.64273037
4477,4478.0,30.0,494.0,11747232.14731249,0.0,525.03308,1050.2108208753825,2884.042978115364,478.18680610802716,253.4390072372544,1500.3011726791178,1272304.0755097177,6573.538026862609,1077.3533173171984,122454167.64273037
4478,4479.0,30.0,494.0,11019058.591298759,24838.090847651474,525.03308,1050.2108208753825,2897.305893218944,480.3858548258127,254.60450305768074,1500.301172679118,1272304.0755097177,6573.538026862609,1077.3533173171984,122454167.64273037
4479,4480.0,30.0,494.0,10226482.363268863,0.0,525.03308,1066.3845042945586,2915.1955243345456,483.35203307992816,256.17657753236193,1523.4064347065125,1272304.0755097177,6573.538026862609,1077.3533173171984,122454167.64273037
4480,4481.0,30.0,494.0,9355483.470184794,0.0,525.03308,1069.4874444916065,2936.9795979607047,486.9639267550087,258.0908811801546,1527.8392064165807,1272304.0755097177,6573.538026862609,1077.3533173171984,122454167.64273037
4481,4482.0,30.0,494.0,8424834.779046413,0.0,525.03308,1075.5211101029868,2953.5489863091248,489.7112030451395,259.54693761392394,1536.4587287185525,1272304.0755097177,6573.538026862609,1077.3533173171984,122454167.64273037
4482,4483.0,30.0,494.0,7447288.928747425,14973.480227983082,525.03308,1077.3533173171984,2966.5759749648487,491.8711341369281,260.6917010925719,1539.0761675959977,1272304.0755097177,6573.538026862609,1077.3533173171984,122454167.64273037
4483,4484.0,30.0,494.0,6469743.078448437,29946.96045596525,523.25468,1077.3533173171984,2966.5759749648487,491.8711341369281,260.6917010925719,1539.0761675959977,1272304.0755097177,6573.538026862609,1077.3533173171984,122454167.64273037
4484,4485.0,30.0,494.0,5492197.228149449,44920.44068394974,522.1876400000001,1077.3533173171984,2966.5759749648487,491.87113413692816,260.6917010925719,1539.0761675959977,1272304.0755097177,6573.538026862609,1077.3533173171984,122454167.64273037
4485,4486.0,30.0,494.0,4521808.464478392,56170.74981415948,521.4560908949526,1077.3533173171984,2964.587895345979,491.5415019329528,260.516996024465,1539.0761675959977,1272304.0755097177,6573.538026862609,1077.3533173171984,122454167.64273037
4486,4487.0,30.0,494.0,4492066.523522789,0.0,472.05609089495266,995.3151453478833,2703.297111258353,448.2183592279255,237.5557303908005,1421.8787790684048,1272304.0755097177,6573.538026862609,1077.3533173171984,122454167.64273037
4487,4488.0,30.0,494.0,4924100.016787134,10530.280397854745,447.95761713302807,935.6362299998787,2575.0261573083676,426.9504799864532,226.2837543928202,1336.6231857141124,1272304.0755097177,6573.538026862609,1077.3533173171984,122454167.64273037
4488,4489.0,30.0,494.0,5370633.584445732,13517.511408891529,447.95761713302807,935.6362299998787,2570.9983588655195,426.2826535748333,225.92980639466168,1336.6231857141124,1272304.0755097177,6573.538026862609,1077.3533173171984,122454167.64273037
4489,4490.0,30.0,494.0,5848894.372844145,0.0,447.95761713303153,935.6362299998787,2562.1852419933484,424.8214006597626,225.15534234967419,1336.6231857141124,1272304.0755097177,6573.538026862609,1077.3533173171984,122454167.64273037
4490,4491.0,30.0,494.0,6384239.167805674,33253.21054191794,447.95761713303153,920.7677909602462,2546.328573503594,422.1922964064049,223.7619170953946,1315.3825585146376,1272304.0755097177,6573.538026862609,1077.3533173171984,122454167.64273037
4491,4492.0,30.0,494.0,6975904.629904106,37207.98011303507,447.95761713303153,920.7677909602462,2530.683943743343,419.59834909197014,222.38712501874417,1315.3825585146376,1272304.0755097177,6573.538026862609,1077.3533173171984,122454167.64273037
4492,4493.0,30.0,494.0,7592669.41999471,28105.887665847316,447.95761713303153,920.7677909602462,2523.711908189962,418.4423554266047,221.7744483761005,1315.3825585146376,1272304.0755097177,6573.538026862609,1077.3533173171984,122454167.64273037
4493,4494.0,30.0,494.0,8226083.605696751,43210.664324013516,447.95761713303153,914.3767886665241,2519.0870760756743,417.6755382486713,221.36803527179578,1306.2525552378918,1272304.0755097177,6573.538026862609,1077.3533173171984,122454167.64273037
4494,4495.0,30.0,494.0,8870560.51613806,52560.527125037275,447.95761713303153,914.3767886665241,2516.014096981433,417.1660250169121,221.0979932589634,1306.2525552378918,1272304.0755097177,6573.538026862609,1077.3533173171984,122454167.64273037
4495,4496.0,30.0,494.0,9526070.790455291,56170.74981415948,447.95761713303153,914.3767886665241,2512.9492736825655,416.6578640513191,220.82866794719914,1306.2525552378918,1272304.0755097177,6573.538026862609,1077.3533173171984,122454167.64273037
4496,4497.0,30.0,494.0,10192585.184517352,54056.54541160911,447.95761713303153,914.3767886665241,2509.8925737534464,416.1510499755832,220.56005648705911,1306.2525552378918,1272304.0755097177,6573.538026862609,1077.3533173171984,122454167.64273037
4497,4498.0,30.0,494.0,10870074.570307419,46233.066534088925,447.95761713303153,914.3767886665241,2506.843964940111,415.6455774418576,220.29215604418454,1306.2525552378918,1272304.0755097177,6573.538026862609,1077.3533173171984,122454167.64273037
4498,4499.0,30.0,494.0,11555776.154136105,34137.53954871744,447.95761713303153,914.3767886665241,2504.5627988182723,415.2673502273947,220.09169562051918,1306.2525552378918,1272304.0755097177,6573.538026862609,1077.3533173171984,122454167.64273037
4499,4500.0,30.0,494.0,12249673.664976826,17778.428767732345,447.95761713303153,914.3767886665241,2502.2861524260406,414.8898724036591,219.89163237393936,1306.2525552378918,1272304.0755097177,6573.538026862609,1077.3533173171984,122454167.64273037
4500,4501.0,30.0,494.0,12946299.544059828,0.0,447.95761713303153,914.3767886665241,2501.52827235874,414.76421260886923,219.8250326827007,1306.2525552378918,1272304.0755097177,6573.538026862609,1077.3533173171984,122454167.64273037
4501,4502.0,30.0,494.0,12993743.74988648,0.0,481.878562932,976.5855617918297,2681.8565149299493,444.66341557516796,235.67161025483904,1395.1222311311853,1272304.0755097177,6573.538026862609,1077.3533173171984,122454167.64273037
4502,4503.0,30.0,494.0,12993743.74988648,0.0,481.8785629320001,981.3846136326235,2695.035460992908,446.84854186265295,236.8297271872061,1401.9780194751766,1272304.0755097177,6573.538026862609,1077.3533173171984,122454167.64273037
4503,4504.0,30.0,494.0,12215772.818016348,0.0,520.58708,1060.0775281334274,2911.1384976234995,482.6793604949593,255.82006106232845,1514.3964687620391,1272304.0755097177,6573.538026862609,1077.3533173171984,122454167.64273037
4504,4505.0,30.0,494.0,11378776.298029386,0.0,520.58708,1066.0480539831167,2927.5344943226196,485.39788769930544,257.2608804806319,1522.9257914044524,1272304.0755097177,6573.538026862609,1077.3533173171984,122454167.64273037
4505,4506.0,30.0,494.0,10482034.189528402,0.0,520.58708,1072.0914089416783,2944.13049113207,488.1495757874199,258.71927516733257,1531.5591556309691,1272304.0755097177,6573.538026862609,1077.3533173171984,122454167.64273037
4506,4507.0,30.0,494.0,9534944.537379488,2160.027378786643,520.58708,1076.7641323888652,2958.1159199231615,490.4684204011827,259.94826281262687,1538.234474841236,1272304.0755097177,6573.538026862609,1077.3533173171984,122454167.64273037
4507,4508.0,30.0,494.0,8557398.6870805,20163.601523912024,520.58708,1076.7641323888652,2966.575974964849,491.87113413692816,260.6917010925719,1538.234474841236,1272304.0755097177,6573.538026862609,1077.3533173171984,122454167.64273037
4508,4509.0,30.0,494.0,7579852.836781513,38167.17566903443,520.0535600000001,1076.7641323888652,2966.575974964849,491.87113413692816,260.6917010925719,1538.234474841236,1272304.0755097177,6573.538026862609,1077.3533173171984,122454167.64273037
4509,4510.0,30.0,494.0,6602306.986482525,56170.74981415948,519.87572,1076.7641323888652,2966.5759749648487,491.8711341369281,260.6917010925719,1538.234474841236,1272304.0755097177,6573.538026862609,1077.3533173171984,122454167.64273037
4510,4511.0,30.0,494.0,6572022.548327267,0.0,470.47572,995.3700197448566,2703.4478049249237,448.2433448899509,237.56897279167399,1421.957171064081,1272304.0755097177,6573.538026862609,1077.3533173171984,122454167.64273037
4511,4512.0,30.0,494.0,6915756.15741298,6112.5257102055475,451.0545269642885,945.4269022039862,2599.553902913548,431.0172863485539,228.4391617647336,1350.609860291409,1272304.0755097177,6573.538026862609,1077.3533173171984,122454167.64273037
4512,4513.0,30.0,494.0,7268315.926284196,7633.6157251205295,451.0545269642885,945.4269022039862,2597.102191862014,430.61078204673566,228.2237144847699,1350.609860291409,1272304.0755097177,6573.538026862609,1077.3533173171984,122454167.64273037
4513,4514.0,30.0,494.0,7638473.8716329485,0.0,451.05452696428796,945.4269022039862,2592.213809507143,429.8002670984327,227.79414156216933,1350.609860291409,1272304.0755097177,6573.538026862609,1077.3533173171984,122454167.64273037
4514,4515.0,30.0,494.0,8060997.162983125,0.0,451.05452696428796,938.6457555612933,2577.667880062303,427.3884890507817,226.51589919691432,1340.9225079447049,1272304.0755097177,6573.538026862609,1077.3533173171984,122454167.64273037
4515,4516.0,30.0,494.0,8549509.67728625,29807.594192649238,451.05452696428796,926.1749266187933,2559.3375403531504,424.3492394047439,224.90509688451428,1323.1070380268477,1272304.0755097177,6573.538026862609,1077.3533173171984,122454167.64273037
4516,4517.0,30.0,494.0,9069222.930449143,43384.32585829546,451.05452696428796,926.1749266187933,2550.67066844766,422.9122345380057,224.14348430514303,1323.1070380268477,1272304.0755097177,6573.538026862609,1077.3533173171984,122454167.64273037
4517,4518.0,30.0,494.0,9600224.993777202,51088.532302413136,451.05452696428796,926.1749266187933,2547.534887846224,422.392308544588,223.86792352863165,1323.1070380268477,1272304.0755097177,6573.538026862609,1077.3533173171984,122454167.64273037
4518,4519.0,30.0,494.0,10139673.864945162,56170.74981415948,451.05452696428796,925.8303506494864,2545.188552335141,422.003275963376,223.6617362605893,1322.6147866421236,1272304.0755097177,6573.538026862609,1077.3533173171984,122454167.64273037
4519,4520.0,30.0,494.0,10690358.843741221,55407.85836646706,451.05452696428796,925.8303506494864,2542.067411327336,421.48577727793315,223.3874619573046,1322.6147866421236,1272304.0755097177,6573.538026862609,1077.3533173171984,122454167.64273037
4520,4521.0,30.0,494.0,11252249.979968278,48815.43828049768,451.05452696428796,925.8303506494864,2538.9545898187266,420.9696580014587,223.11391874077313,1322.6147866421236,1272304.0755097177,6573.538026862609,1077.3533173171984,122454167.64273037
4521,4522.0,30.0,494.0,11825317.443019606,36409.007665578276,451.05452696428796,925.8303506494864,2535.8500545897605,420.4549126260069,222.84110369178367,1322.6147866421236,1272304.0755097177,6573.538026862609,1077.3533173171984,122454167.64273037
4522,4523.0,30.0,494.0,12406747.646435872,19652.215675487183,451.054526964288,925.8303506494864,2533.527071155056,420.0697519201116,222.63696851765917,1322.6147866421236,1272304.0755097177,6573.538026862609,1077.3533173171984,122454167.64273037
4523,4524.0,30.0,494.0,12993743.74988648,0.0,451.054526964288,925.8303506494864,2531.9809878121837,419.8134046113804,222.50110444403163,1322.6147866421236,1272304.0755097177,6573.538026862609,1077.3533173171984,122454167.64273037
4524,4525.0,30.0,494.0,12993743.74988648,0.0,482.5199393351997,981.3846136326232,2695.0354609929077,446.84854186265284,236.829727187206,1401.978019475176,1272304.0755097177,6573.538026862609,1077.3533173171984,122454167.64273037
4525,4526.0,30.0,494.0,12254570.657979399,0.0,520.94276,1056.1530690335367,2900.3613198559856,480.8924577842122,254.87300262563247,1508.7900986193383,1272304.0755097177,6573.538026862609,1077.3533173171984,122454167.64273037
4526,4527.0,30.0,494.0,11469947.228828305,0.0,520.94276,1060.7504381076974,2912.986413534878,482.98575294969163,255.9824490633366,1515.357768725282,1272304.0755097177,6573.538026862609,1077.3533173171984,122454167.64273037
4527,4528.0,30.0,494.0,10632856.10352954,0.0,520.94276,1066.0576234508283,2927.5607735758977,485.40224491321925,257.26318980400623,1522.9394620726118,1272304.0755097177,6573.538026862609,1077.3533173171984,122454167.64273037
4528,4529.0,30.0,494.0,9746060.715006381,0.0,520.94276,1071.0852834520065,2941.367513360452,487.6914621164437,258.4764749217152,1530.1218335028664,1272304.0755097177,6573.538026862609,1077.3533173171984,122454167.64273037
4529,4530.0,30.0,494.0,8815778.49782735,0.0,520.94276,1075.4840407180411,2953.447187987083,489.69432444282535,259.5379919546975,1536.4057724543445,1272304.0755097177,6573.538026862609,1077.3533173171984,122454167.64273037
4530,4531.0,30.0,494.0,7838232.6475283615,17130.438858001722,520.94276,1076.9339086946948,2966.5759749648487,491.87113413692816,260.6917010925719,1538.4770124209927,1272304.0755097177,6573.538026862609,1077.3533173171984,122454167.64273037
4531,4532.0,30.0,494.0,6860686.797229374,34260.877716003444,520.0535600000001,1076.9339086946948,2966.575974964849,491.87113413692816,260.6917010925719,1538.4770124209927,1272304.0755097177,6573.538026862609,1077.3533173171984,122454167.64273037
4532,4533.0,30.0,494.0,5886537.693975249,49624.302832053916,520.0535600000001,1076.9339086946948,2965.6324341190534,491.7146909816398,260.6087862202691,1538.4770124209927,1272304.0755097177,6573.538026862609,1077.3533173171984,122454167.64273037
4533,4534.0,30.0,494.0,4929337.550262362,56170.74981415948,520.0535600000001,1076.9339086946948,2960.924389802043,490.9340768604047,260.1950607360145,1538.4770124209927,1272304.0755097177,6573.538026862609,1077.3533173171984,122454167.64273037
4534,4535.0,30.0,494.0,4929354.983913075,0.0,470.6535600000001,992.3049404346189,2695.0306183121543,446.8477389252278,236.82930163037076,1417.5784863351698,1272304.0755097177,6573.538026862609,1077.3533173171984,122454167.64273037
4535,4536.0,30.0,494.0,5573499.242227599,17144.51752562821,437.55846506305994,912.8948096153418,2516.106500349984,417.18134589528194,221.10611332449943,1304.1354423076314,1272304.0755097177,6573.538026862609,1077.3533173171984,122454167.64273037
4536,4537.0,30.0,494.0,6231758.872954861,26946.11057186189,437.55846506305994,912.8948096153418,2512.185563568668,416.53123760957453,220.7615559330745,1304.1354423076314,1272304.0755097177,6573.538026862609,1077.3533173171984,122454167.64273037
4537,4538.0,30.0,494.0,6906893.817612678,27969.036492999643,437.5584650630601,912.8948096153418,2507.4979763657357,415.75401536637906,220.3496281441809,1304.1354423076314,1272304.0755097177,6573.538026862609,1077.3533173171984,122454167.64273037
4538,4539.0,30.0,494.0,7612789.289543404,50730.68544000294,437.5584650630601,905.556362702145,2498.953385456595,414.3372852179914,219.59876116553545,1293.65194671735,1272304.0755097177,6573.538026862609,1077.3533173171984,122454167.64273037
4539,4540.0,30.0,494.0,8351982.205525273,56170.74981415948,437.5584650630601,905.556362702145,2489.704095442388,412.80371290848626,218.78596784149772,1293.65194671735,1272304.0755097177,6573.538026862609,1077.3533173171984,122454167.64273037
4540,4541.0,30.0,494.0,9107723.290155211,53002.33053645026,437.5584650630601,905.556362702145,2485.107381929036,412.0415579162677,218.3820256956219,1293.65194671735,1272304.0755097177,6573.538026862609,1077.3533173171984,122454167.64273037
4541,4542.0,30.0,494.0,9871713.497719575,45542.65453822538,437.5584650630601,905.556362702145,2482.815958891696,411.66163006082917,218.18066393223947,1293.65194671735,1272304.0755097177,6573.538026862609,1077.3533173171984,122454167.64273037
4542,4543.0,30.0,494.0,10641193.909679798,35226.93230357207,437.5584650630601,905.556362702145,2481.290902115068,411.40876904777116,218.04664759531872,1293.65194671735,1272304.0755097177,6573.538026862609,1077.3533173171984,122454167.64273037
4543,4544.0,30.0,494.0,11413416.666121753,23484.621535714716,437.5584650630601,905.556362702145,2480.5291397590313,411.28246555270863,217.97970674293558,1293.65194671735,1272304.0755097177,6573.538026862609,1077.3533173171984,122454167.64273037
4544,4545.0,30.0,494.0,12185639.422563724,11742.310767857358,437.55846506306005,905.556362702145,2480.529139759031,411.2824655527086,217.97970674293555,1293.65194671735,1272304.0755097177,6573.538026862609,1077.3533173171984,122454167.64273037
4545,4546.0,30.0,494.0,12957862.17900568,0.0,437.55846506306005,905.556362702145,2480.529139759031,411.2824655527086,217.97970674293555,1293.65194671735,1272304.0755097177,6573.538026862609,1077.3533173171984,122454167.64273037
4546,4547.0,30.0,494.0,12993743.74988648,0.0,477.23364000000004,977.7551394790202,2685.0683579704637,445.19595305013576,235.95385511657196,1396.7930563986004,1272304.0755097177,6573.538026862609,1077.3533173171984,122454167.64273037
4547,4548.0,30.0,494.0,12115851.920897953,10264.19328853488,526.63364,1068.1888598278665,2938.894302378609,487.281393033142,258.2591383075653,1525.9840854683807,1272304.0755097177,6573.538026862609,1077.3533173171984,122454167.64273037
4548,4549.0,30.0,494.0,11251096.46904111,13694.742916078307,526.63364,1068.1888598278665,2935.24530873092,486.6763740957898,257.9384782707686,1525.9840854683812,1272304.0755097177,6573.538026862609,1077.3533173171984,122454167.64273037
4549,4550.0,30.0,494.0,10383060.213271705,0.0,526.63364,1071.8506360079123,2936.1566431510755,486.8274772863378,258.0185629617591,1531.2151942970177,1272304.0755097177,6573.538026862609,1077.3533173171984,122454167.64273037
4550,4551.0,30.0,494.0,9488698.425093576,0.0,526.63364,1071.8506360079123,2943.469291042388,488.0399459512896,258.6611713541835,1531.2151942970177,1272304.0755097177,6573.538026862609,1077.3533173171984,122454167.64273037
4551,4552.0,30.0,494.0,8551255.502498165,0.0,526.63364,1076.208356699542,2955.4362728249666,490.0241233164632,259.7127853577255,1537.4405095707743,1272304.0755097177,6573.538026862609,1077.3533173171984,122454167.64273037
4552,4553.0,30.0,494.0,7573709.652199177,14973.480227983082,526.63364,1077.3533173171984,2966.5759749648487,491.8711341369281,260.6917010925719,1539.0761675959977,1272304.0755097177,6573.538026862609,1077.3533173171984,122454167.64273037
4553,4554.0,30.0,494.0,6596163.801900189,29946.960455967113,523.7882,1077.3533173171984,2966.575974964849,491.87113413692816,260.691701092572,1539.0761675959977,1272304.0755097177,6573.538026862609,1077.3533173171984,122454167.64273037
4554,4555.0,30.0,494.0,5618617.951601202,44920.44068394974,520.94276,1077.3533173171984,2966.5759749648487,491.87113413692816,260.6917010925719,1539.0761675959977,1272304.0755097177,6573.538026862609,1077.3533173171984,122454167.64273037
4555,4556.0,30.0,494.0,4644367.951452432,41197.26958617685,519.16436,1077.3533173171984,2965.6604610342324,491.71933796545954,259.81438451015924,1539.0761675959977,1272304.0755097177,6573.538026862609,1077.3533173171984,122454167.64273037
4556,4557.0,30.0,494.0,3666822.1011534464,56170.74981415948,518.4530000000001,1077.3533173171984,2966.5759749648482,491.8711341369281,260.6917010925719,1539.0761675959977,1272304.0755097177,6573.538026862609,1077.3533173171984,122454167.64273037
4557,4558.0,30.0,494.0,2698103.2156947926,56170.74981415948,518.4530000000001,1077.3533173171984,2964.124040286978,491.46459275689546,259.98908957826524,1539.0761675959977,1272304.0755097177,6573.538026862609,1077.3533173171984,122454167.64273037
4558,4559.0,30.0,494.0,1749341.0265005603,56170.74981415948,518.015104041657,1077.3533173171984,2958.580513546861,490.5454520344631,259.98908957826546,1539.0761675959977,1272304.0755097177,6573.538026862609,1077.3533173171984,122454167.64273037
4559,4560.0,30.0,494.0,1763782.5892534666,0.0,468.61510404165693,990.8459183661993,2691.023915783767,446.18341030751543,236.4772074629832,1415.4941690945705,1272304.0755097177,6573.538026862609,1077.3533173171984,122454167.64273037
4560,4561.0,30.0,494.0,2734230.1297407737,0.0,419.6720611157907,883.2224044771897,2425.4666997464333,402.15287472277413,213.1410236030703,1261.746292110271,1272304.0755097177,6573.538026862609,1077.3533173171984,122454167.64273037
4561,4562.0,30.0,494.0,3734502.688249778,9536.406708056107,419.6720611157907,878.3512583306808,2417.181972518184,400.779231097206,212.41299248151918,1254.7875119009727,1272304.0755097177,6573.538026862609,1077.3533173171984,122454167.64273037
4562,4563.0,30.0,494.0,4780432.921872869,45280.264972763136,419.67206111579,868.6370233649739,2404.499284986496,398.67638662170265,211.2984849095024,1240.910033378534,1272304.0755097177,6573.538026862609,1077.3533173171984,122454167.64273037
4563,4564.0,30.0,494.0,5874139.027707018,56170.74981415948,419.67206111579,868.6370233649739,2391.22820937232,396.4759848559468,210.13227197365183,1240.910033378534,1272304.0755097177,6573.538026862609,1077.3533173171984,122454167.64273037
4564,4565.0,30.0,494.0,6991517.379224965,54746.751747742295,419.67206111579,868.6370233649739,2384.6525855712557,395.38571797453795,209.55443052650512,1240.910033378534,1272304.0755097177,6573.538026862609,1077.3533173171984,122454167.64273037
4565,4566.0,30.0,494.0,8119371.050706143,47873.41227265634,419.67206111579,868.6370233649739,2381.7427744703587,394.90325870216435,209.2987271121471,1240.910033378534,1272304.0755097177,6573.538026862609,1077.3533173171984,122454167.64273037
4566,4567.0,30.0,494.0,9252451.893835673,38280.85820426233,419.67206111579,868.6370233649739,2380.290782345816,394.66251212460025,209.17113142603816,1240.910033378534,1272304.0755097177,6573.538026862609,1077.3533173171984,122454167.64273037
4567,4568.0,30.0,494.0,10390752.93504801,25972.717244585976,419.67206111579,868.6370233649739,2378.840727322814,394.42208672685416,209.0437059652327,1240.910033378534,1272304.0755097177,6573.538026862609,1077.3533173171984,122454167.64273037
4568,4569.0,30.0,494.0,11529053.976260347,13664.576284912415,419.67206111579,868.6370233649739,2378.840727322814,394.42208672685416,209.0437059652327,1240.910033378534,1272304.0755097177,6573.538026862609,1077.3533173171984,122454167.64273037
4569,4570.0,30.0,494.0,12669962.50578654,0.0,419.67206111579,868.6370233649739,2378.1164250134098,394.30199426962696,208.9800569629023,1240.910033378534,1272304.0755097177,6573.538026862609,1077.3533173171984,122454167.64273037
4570,4571.0,30.0,494.0,12890609.80139786,0.0,469.07206111579,959.0658121747898,2633.7445455453185,436.68624285264576,231.44370871190227,1370.094017392557,1272304.0755097177,6573.538026862609,1077.3533173171984,122454167.64273037
4571,4572.0,30.0,494.0,12190995.863094307,0.0,518.47206111579,1052.1516019288936,2889.372666077227,479.07049143566445,253.90736046090217,1503.0737170412767,1272304.0755097177,6573.538026862609,1077.3533173171984,122454167.64273037
4572,4573.0,30.0,494.0,11369158.213573715,0.0,525.03308,1064.5147117351341,2923.32369697085,484.6997192766815,256.8908512166412,1520.735302478763,1272304.0755097177,6573.538026862609,1077.3533173171984,122454167.64273037
4573,4574.0,30.0,494.0,10537527.693192985,5094.326175735332,525.03308,1064.5147117351341,2926.043938876444,485.1507471561366,257.12989599275244,1520.735302478763,1272304.0755097177,6573.538026862609,1077.3533173171984,122454167.64273037
4574,4575.0,30.0,494.0,9673112.167378364,0.0,525.03308,1069.8120905436701,2935.1508848303024,486.66071820445984,257.9301806483637,1528.3029864909574,1272304.0755097177,6573.538026862609,1077.3533173171984,122454167.64273037
4575,4576.0,30.0,494.0,8762427.01712136,0.0,525.03308,1073.501768310955,2948.0035582865203,488.79174708184314,259.0596259533769,1533.5739547299356,1272304.0755097177,6573.538026862609,1077.3533173171984,122454167.64273037
4576,4577.0,30.0,494.0,7784881.166822372,14973.480227983082,525.03308,1077.3533173171984,2966.5759749648487,491.8711341369281,260.6917010925719,1539.0761675959977,1272304.0755097177,6573.538026862609,1077.3533173171984,122454167.64273037
4577,4578.0,30.0,494.0,6807335.316523386,29946.960455963388,521.6541199999999,1077.3533173171984,2966.5759749648482,491.871134136928,260.69170109257186,1539.0761675959977,1272304.0755097177,6573.538026862609,1077.3533173171984,122454167.64273037
4578,4579.0,30.0,494.0,5829789.466224398,44920.44068394601,520.0535600000001,1077.3533173171984,2966.575974964849,491.87113413692816,260.6917010925719,1539.0761675959977,1272304.0755097177,6573.538026862609,1077.3533173171984,122454167.64273037
4579,4580.0,30.0,494.0,4855539.466075632,41197.26958617685,519.6978799999999,1077.3533173171984,2965.6604610342315,491.7193379654594,259.814384510159,1539.0761675959977,1272304.0755097177,6573.538026862609,1077.3533173171984,122454167.64273037
4580,4581.0,30.0,494.0,3877993.615776644,56170.74981415948,519.3421999999999,1077.3533173171984,2966.575974964849,491.87113413692816,260.6917010925719,1539.0761675959977,1272304.0755097177,6573.538026862609,1077.3533173171984,122454167.64273037
4581,4582.0,30.0,494.0,2905726.8228017604,41197.26958617685,518.63084,1077.3533173171984,2965.1095701525974,491.6279978733728,259.28647806395924,1539.0761675959977,1272304.0755097177,6573.538026862609,1077.3533173171984,122454167.64273037
4582,4583.0,30.0,494.0,1928180.9725027746,56170.74981415948,518.4530000000001,1077.3533173171984,2966.5759749648482,491.8711341369281,260.6917010925719,1539.0761675959977,1272304.0755097177,6573.538026862609,1077.3533173171984,122454167.64273037
4583,4584.0,30.0,494.0,956369.4297997721,56170.74981415948,518.4530000000001,1077.3533173171984,2964.983111743742,491.6070305219516,259.9890895782656,1539.0761675959977,1272304.0755097177,6573.538026862609,1077.3533173171984,122454167.64273037
4584,4585.0,30.0,494.0,0.0,56170.74981415948,518.4530000000001,1077.3533173171984,2960.693635937289,490.89581687106977,259.98908957826495,1539.0761675959977,1272304.0755097177,6573.538026862609,1077.3533173171984,122454167.64273037
4585,4586.0,30.0,494.0,18300.380690891296,0.0,469.0530000000001,990.4555932041293,2689.9520219121046,446.0056856651067,236.38301340250655,1414.9365617201847,1272304.0755097177,6573.538026862609,1077.3533173171984,122454167.64273037
4586,4587.0,30.0,494.0,1018934.4118956961,0.0,419.65300000000013,880.1689961353112,2417.0815634360174,400.76258283687497,212.40416890354373,1257.3842801933017,1272304.0755097177,6573.538026862609,1077.3533173171984,122454167.64273037
4587,4588.0,30.0,494.0,2302711.8248028946,26250.697879858315,407.46967881556805,846.424320440906,2338.4306240742417,387.72191673855605,205.4926158714347,1209.1776006298658,1272304.0755097177,6573.538026862609,1077.3533173171984,122454167.64273037
4588,4589.0,30.0,494.0,3609705.8761600247,40423.9232128722,407.46967881556805,846.424320440906,2331.981557838148,386.6526336490815,204.9258958340132,1209.1776006298658,1272304.0755097177,6573.538026862609,1077.3533173171984,122454167.64273037
4589,4590.0,30.0,494.0,4929537.470383922,47918.960750672035,407.46967881556805,846.424320440906,2328.4155737084916,386.0613780490326,204.61253036598728,1209.1776006298658,1272304.0755097177,6573.538026862609,1077.3533173171984,122454167.64273037
4590,4591.0,30.0,494.0,6262163.604632557,56023.66022056248,407.4696788155681,845.0115883507855,2324.861534812731,385.47210302045517,204.30021460084126,1207.1594119296935,1272304.0755097177,6573.538026862609,1077.3533173171984,122454167.64273037
4591,4592.0,30.0,494.0,7610086.726782178,56170.74981415948,407.46967881556805,845.0115883507855,2320.6123715069016,384.7675733566241,203.92681387901078,1207.1594119296935,1272304.0755097177,6573.538026862609,1077.3533173171984,122454167.64273037
4592,4593.0,30.0,494.0,8978310.628622197,45757.218845954165,407.469678815568,845.0115883507855,2314.973266037345,383.83258526724563,203.4312701916402,1207.1594119296935,1272304.0755097177,6573.538026862609,1077.3533173171984,122454167.64273037
4593,4594.0,30.0,494.0,10364209.08224759,26149.251119563356,407.469678815568,845.0115883507855,2310.0636683191874,383.0185527199029,202.99983294154856,1207.1594119296935,1272304.0755097177,6573.538026862609,1077.3533173171984,122454167.64273037
4594,4595.0,30.0,494.0,11762681.906127091,0.0,407.469678815568,845.0115883507855,2306.5707876930464,382.4394179970832,202.6928915384541,1207.1594119296935,1272304.0755097177,6573.538026862609,1077.3533173171984,122454167.64273037
4595,4596.0,30.0,494.0,12834745.445814023,0.0,425.3438800000001,872.9437953295349,2397.2400333020933,397.4727712789218,210.66056877782856,1247.0625647564784,1272304.0755097177,6573.538026862609,1077.3533173171984,122454167.64273037
4596,4597.0,30.0,494.0,12993743.74988648,0.0,474.7438800000001,965.3016991745347,2650.8692654172255,439.52559551249857,232.94856562162425,1379.0024273921927,1272304.0755097177,6573.538026862609,1077.3533173171984,122454167.64273037
4597,4598.0,30.0,494.0,12227381.151463354,0.0,524.1438800000001,1058.9033279750151,2907.9139605548867,482.14471829520113,255.53670069645662,1512.7190399643073,1272304.0755097177,6573.538026862609,1077.3533173171984,122454167.64273037
4598,4599.0,30.0,494.0,11422108.204153227,0.0,524.1438800000001,1062.8391675195605,2918.7223908012766,483.9368028021872,256.4865054851592,1518.3416678850865,1272304.0755097177,6573.538026862609,1077.3533173171984,122454167.64273037
4599,4600.0,30.0,494.0,10554586.375037218,0.0,524.1438800000001,1069.1357343102313,2936.0137468584658,486.8037844626571,258.0060057652083,1527.3367633003306,1272304.0755097177,6573.538026862609,1077.3533173171984,122454167.64273037
4600,4601.0,30.0,494.0,9627355.330062762,0.0,524.1438800000001,1075.1754101206939,2952.599640152479,489.5537973441904,259.4635125924209,1535.9648716009913,1272304.0755097177,6573.538026862609,1077.3533173171984,122454167.64273037
4601,4602.0,30.0,494.0,8649809.479763774,14973.480227983082,524.1438800000001,1077.3533173171984,2966.5759749648487,491.87113413692805,260.6917010925719,1539.0761675959977,1272304.0755097177,6573.538026862609,1077.3533173171984,122454167.64273037
4602,4603.0,30.0,494.0,7672263.629464788,29946.960455963388,521.6541199999999,1077.3533173171984,2966.5759749648482,491.871134136928,260.69170109257186,1539.0761675959977,1272304.0755097177,6573.538026862609,1077.3533173171984,122454167.64273037
4603,4604.0,30.0,494.0,6695374.100653968,41197.26958617685,520.0535600000001,1077.3533173171984,2966.393663440358,491.84090609723717,260.5169960244652,1539.0761675959977,1272304.0755097177,6573.538026862609,1077.3533173171984,122454167.64273037
4604,4605.0,30.0,494.0,5717828.25035498,56170.74981415948,519.3421999999999,1077.3533173171984,2966.575974964849,491.87113413692816,260.6917010925719,1539.0761675959977,1272304.0755097177,6573.538026862609,1077.3533173171984,122454167.64273037
4605,4606.0,30.0,494.0,4742921.928718042,56170.74981415948,519.16436,1077.3533173171984,2965.8427725587235,491.74956600515054,259.9890895782657,1539.0761675959977,1272304.0755097177,6573.538026862609,1077.3533173171984,122454167.64273037
4606,4607.0,30.0,494.0,3794159.7395238113,56170.74981415948,518.0151040416571,1077.3533173171984,2958.5805135468604,490.545452034463,259.9890895782654,1539.0761675959977,1272304.0755097177,6573.538026862609,1077.3533173171984,122454167.64273037
4607,4608.0,30.0,494.0,3799425.2507039234,0.0,468.6151040416571,991.7740896027994,2693.572818998432,446.6060294905679,236.701195630001,1416.8201280039993,1272304.0755097177,6573.538026862609,1077.3533173171984,122454167.64273037
4608,4609.0,30.0,494.0,4473545.221049645,0.0,434.49822147494956,913.1963780359799,2507.779913674651,415.8007617922458,220.3744037498903,1304.5662543371143,1272304.0755097177,6573.538026862609,1077.3533173171984,122454167.64273037
4609,4610.0,30.0,494.0,5181454.371556396,0.0,434.4982214749496,909.7785523094167,2498.3940302965875,414.24454171192247,219.5496071073189,1299.6836461563096,1272304.0755097177,6573.538026862609,1077.3533173171984,122454167.64273037
4610,4611.0,30.0,494.0,5947836.085071244,38118.574096120894,434.4982214749496,896.4520208071962,2482.151651683227,411.55148505095843,218.12228707700797,1280.6457440102804,1272304.0755097177,6573.538026862609,1077.3533173171984,122454167.64273037
4611,4612.0,30.0,494.0,6777315.587518225,43413.196730118245,434.4982214749496,896.4520208071962,2464.624488090968,408.64540548074615,216.58206490479546,1280.6457440102804,1272304.0755097177,6573.538026862609,1077.3533173171984,122454167.64273037
4612,4613.0,30.0,494.0,7633926.764320033,52601.622149958275,434.4982214749496,892.9504833551958,2457.087911881294,407.39580853158805,215.91977852174168,1275.6435476502797,1272304.0755097177,6573.538026862609,1077.3533173171984,122454167.64273037
4613,4614.0,30.0,494.0,8501339.96976063,56170.74981415948,434.4982214749496,892.9504833551958,2454.087348370519,406.898302116937,215.6561001219766,1275.6435476502797,1272304.0755097177,6573.538026862609,1077.3533173171984,122454167.64273037
4614,4615.0,30.0,494.0,9376835.813761543,55535.22720012441,434.4982214749496,892.9504833551958,2451.842170992654,406.5260419919617,215.4588022557397,1275.6435476502797,1272304.0755097177,6573.538026862609,1077.3533173171984,122454167.64273037
4615,4616.0,30.0,494.0,10260398.164802358,50703.446047915335,434.4982214749496,892.9504833551958,2449.601474592684,406.1545248325123,215.26189816123153,1275.6435476502797,1272304.0755097177,6573.538026862609,1077.3533173171984,122454167.64273037
4616,4617.0,30.0,494.0,11154690.848446148,40289.66396518983,434.4982214749496,892.9504833551958,2446.6208266474105,405.66032050480345,214.99996986754584,1275.6435476502797,1272304.0755097177,6573.538026862609,1077.3533173171984,122454167.64273037
4617,4618.0,30.0,494.0,12062356.412977671,22919.20716221258,434.4982214749496,892.9504833551958,2442.906137511929,405.04440897128643,214.67353675478182,1275.6435476502797,1272304.0755097177,6573.538026862609,1077.3533173171984,122454167.64273037
4618,4619.0,30.0,494.0,12980688.392227978,0.0,434.4982214749492,892.9504833551958,2439.943244534489,404.5531484940769,214.41316870186077,1275.6435476502797,1272304.0755097177,6573.538026862609,1077.3533173171984,122454167.64273037
4619,4620.0,30.0,494.0,12993743.74988648,0.0,483.8982214749492,980.0640448274005,2691.408972754435,446.2472544195383,236.51104484235532,1400.0914926105722,1272304.0755097177,6573.538026862609,1077.3533173171984,122454167.64273037
4620,4621.0,30.0,494.0,12163998.96843569,0.0,530.0126,1065.314529866428,2925.520122507016,485.06389613533537,257.0838649517278,1521.8778998091832,1272304.0755097177,6573.538026862609,1077.3533173171984,122454167.64273037
4621,4622.0,30.0,494.0,11331017.504279975,1683.7470504567027,530.0126,1065.314529866428,2926.4192010361617,485.21296724611807,257.1628726404426,1521.877899809183,1272304.0755097177,6573.538026862609,1077.3533173171984,122454167.64273037
4622,4623.0,30.0,494.0,10468809.28728648,0.0,530.0126,1068.9256498168565,2934.5377434911,486.5590567171274,257.87630006007754,1527.0366425955094,1272304.0755097177,6573.538026862609,1077.3533173171984,122454167.64273037
4623,4624.0,30.0,494.0,9550916.254005622,0.0,530.0126,1074.230856377477,2950.0057480153687,489.12371880311264,259.2355709656497,1534.6155091106816,1272304.0755097177,6573.538026862609,1077.3533173171984,122454167.64273037
4624,4625.0,30.0,494.0,8573370.403706634,14973.480227983082,530.0126,1077.3533173171984,2966.5759749648487,491.8711341369281,260.6917010925719,1539.0761675959977,1272304.0755097177,6573.538026862609,1077.3533173171984,122454167.64273037
4625,4626.0,30.0,494.0,7595824.553407647,29946.96045596525,527.3449999999999,1077.3533173171984,2966.575974964849,491.8711341369282,260.6917010925719,1539.0761675959977,1272304.0755097177,6573.538026862609,1077.3533173171984,122454167.64273037
4626,4627.0,30.0,494.0,6618278.703108659,44920.44068394974,525.21092,1077.3533173171984,2966.5759749648487,491.8711341369281,260.6917010925719,1539.0761675959977,1272304.0755097177,6573.538026862609,1077.3533173171984,122454167.64273037
4627,4628.0,30.0,494.0,5644028.702959891,41197.26958617778,523.7882,1077.3533173171984,2965.660461034232,491.71933796545943,259.8143845101585,1539.0761675959977,1272304.0755097177,6573.538026862609,1077.3533173171984,122454167.64273037
4628,4629.0,30.0,494.0,4666482.852660906,56170.74981415948,523.07684,1077.3533173171984,2966.5759749648482,491.87113413692805,260.69170109257186,1539.0761675959977,1272304.0755097177,6573.538026862609,1077.3533173171984,122454167.64273037
4629,4630.0,30.0,494.0,3691576.531023968,56170.74981415948,522.899,1077.3533173171984,2965.8427725587235,491.74956600515054,259.9890895782655,1539.0761675959977,1272304.0755097177,6573.538026862609,1077.3533173171984,122454167.64273037
4630,4631.0,30.0,494.0,2742814.341829736,56170.74981415948,521.9162504425944,1077.3533173171984,2958.580513546861,490.5454520344631,259.98908957826546,1539.0761675959977,1272304.0755097177,6573.538026862609,1077.3533173171984,122454167.64273037
4631,4632.0,30.0,494.0,2750070.9311282933,0.0,472.5162504425945,991.572689095762,2693.0197417433087,446.5143268882956,236.65259325079668,1416.5324129939459,1272304.0755097177,6573.538026862609,1077.3533173171984,122454167.64273037
4632,4633.0,30.0,494.0,3171852.4244754557,0.0,452.1632890308395,938.7207895303492,2577.8739350631404,427.4226538615979,226.5340065466469,1341.0296993290704,1272304.0755097177,6573.538026862609,1077.3533173171984,122454167.64273037
4633,4634.0,30.0,494.0,3636688.578186946,14132.675488845445,452.16328903083945,931.6177264945287,2565.91430718416,425.439695805464,225.48303877689594,1330.8824664207555,1272304.0755097177,6573.538026862609,1077.3533173171984,122454167.64273037
4634,4635.0,30.0,494.0,4149798.0129707474,3153.2216677498072,452.16328903084,931.6177264945287,2552.5050624418514,423.216385000354,224.30468405018763,1330.8824664207555,1272304.0755097177,6573.538026862609,1077.3533173171984,122454167.64273037
4635,4636.0,30.0,494.0,4702251.839791177,26557.144885500893,452.16328903084,920.9523261947062,2541.5760646538993,421.4043098732359,223.34428423281503,1315.6461802781519,1272304.0755097177,6573.538026862609,1077.3533173171984,122454167.64273037
4636,4637.0,30.0,494.0,5268668.545771811,42697.47177788708,452.16328903084,920.9523261947062,2537.6974871093976,420.76122493229667,223.00344921411724,1315.6461802781519,1272304.0755097177,6573.538026862609,1077.3533173171984,122454167.64273037
4637,4638.0,30.0,494.0,5846222.20290229,53044.27166773938,452.16328903084,920.9523261947062,2534.603889567775,420.2482930727378,222.73159532855104,1315.6461802781519,1272304.0755097177,6573.538026862609,1077.3533173171984,122454167.64273037
4638,4639.0,30.0,494.0,6437655.552059335,56170.74981415948,452.16328903084,920.9523261947062,2530.748419560395,419.6090394614484,222.39279091456766,1315.6461802781519,1272304.0755097177,6573.538026862609,1077.3533173171984,122454167.64273037
4639,4640.0,30.0,494.0,7040159.600057338,53538.16591484379,452.16328903084,920.9523261947062,2527.6732254378944,419.0991589684185,222.12255425326182,1315.6461802781519,1272304.0755097177,6573.538026862609,1077.3533173171984,122454167.64273037
4640,4641.0,30.0,494.0,7650947.466689091,46596.27632739674,452.16328903084,920.9523261947062,2525.37216470631,418.7176331415683,221.9203455650312,1315.6461802781519,1272304.0755097177,6573.538026862609,1077.3533173171984,122454167.64273037
4641,4642.0,30.0,494.0,8270002.744442448,35353.6163648637,452.16328903084,920.9523261947062,2523.075661616975,418.3368629915257,221.71853738550865,1315.6461802781519,1272304.0755097177,6573.538026862609,1077.3533173171984,122454167.64273037
4642,4643.0,30.0,494.0,8897309.074503878,19818.696006911807,452.16328903084,920.9523261947062,2520.78370264251,417.95684627539265,221.51712852595813,1315.6461802781519,1272304.0755097177,6573.538026862609,1077.3533173171984,122454167.64273037
4643,4644.0,30.0,494.0,9532850.146565903,0.0,452.16328903084,920.9523261947062,2518.4962743090114,417.5775807591376,221.31611780234294,1315.6461802781519,1272304.0755097177,6573.538026862609,1077.3533173171984,122454167.64273037
4644,4645.0,30.0,494.0,9268161.139777927,0.0,501.56328903084,1008.1582995470811,2768.560185100679,459.0392592888003,243.29080742306417,1440.226142210116,1272304.0755097177,6573.538026862609,1077.3533173171984,122454167.64273037
4645,4646.0,30.0,494.0,8467275.834282482,0.0,530.54612,1062.3953510374292,2917.5036014083094,483.73472224667404,256.37940279073723,1517.7076443391848,1272304.0755097177,6573.538026862609,1077.3533173171984,122454167.64273037
4646,4647.0,30.0,494.0,7637384.631915554,15089.088970280252,530.54612,1062.3953510374292,2925.560794983721,485.0706398079782,257.08743909822846,1517.7076443391848,1272304.0755097177,6573.538026862609,1077.3533173171984,122454167.64273037
4647,4648.0,30.0,494.0,6758765.226968052,0.0,530.54612,1073.1922600997161,2939.096406811658,487.3149028227232,258.2768984960433,1533.1318001424518,1272304.0755097177,6573.538026862609,1077.3533173171984,122454167.64273037
4648,4649.0,30.0,494.0,5830930.057517504,0.0,530.54612,1075.2365182081521,2952.7674525069483,489.5816213587485,259.4782593201367,1536.0521688687888,1272304.0755097177,6573.538026862609,1077.3533173171984,122454167.64273037
4649,4650.0,30.0,494.0,4853384.207218517,14973.480227983082,530.54612,1077.3533173171984,2966.5759749648487,491.87113413692805,260.6917010925719,1539.0761675959977,1272304.0755097177,6573.538026862609,1077.3533173171984,122454167.64273037
4650,4651.0,30.0,494.0,3876494.678407697,26223.78935819609,528.58988,1077.3533173171984,2966.3936634403576,491.8409060972371,260.51699602446564,1539.0761675959977,1272304.0755097177,6573.538026862609,1077.3533173171984,122454167.64273037
4651,4652.0,30.0,494.0,2898948.8281087093,41197.26958617778,527.3449999999999,1077.3533173171984,2966.575974964849,491.8711341369282,260.6917010925719,1539.0761675959977,1272304.0755097177,6573.538026862609,1077.3533173171984,122454167.64273037
4652,4653.0,30.0,494.0,1921402.9778097235,56170.74981415948,526.98932,1077.3533173171984,2966.5759749648482,491.87113413692805,260.69170109257186,1539.0761675959977,1272304.0755097177,6573.538026862609,1077.3533173171984,122454167.64273037
4653,4654.0,30.0,494.0,949541.3219257146,56170.74981415948,526.98932,1077.3533173171984,2964.997032071799,491.6093385725819,259.98908957826495,1539.0761675959977,1272304.0755097177,6573.538026862609,1077.3533173171984,122454167.64273037
4654,4655.0,30.0,494.0,779.1327314834202,56170.74981415948,526.3493713527512,1077.3533173171984,2958.5805135468618,490.5454520344632,259.9890895782655,1539.0761675959977,1272304.0755097177,6573.538026862609,1077.3533173171984,122454167.64273037
4655,4656.0,30.0,494.0,0.0,0.0,476.9493713527512,992.3855143065213,2695.2518867516533,446.8844261900083,236.8487458807044,1417.693591866459,1272304.0755097177,6573.538026862609,1077.3533173171984,122454167.64273037
4656,4657.0,30.0,494.0,493644.4951969435,16956.733076649718,451.84180727952486,928.1545976843186,2557.9119901048675,424.1128770046877,224.7798248124845,1325.9351395490266,1272304.0755097177,6573.538026862609,1077.3533173171984,122454167.64273037
4657,4658.0,30.0,494.0,1015579.272681321,19196.645352314226,451.84180727952486,928.1545976843186,2550.0535783583573,422.8099183308189,224.08925671533402,1325.9351395490266,1272304.0755097177,6573.538026862609,1077.3533173171984,122454167.64273037
4658,4659.0,30.0,494.0,1568415.763253617,5361.250590116717,451.8418072795245,928.1545976843186,2541.46976916727,421.3866856215723,223.33494337943335,1325.9351395490266,1272304.0755097177,6573.538026862609,1077.3533173171984,122454167.64273037
4659,4660.0,30.0,494.0,2151928.427750526,29223.569625447504,451.8418072795245,917.7215461430173,2532.948609743766,419.9738405149001,222.58613547289704,1311.0307802043105,1272304.0755097177,6573.538026862609,1077.3533173171984,122454167.64273037
4660,4661.0,30.0,494.0,2752079.370078519,44430.52952406462,451.8418072795245,917.7215461430173,2528.326865901804,419.20753538588235,222.17999375451765,1311.0307802043105,1272304.0755097177,6573.538026862609,1077.3533173171984,122454167.64273037
4661,4662.0,30.0,494.0,3366045.1295380723,52450.91609484609,451.8418072795245,917.7215461430173,2524.4894166985873,418.571269701906,221.84277294201019,1311.0307802043105,1272304.0755097177,6573.538026862609,1077.3533173171984,122454167.64273037
4662,4663.0,30.0,494.0,3988277.881971536,56170.74981415948,451.8418072795245,917.7215461430173,2522.19302976139,418.19051881039036,221.6409749695069,1311.0307802043105,1272304.0755097177,6573.538026862609,1077.3533173171984,122454167.64273037
4663,4664.0,30.0,494.0,4618761.263996378,55598.543038509786,451.8418072795245,917.7215461430173,2519.9011882082295,417.8105215632177,221.4395764285054,1311.0307802043105,1272304.0755097177,6573.538026862609,1077.3533173171984,122454167.64273037
4664,4665.0,30.0,494.0,5257478.960765649,50742.78287581913,451.8418072795245,917.7215461430173,2517.6138785569988,417.4312757249963,221.23857613424804,1311.0307802043105,1272304.0755097177,6573.538026862609,1077.3533173171984,122454167.64273037
4665,4666.0,30.0,494.0,5904414.705776224,41611.93128518574,451.8418072795245,917.7215461430173,2515.331087378859,417.05277906916643,221.0379729066582,1311.0307802043105,1272304.0755097177,6573.538026862609,1077.3533173171984,122454167.64273037
4666,4667.0,30.0,494.0,6556820.136455236,29635.70745675452,451.8418072795245,917.7215461430173,2513.8117302487376,416.8008630821637,220.90445743354675,1311.0307802043105,1272304.0755097177,6573.538026862609,1077.3533173171984,122454167.64273037
4667,4668.0,30.0,494.0,7214688.058871631,14817.85372837726,451.8418072795245,917.7215461430173,2512.294371432798,416.54927842429976,220.7711175648789,1311.0307802043105,1272304.0755097177,6573.538026862609,1077.3533173171984,122454167.64273037
4668,4669.0,30.0,494.0,7872555.981288025,0.0,451.8418072795245,917.7215461430173,2512.294371432798,416.54927842429976,220.7711175648789,1311.0307802043105,1272304.0755097177,6573.538026862609,1077.3533173171984,122454167.64273037
4669,4670.0,30.0,494.0,8012397.467834221,0.0,479.72339999999997,967.2394397017774,2656.1906036189644,440.40789641377467,233.41618509930058,1381.7706281453964,1272304.0755097177,6573.538026862609,1077.3533173171984,122454167.64273037
4670,4671.0,30.0,494.0,7205531.128163775,0.0,529.1234,1063.000341521879,2919.164999790254,484.0101892878949,256.5254003225843,1518.571916459827,1272304.0755097177,6573.538026862609,1077.3533173171984,122454167.64273037
4671,4672.0,30.0,494.0,6350035.064459471,0.0,529.1234,1067.9193102889958,2932.6732564663257,486.24991670008455,257.7124558510448,1525.5990146985655,1272304.0755097177,6573.538026862609,1077.3533173171984,122454167.64273037
4672,4673.0,30.0,494.0,5445422.537810475,0.0,529.1234,1072.8875134194104,2946.3167183954065,488.5120617283071,258.9113927160028,1532.696447742015,1272304.0755097177,6573.538026862609,1077.3533173171984,122454167.64273037
4673,4674.0,30.0,494.0,4497843.019228185,0.0,529.1234,1077.2336884293625,2958.251993932433,490.4909820607632,259.9602204922045,1538.9052691848037,1272304.0755097177,6573.538026862609,1077.3533173171984,122454167.64273037
4674,4675.0,30.0,494.0,3520297.168929197,14973.480227983082,529.1234,1077.3533173171984,2966.5759749648487,491.8711341369281,260.6917010925719,1539.0761675959977,1272304.0755097177,6573.538026862609,1077.3533173171984,122454167.64273037
4675,4676.0,30.0,494.0,2542751.318630211,29946.960455963388,528.41204,1077.3533173171984,2966.5759749648482,491.8711341369281,260.69170109257186,1539.0761675959977,1272304.0755097177,6573.538026862609,1077.3533173171984,122454167.64273037
4676,4677.0,30.0,494.0,1565205.4683312252,44920.44068394601,528.41204,1077.3533173171984,2966.5759749648482,491.8711341369281,260.69170109257186,1539.0761675959977,1272304.0755097177,6573.538026862609,1077.3533173171984,122454167.64273037
4677,4678.0,30.0,494.0,591352.4104383134,56170.74981415948,528.41204,1077.3533173171984,2965.5501992964946,491.70105609219866,260.51699602446513,1539.0761675959977,1272304.0755097177,6573.538026862609,1077.3533173171984,122454167.64273037
4678,4679.0,30.0,494.0,0.0,0.0,508.5582660655878,1052.1228779343971,2859.300019447995,474.0843164889079,251.2646877391212,1503.0326827634244,1272304.0755097177,6573.538026862609,1077.3533173171984,122454167.64273037
4679,4680.0,30.0,494.0,350798.1050619445,5994.076454478782,459.1582660655877,944.7353497498827,2597.5915429201455,430.69191856977955,228.26671684198317,1349.6219282141183,1272304.0755097177,6573.538026862609,1077.3533173171984,122454167.64273037
4680,4681.0,30.0,494.0,724641.1485984176,0.0,459.1582660655877,944.7353497498827,2591.190171121665,429.630543424453,227.7041880149601,1349.6219282141183,1272304.0755097177,6573.538026862609,1077.3533173171984,122454167.64273037
4681,4682.0,30.0,494.0,1127117.4289112333,9081.14330783207,459.1582660655877,938.9077626180859,2583.2364942393474,428.31178937881936,227.00524837077427,1341.2968037401229,1272304.0755097177,6573.538026862609,1077.3533173171984,122454167.64273037
4682,4683.0,30.0,494.0,1563702.4811638035,35497.60638333578,459.1582660655877,932.0868530872431,2573.7618353671933,426.7408499374109,226.1726504668278,1331.55264726749,1272304.0755097177,6573.538026862609,1077.3533173171984,122454167.64273037
4683,4684.0,30.0,494.0,2028504.466995217,47235.40521597583,459.1582660655877,932.0868530872431,2565.9237982619597,425.44126946723463,225.48387281763436,1331.55264726749,1272304.0755097177,6573.538026862609,1077.3533173171984,122454167.64273037
4684,4685.0,30.0,494.0,2504540.977476921,53128.9185663173,459.1582660655877,932.0868530872431,2562.803096970212,424.923843688617,225.20963715496703,1331.55264726749,1272304.0755097177,6573.538026862609,1077.3533173171984,122454167.64273037
4685,4686.0,30.0,494.0,2986183.6133107524,56106.08271388803,459.1582660655877,932.0868530872431,2561.2458399279544,424.66564373217494,225.07279117805274,1331.55264726749,1272304.0755097177,6573.538026862609,1077.3533173171984,122454167.64273037
4686,4687.0,30.0,494.0,3473424.969462216,56170.74981415948,459.1582660655877,932.0868530872431,2559.690639839723,424.4077848276117,224.93612595863422,1331.55264726749,1272304.0755097177,6573.538026862609,1077.3533173171984,122454167.64273037
4687,4688.0,30.0,494.0,3966257.6555589046,53326.76439527143,459.1582660655877,932.0868530872431,2558.137492632716,424.150266299639,224.79964113880868,1331.55264726749,1272304.0755097177,6573.538026862609,1077.3533173171984,122454167.64273037
4688,4689.0,30.0,494.0,4459090.341655593,50482.77897638269,459.1582660655877,932.0868530872431,2558.137492632716,424.150266299639,224.79964113880868,1331.55264726749,1272304.0755097177,6573.538026862609,1077.3533173171984,122454167.64273037
4689,4690.0,30.0,494.0,4957506.981948512,44733.97795926593,459.1582660655877,932.0868530872431,2556.5863942448746,423.8930874747499,224.66333636161747,1331.55264726749,1272304.0755097177,6573.538026862609,1077.3533173171984,122454167.64273037
4690,4691.0,30.0,494.0,5458712.83799294,37534.20561662223,459.1582660655877,932.0868530872431,2555.8116120916775,423.7646252409766,224.5952513777176,1331.55264726749,1272304.0755097177,6573.538026862609,1077.3533173171984,122454167.64273037
4691,4692.0,30.0,494.0,5968275.317732306,25987.253837229684,459.1582660655877,932.0868530872431,2553.4903277319727,423.3797462490689,224.39126551200653,1331.55264726749,1272304.0755097177,6573.538026862609,1077.3533173171984,122454167.64273037
4692,4693.0,30.0,494.0,6483399.7117764335,11546.951779391617,459.15826606558784,932.0868530872431,2551.945351536206,423.1235825101188,224.25549873036297,1331.55264726749,1272304.0755097177,6573.538026862609,1077.3533173171984,122454167.64273037
4693,4694.0,30.0,494.0,6992962.191515796,0.0,459.15826606558784,932.0868530872431,2553.4903277319736,423.379746249069,224.39126551200658,1331.55264726749,1272304.0755097177,6573.538026862609,1077.3533173171984,122454167.64273037
4694,4695.0,30.0,494.0,7111425.946368733,0.0,478.98758359761155,969.4018289935145,2662.128862422647,441.3924854205001,233.93801727286507,1384.859755705021,1272304.0755097177,6573.538026862609,1077.3533173171984,122454167.64273037
4695,4696.0,30.0,494.0,6272830.595524181,0.0,528.3875835976116,1066.2097780975064,2927.978614005284,485.4715246645637,257.2999080722188,1523.1568258535806,1272304.0755097177,6573.538026862609,1077.3533173171984,122454167.64273037
4696,4697.0,30.0,494.0,5388502.670296928,0.0,528.3875835976116,1070.835695877172,2940.6821068893723,487.5778187575276,258.41624394148965,1529.7652798245315,1272304.0755097177,6573.538026862609,1077.3533173171984,122454167.64273037
4697,4698.0,30.0,494.0,4458013.228331139,0.0,528.3875835976116,1075.5050018128054,2953.504750427849,489.70386854459866,259.5430503286373,1536.4357168754364,1272304.0755097177,6573.538026862609,1077.3533173171984,122454167.64273037
4698,4699.0,30.0,494.0,3484270.1443051114,12995.252184212208,528.3875835976116,1077.3533173171984,2965.519651000138,491.69599105246874,260.59887525780846,1539.0761675959977,1272304.0755097177,6573.538026862609,1077.3533173171984,122454167.64273037
4699,4700.0,30.0,494.0,2506724.2940061237,27968.732412194833,527.16716,1077.3533173171984,2966.575974964849,491.87113413692816,260.6917010925719,1539.0761675959977,1272304.0755097177,6573.538026862609,1077.3533173171984,122454167.64273037
4700,4701.0,30.0,494.0,1529178.443707136,42942.21264017746,526.63364,1077.3533173171984,2966.5759749648487,491.8711341369281,260.6917010925719,1539.0761675959977,1272304.0755097177,6573.538026862609,1077.3533173171984,122454167.64273037
4701,4702.0,30.0,494.0,554986.9137631147,56170.74981415948,526.63364,1077.3533173171984,2965.6442193106914,491.7166450174123,260.60982185922853,1539.0761675959977,1272304.0755097177,6573.538026862609,1077.3533173171984,122454167.64273037
4702,4703.0,30.0,494.0,0.0,0.0,504.7487235155929,1048.4444539683996,2849.198492593773,472.4094396233796,250.37700300039123,1497.777791383428,1272304.0755097177,6573.538026862609,1077.3533173171984,122454167.64273037
4703,4704.0,30.0,494.0,387706.04052240297,8980.291811939329,455.34872351559295,940.4214043094415,2587.339338625574,428.99205873260337,227.3657911282798,1343.459149013488,1272304.0755097177,6573.538026862609,1077.3533173171984,122454167.64273037
4704,4705.0,30.0,494.0,789825.7641865388,10462.475626091473,455.34872351559295,940.4214043094415,2583.33553775287,428.32821122195986,227.01395194763873,1343.459149013488,1272304.0755097177,6573.538026862609,1077.3533173171984,122454167.64273037
4705,4706.0,30.0,494.0,1214906.8184234556,0.0,455.3487235155936,940.4214043094415,2576.957390371542,427.2706867854979,226.4534639963139,1343.459149013488,1272304.0755097177,6573.538026862609,1077.3533173171984,122454167.64273037
4706,4707.0,30.0,494.0,1674199.7395544853,30566.494790364057,455.3487235155936,928.9829678336775,2567.4540940120664,425.6949991247664,225.6183495361262,1327.1185254766824,1272304.0755097177,6573.538026862609,1077.3533173171984,122454167.64273037
4707,4708.0,30.0,494.0,2173061.4225532413,40549.01760732755,455.3487235155936,928.9829678336775,2556.4627712710308,423.8725902507236,224.65247283288352,1327.1185254766824,1272304.0755097177,6573.538026862609,1077.3533173171984,122454167.64273037
4708,4709.0,30.0,494.0,2697166.201723328,37399.889101712964,455.3487235155936,928.9829678336775,2549.4508001123204,422.7099750891783,224.0362867972645,1327.1185254766824,1272304.0755097177,6573.538026862609,1077.3533173171984,122454167.64273037
4709,4710.0,30.0,494.0,3238016.188259136,50401.70788406581,455.3487235155936,924.1487032810685,2544.79935362185,421.93874513250336,223.6275349202268,1320.2124332586693,1272304.0755097177,6573.538026862609,1077.3533173171984,122454167.64273037
4710,4711.0,30.0,494.0,3792769.8093937114,56170.74981415948,455.3487235155936,924.1487032810685,2540.9372328999702,421.29838880396966,223.28814606610393,1320.2124332586693,1272304.0755097177,6573.538026862609,1077.3533173171984,122454167.64273037
4711,4712.0,30.0,494.0,4358613.313794345,56170.74981415948,455.3487235155936,924.1487032810685,2537.85670977051,420.78762473852527,223.0174411114184,1320.2124332586693,1272304.0755097177,6573.538026862609,1077.3533173171984,122454167.64273037
4712,4713.0,30.0,494.0,4929990.791610708,55416.382952311076,455.3487235155936,923.7356161013506,2536.3194949328067,420.5327478663285,222.88235636915414,1319.6223087162152,1272304.0755097177,6573.538026862609,1077.3533173171984,122454167.64273037
4713,4714.0,30.0,494.0,5509655.55991842,50350.90431548376,455.3487235155936,923.7356161013506,2534.017469796321,420.15106213697237,222.68006293259538,1319.6223087162152,1272304.0755097177,6573.538026862609,1077.3533173171984,122454167.64273037
4714,4715.0,30.0,494.0,6097591.258336302,40982.824698852375,455.3487235155936,923.7356161013506,2531.719989210163,419.77012991372646,222.47816885427503,1319.6223087162152,1272304.0755097177,6573.538026862609,1077.3533173171984,122454167.64273037
4715,4716.0,30.0,494.0,6693781.574882271,27320.629720022902,455.3487235155936,923.7356161013506,2529.427039730143,419.3899489674861,222.27667295276763,1319.6223087162152,1272304.0755097177,6573.538026862609,1077.3533173171984,122454167.64273037
4716,4717.0,30.0,494.0,7295465.931782408,10800.393009958789,455.3487235155936,923.7356161013506,2527.9009174095363,419.1369112826254,222.14256297979148,1319.6223087162152,1272304.0755097177,6573.538026862609,1077.3533173171984,122454167.64273037
4717,4718.0,30.0,494.0,7886154.979634196,0.0,455.3487235155936,923.7356161013506,2530.9551699229664,419.64331956624915,222.41095937011207,1319.6223087162152,1272304.0755097177,6573.538026862609,1077.3533173171984,122454167.64273037
4718,4719.0,30.0,494.0,7535309.639061006,0.0,504.74872351559367,1016.8731405912888,2792.492500041016,463.00734067001787,245.3938905551095,1452.6759151304127,1272304.0755097177,6573.538026862609,1077.3533173171984,122454167.64273037
4719,4720.0,30.0,494.0,6692918.411051111,0.0,528.76772,1066.5937367070005,2929.0330243289895,485.64635045906334,257.3925657433036,1523.7053381528578,1272304.0755097177,6573.538026862609,1077.3533173171984,122454167.64273037
4720,4721.0,30.0,494.0,5801509.012246553,0.0,528.76772,1071.5519974405445,2942.6491828830626,487.9039684695577,258.5891032888656,1530.7885677722065,1272304.0755097177,6573.538026862609,1077.3533173171984,122454167.64273037
4721,4722.0,30.0,494.0,4857270.2469300255,0.0,528.76772,1076.8957662778514,2957.3240069141652,490.3371177973864,259.8786724326148,1538.4225232540734,1272304.0755097177,6573.538026862609,1077.3533173171984,122454167.64273037
4722,4723.0,30.0,494.0,3879724.396631038,14973.480227983082,528.76772,1077.3533173171984,2966.5759749648487,491.87113413692816,260.6917010925719,1539.0761675959977,1272304.0755097177,6573.538026862609,1077.3533173171984,122454167.64273037
4723,4724.0,30.0,494.0,2902178.54633205,29946.96045596525,527.7006799999999,1077.3533173171984,2966.5759749648487,491.87113413692816,260.6917010925719,1539.0761675959977,1272304.0755097177,6573.538026862609,1077.3533173171984,122454167.64273037
4724,4725.0,30.0,494.0,1924632.6960330624,44920.440683947876,527.52284,1077.3533173171984,2966.5759749648487,491.8711341369281,260.69170109257186,1539.0761675959977,1272304.0755097177,6573.538026862609,1077.3533173171984,122454167.64273037
4725,4726.0,30.0,494.0,953824.2928498611,56170.74981415948,527.52284,1077.3533173171984,2964.70446187713,491.56082916824477,260.51699602446485,1539.0761675959977,1272304.0755097177,6573.538026862609,1077.3533173171984,122454167.64273037
4726,4727.0,30.0,494.0,5062.103655629198,56170.74981415948,527.0586706983757,1077.3533173171984,2958.580513546861,490.5454520344631,259.98908957826546,1539.0761675959977,1272304.0755097177,6573.538026862609,1077.3533173171984,122454167.64273037
4727,4728.0,30.0,494.0,0.0,0.0,477.6586706983756,992.8187431727117,2696.441600897249,447.0816859436877,236.9532935501545,1418.3124902467312,1272304.0755097177,6573.538026862609,1077.3533173171984,122454167.64273037
4728,4729.0,30.0,494.0,820054.2996571925,7069.953134795185,434.7106433480033,897.0601909062776,2467.242599977021,409.07949976100656,216.8121348733335,1281.5145584375396,1272304.0755097177,6573.538026862609,1077.3533173171984,122454167.64273037
4729,4730.0,30.0,494.0,1667289.873401639,0.0,434.7106433480033,897.0601909062776,2459.692246063895,407.8276184089948,216.14863775676724,1281.5145584375396,1272304.0755097177,6573.538026862609,1077.3533173171984,122454167.64273037
4730,4731.0,30.0,494.0,2549590.8523702407,31671.257937143557,434.7106433480035,885.9802598562906,2449.9518557238516,406.2126195402905,215.29268835635398,1265.6860855089865,1272304.0755097177,6573.538026862609,1077.3533173171984,122454167.64273037
4731,4732.0,30.0,494.0,3463991.886036354,46643.82238352299,434.7106433480035,885.9802598562906,2441.0351738634313,404.7341951020036,214.5091234040619,1265.6860855089865,1272304.0755097177,6573.538026862609,1077.3533173171984,122454167.64273037
4732,4733.0,30.0,494.0,4394347.451525363,53316.71758604143,434.7106433480035,885.9802598562906,2436.603359468183,403.999381097147,214.11967198148793,1265.6860855089865,1272304.0755097177,6573.538026862609,1077.3533173171984,122454167.64273037
4733,4734.0,30.0,494.0,5332656.5746009955,55852.1114181811,434.7106433480035,885.9802598562906,2434.3940379163428,403.6330660232883,213.9255249923428,1265.6860855089865,1272304.0755097177,6573.538026862609,1077.3533173171984,122454167.64273037
4734,4735.0,30.0,494.0,6276259.32041479,56170.74981415948,434.7106433480035,885.8758378382556,2432.9235871557426,403.38925892398834,213.79630722971382,1265.536911197508,1272304.0755097177,6573.538026862609,1077.3533173171984,122454167.64273037
4735,4736.0,30.0,494.0,7225148.705935345,53739.23787889467,434.7106433480035,885.8758378382556,2431.455076126087,403.145773440473,213.6672599234507,1265.536911197508,1272304.0755097177,6573.538026862609,1077.3533173171984,122454167.64273037
4736,4737.0,30.0,494.0,8179317.761939543,48561.201055456884,434.7106433480035,885.8758378382556,2429.988500991741,402.9026089367774,213.53838273649205,1265.536911197508,1272304.0755097177,6573.538026862609,1077.3533173171984,122454167.64273037
4737,4738.0,30.0,494.0,9138759.532976184,40640.25762264989,434.7106433480035,885.8758378382556,2428.523857927177,402.6597647786123,213.40967533266453,1265.536911197508,1272304.0755097177,6573.538026862609,1077.3533173171984,122454167.64273037
4738,4739.0,30.0,494.0,10103467.07732969,29980.018713902682,434.7106433480035,885.8758378382556,2427.061143116934,402.41724033335805,213.28113737667977,1265.536911197508,1272304.0755097177,6573.538026862609,1077.3533173171984,122454167.64273037
4739,4740.0,30.0,494.0,11073433.466984013,16584.088336052373,434.7106433480035,885.8758378382556,2425.600352755596,402.17503497006,213.1527685341318,1265.536911197508,1272304.0755097177,6573.538026862609,1077.3533173171984,122454167.64273037
4740,4741.0,30.0,494.0,12046026.68555396,1821.66150428541,434.7106433480035,885.8758378382556,2424.870678056811,402.05405174742515,213.08864742613534,1265.536911197508,1272304.0755097177,6573.538026862609,1077.3533173171984,122454167.64273037
4741,4742.0,30.0,494.0,12993743.74988648,0.0,435.2044126455999,885.8758378382556,2431.7807209005414,403.1997667532647,213.69587637923033,1265.536911197508,1272304.0755097177,6573.538026862609,1077.3533173171984,122454167.64273037
4742,4743.0,30.0,494.0,12993743.74988648,0.0,484.60441264559984,981.3846136326232,2695.0354609929072,446.84854186265284,236.829727187206,1401.978019475176,1272304.0755097177,6573.538026862609,1077.3533173171984,122454167.64273037
4743,4744.0,30.0,494.0,12178153.992702229,0.0,525.92228,1063.8827281515676,2921.588171321866,484.41196161380896,256.7383396553188,1519.8324687879538,1272304.0755097177,6573.538026862609,1077.3533173171984,122454167.64273037
4744,4745.0,30.0,494.0,11300395.60161767,0.0,525.92228,1070.171177747478,2938.8572362941745,487.2752473159438,258.2558810774502,1528.815968210683,1272304.0755097177,6573.538026862609,1077.3533173171984,122454167.64273037
4745,4746.0,30.0,494.0,10356336.433022318,0.0,525.92228,1076.877599802929,2957.274118936061,490.32884615473256,259.8742884620083,1538.3965711470414,1272304.0755097177,6573.538026862609,1077.3533173171984,122454167.64273037
4746,4747.0,30.0,494.0,9378790.58272333,14973.480227983082,525.92228,1077.3533173171984,2966.575974964849,491.8711341369282,260.6917010925719,1539.0761675959977,1272304.0755097177,6573.538026862609,1077.3533173171984,122454167.64273037
4747,4748.0,30.0,494.0,8401244.732424343,29946.96045596525,524.85524,1077.3533173171984,2966.5759749648487,491.8711341369281,260.6917010925719,1539.0761675959977,1272304.0755097177,6573.538026862609,1077.3533173171984,122454167.64273037
4748,4749.0,30.0,494.0,7423698.882125355,44920.44068394974,524.49956,1077.3533173171984,2966.575974964849,491.87113413692816,260.691701092572,1539.0761675959977,1272304.0755097177,6573.538026862609,1077.3533173171984,122454167.64273037
4749,4750.0,30.0,494.0,6449868.466968219,56170.74981415948,524.49956,1077.3533173171984,2965.5439096476675,491.70001324120545,260.5169960244655,1539.0761675959977,1272304.0755097177,6573.538026862609,1077.3533173171984,122454167.64273037
4750,4751.0,30.0,494.0,5876294.219783248,0.0,504.1993674171205,1050.3245903331963,2854.361640766511,473.2655119332996,250.8307213246488,1500.4637004759948,1272304.0755097177,6573.538026862609,1077.3533173171984,122454167.64273037
4751,4752.0,30.0,494.0,6257001.26557667,6758.353740621358,454.7993674171205,941.5614065287522,2589.2835038280687,429.3144097363096,227.53663716024408,1345.0877236125032,1272304.0755097177,6573.538026862609,1077.3533173171984,122454167.64273037
4752,4753.0,30.0,494.0,6663691.604597079,0.0,454.7993674171205,941.5614065287522,2582.065922376127,428.1177034983936,226.9023828541486,1345.0877236125032,1272304.0755097177,6573.538026862609,1077.3533173171984,122454167.64273037
4753,4754.0,30.0,494.0,7101926.328160163,12946.17554764077,454.7993674171205,934.5392089604404,2573.3035933364968,426.6648714257362,226.13238185564018,1335.0560128006293,1272304.0755097177,6573.538026862609,1077.3533173171984,122454167.64273037
4754,4755.0,30.0,494.0,7579973.472957902,40596.73961229529,454.7993674171205,927.6529368028971,2562.2445874379796,424.8312403912925,225.16055740738503,1325.218481146996,1272304.0755097177,6573.538026862609,1077.3533173171984,122454167.64273037
4755,4756.0,30.0,494.0,8091850.614631424,50648.68105946295,454.7993674171205,927.6529368028971,2552.8473660835957,423.27314042543156,224.33476442547874,1325.218481146996,1272304.0755097177,6573.538026862609,1077.3533173171984,122454167.64273037
4756,4757.0,30.0,494.0,8614944.524847895,54865.57388691418,454.7993674171205,927.6529368028971,2549.731597043888,422.75653243554586,224.06096219083932,1325.218481146996,1272304.0755097177,6573.538026862609,1077.3533173171984,122454167.64273037
4757,4758.0,30.0,494.0,9143635.655697942,56170.74981415948,454.7993674171205,927.6529368028971,2548.1768135345606,422.4987426015676,223.92433357883084,1325.218481146996,1272304.0755097177,6573.538026862609,1077.3533173171984,122454167.64273037
4758,4759.0,30.0,494.0,9677916.58449567,54568.070179062895,454.7993674171205,927.6529368028971,2546.6240918824283,422.2412946324346,223.78788615519034,1325.218481146996,1272304.0755097177,6573.538026862609,1077.3533173171984,122454167.64273037
4759,4760.0,30.0,494.0,10217779.903310645,50061.38864358608,454.7993674171205,927.6529368028971,2545.073427988748,421.98418784855767,223.65161955973556,1325.218481146996,1272304.0755097177,6573.538026862609,1077.3533173171984,122454167.64273037
4760,4761.0,30.0,494.0,10760431.643760717,44104.14888799297,454.7993674171205,927.6529368028971,2544.2988664234404,421.8557621892111,223.58355396028188,1325.218481146996,1272304.0755097177,6573.538026862609,1077.3533173171984,122454167.64273037
4761,4762.0,30.0,494.0,11308654.68991346,35248.67337707523,454.7993674171205,927.6529368028971,2542.7512815060345,421.5991659129244,223.44755793384994,1325.218481146996,1272304.0755097177,6573.538026862609,1077.3533173171984,122454167.64273037
4762,4763.0,30.0,494.0,11859660.62379825,24945.518424659967,454.7993674171205,927.6529368028971,2541.9782571360215,421.47099512720956,223.3796274174211,1325.218481146996,1272304.0755097177,6573.538026862609,1077.3533173171984,122454167.64273037
4763,4764.0,30.0,494.0,12413447.604441207,13195.641719409265,454.79936741711975,927.6529368028971,2541.2057441476413,421.3429091307825,223.31174183931475,1325.218481146996,1272304.0755097177,6573.538026862609,1077.3533173171984,122454167.64273037
4764,4765.0,30.0,494.0,12970013.79269462,0.0,454.79936741711975,927.6529368028971,2540.433742033626,421.21490783953584,223.24390115495402,1325.218481146996,1272304.0755097177,6573.538026862609,1077.3533173171984,122454167.64273037
4765,4766.0,30.0,494.0,12993743.74988648,0.0,483.00097163759983,978.9842932402946,2688.4438062173913,445.7556169763078,236.25047699744314,1398.548990343278,1272304.0755097177,6573.538026862609,1077.3533173171984,122454167.64273037
4766,4767.0,30.0,494.0,12993743.74988648,0.0,483.0009716375999,981.3846136326231,2695.0354609929072,446.8485418626528,236.82972718720598,1401.9780194751759,1272304.0755097177,6573.538026862609,1077.3533173171984,122454167.64273037
4767,4768.0,30.0,494.0,12148494.969060507,0.0,527.16716,1066.882782415812,2929.8267890001225,485.7779600764549,257.4623188405211,1524.1182605940173,1272304.0755097177,6573.538026862609,1077.3533173171984,122454167.64273037
4768,4769.0,30.0,494.0,11273787.423223477,0.0,527.16716,1069.8625802223212,2938.0097792809715,487.1347352758902,258.1814096962218,1528.375114603316,1272304.0755097177,6573.538026862609,1077.3533173171984,122454167.64273037
4769,4770.0,30.0,494.0,10369443.547590844,0.0,527.16716,1072.8603389703464,2946.2420931130832,488.49968853356626,258.90483492279014,1532.657627100495,1272304.0755097177,6573.538026862609,1077.3533173171984,122454167.64273037
4770,4771.0,30.0,494.0,9428634.003371967,5983.245370711692,527.16716,1075.3854866517488,2956.3714454981514,490.1791789925204,259.79496486603585,1536.2649809310697,1272304.0755097177,6573.538026862609,1077.3533173171984,122454167.64273037
4771,4772.0,30.0,494.0,8451088.15307298,31076.997592436655,527.16716,1075.3854866517488,2966.575974964849,491.87113413692816,260.6917010925719,1536.2649809310699,1272304.0755097177,6573.538026862609,1077.3533173171984,122454167.64273037
4772,4773.0,30.0,494.0,7473542.302773992,56170.74981415948,525.03308,1075.3854866517486,2966.5759749648487,491.8711341369281,260.6917010925719,1536.2649809310694,1272304.0755097177,6573.538026862609,1077.3533173171984,122454167.64273037
4773,4774.0,30.0,494.0,6637652.934620546,7573.718683051877,515.9703208480319,1075.3854866517486,2927.2269521466424,485.346895875678,257.23385481410935,1536.2649809310694,1272304.0755097177,6573.538026862609,1077.3533173171984,122454167.64273037
4774,4775.0,30.0,494.0,6727480.76153557,7139.219258242597,466.5703208480318,972.3828816080066,2670.083286849845,442.7113634123097,234.63702260852415,1389.1184022971524,1272304.0755097177,6573.538026862609,1077.3533173171984,122454167.64273037
4775,4776.0,30.0,494.0,6817308.588450615,6704.719833437353,466.5703208480323,972.3828816080066,2670.0832868498474,442.7113634123101,234.63702260852438,1389.1184022971524,1272304.0755097177,6573.538026862609,1077.3533173171984,122454167.64273037
4776,4777.0,30.0,494.0,6919189.718709026,0.0,466.5703208480323,972.3828816080066,2666.735147032238,442.1562273418927,234.34280049120315,1389.1184022971524,1272304.0755097177,6573.538026862609,1077.3533173171984,122454167.64273037
4777,4778.0,30.0,494.0,7048071.362130069,0.0,466.5703208480323,968.3480441015803,2659.2350044870623,440.9126712519706,233.68371576354443,1383.3543487165434,1272304.0755097177,6573.538026862609,1077.3533173171984,122454167.64273037
4778,4779.0,30.0,494.0,7218628.136947452,37730.882914111484,466.5703208480323,956.7959821358163,2647.65857909919,438.99324982712346,232.66642240837544,1366.8514030511662,1272304.0755097177,6573.538026862609,1077.3533173171984,122454167.64273037
4779,4780.0,30.0,494.0,7436334.515802081,50934.18188955914,466.5703208480323,956.7959821358163,2634.5614668666212,436.8216919428429,231.51549672970674,1366.8514030511662,1272304.0755097177,6573.538026862609,1077.3533173171984,122454167.64273037
4780,4781.0,30.0,494.0,7680340.888707983,56170.74981415948,466.5703208480323,955.6847852936728,2627.2559129634897,435.6103994918298,230.8735117306698,1365.2639789909613,1272304.0755097177,6573.538026862609,1077.3533173171984,122454167.64273037
4781,4782.0,30.0,494.0,7935985.416163056,55353.06090193894,466.5703208480323,955.6847852936728,2624.0230922553874,435.07438382879775,230.5894234292628,1365.2639789909613,1272304.0755097177,6573.538026862609,1077.3533173171984,122454167.64273037
4782,4783.0,30.0,494.0,8200338.181060792,50005.280397348106,466.5703208480323,955.6847852936728,2621.6041374102033,434.67331064774066,230.37685464330255,1365.2639789909613,1272304.0755097177,6573.538026862609,1077.3533173171984,122454167.64273037
4783,4784.0,30.0,494.0,8473381.774341296,40136.4646262452,466.5703208480323,955.6847852936728,2619.190018414994,434.27303927153594,230.16471081391407,1365.2639789909613,1272304.0755097177,6573.538026862609,1077.3533173171984,122454167.64273037
4784,4785.0,30.0,494.0,8752209.607273383,27258.643234144896,466.5703208480323,955.6847852936728,2617.5832851784394,434.0066359479774,230.02351705242802,1365.2639789909613,1272304.0755097177,6573.538026862609,1077.3533173171984,122454167.64273037
4785,4786.0,30.0,494.0,9031037.44020547,14380.821842044592,466.5703208480323,955.6847852936728,2617.5832851784394,434.0066359479774,230.02351705242802,1365.2639789909613,1272304.0755097177,6573.538026862609,1077.3533173171984,122454167.64273037
4786,4787.0,30.0,494.0,9312754.504961606,0.0,466.5703208480323,955.6847852936728,2616.7807207828696,433.87356729819453,229.9529906680431,1365.2639789909613,1272304.0755097177,6573.538026862609,1077.3533173171984,122454167.64273037
4787,4788.0,30.0,494.0,9392498.298669439,0.0,477.58932000000004,973.3184105353747,2672.8844071851768,443.17580128540675,234.8831746812656,1390.4548721933925,1272304.0755097177,6573.538026862609,1077.3533173171984,122454167.64273037
4788,4789.0,30.0,494.0,8553818.148660438,0.0,526.98932,1066.2183556588577,2928.0021693287413,485.4754302391257,257.30197802673666,1523.169079512654,1272304.0755097177,6573.538026862609,1077.3533173171984,122454167.64273037
4789,4790.0,30.0,494.0,7708613.418727942,3394.136281857267,526.98932,1066.2183556588577,2929.814552640823,485.7759312351318,257.46124355461984,1523.169079512654,1272304.0755097177,6573.538026862609,1077.3533173171984,122454167.64273037
4790,4791.0,30.0,494.0,6833940.217835531,0.0,526.98932,1070.519077123889,2938.0002390185773,487.1331534591009,258.1805713333235,1529.3129673198416,1272304.0755097177,6573.538026862609,1077.3533173171984,122454167.64273037
4791,4792.0,30.0,494.0,5913073.408752017,0.0,526.98932,1074.5316582138905,2950.831796849439,489.2606812744249,259.3081610754452,1535.0452260198435,1272304.0755097177,6573.538026862609,1077.3533173171984,122454167.64273037
4792,4793.0,30.0,494.0,4935527.558453031,14973.480227981912,526.98932,1077.3533173171984,2966.5759749648482,491.87113413692805,260.69170109257186,1539.0761675959977,1272304.0755097177,6573.538026862609,1077.3533173171984,122454167.64273037
4793,4794.0,30.0,494.0,3957981.708154043,29946.960455963388,524.32172,1077.3533173171984,2966.5759749648487,491.8711341369281,260.6917010925719,1539.0761675959977,1272304.0755097177,6573.538026862609,1077.3533173171984,122454167.64273037
4794,4795.0,30.0,494.0,2980435.8578550555,44920.44068394601,522.54332,1077.3533173171984,2966.5759749648487,491.87113413692816,260.6917010925719,1539.0761675959977,1272304.0755097177,6573.538026862609,1077.3533173171984,122454167.64273037
4795,4796.0,30.0,494.0,2005875.429295797,42958.26340812003,521.83196,1077.3533173171984,2965.7466911482575,491.73363529151493,259.89701690537225,1539.0761675959977,1272304.0755097177,6573.538026862609,1077.3533173171984,122454167.64273037
4796,4797.0,30.0,494.0,1031714.7538931333,56170.74981415948,521.83196,1077.3533173171984,2965.6356486047584,491.71522395728005,260.60906869735845,1539.0761675959977,1272304.0755097177,6573.538026862609,1077.3533173171984,122454167.64273037
4797,4798.0,30.0,494.0,72161.24290308455,56170.74981415948,521.83196,1077.3533173171984,2961.578102934588,491.0424653266427,259.98908957826524,1539.0761675959977,1272304.0755097177,6573.538026862609,1077.3533173171984,122454167.64273037
4798,4799.0,30.0,494.0,0.0,0.0,475.7385483074568,999.6059207028345,2715.080250688209,450.1720547354627,238.59118900979524,1428.0084581469066,1272304.0755097177,6573.538026862609,1077.3533173171984,122454167.64273037
4799,4800.0,30.0,494.0,876593.3216898363,8056.674409038387,426.3385483074568,891.149322436822,2451.537316079064,406.4754957280669,215.43201273587547,1273.0704606240315,1272304.0755097177,6573.538026862609,1077.3533173171984,122454167.64273037
4800,4801.0,30.0,494.0,1766874.870036249,8992.628821668215,426.3385483074568,891.149322436822,2447.7350308966807,405.84506039091247,215.0978820071836,1273.0704606240315,1272304.0755097177,6573.538026862609,1077.3533173171984,122454167.64273037
4801,4802.0,30.0,494.0,2676242.2268063016,0.0,426.3385483074568,891.149322436822,2442.4334174456703,404.9660299386636,214.63199586749172,1273.0704606240315,1272304.0755097177,6573.538026862609,1077.3533173171984,122454167.64273037
4802,4803.0,30.0,494.0,3612718.921410108,31069.43522422295,426.3385483074568,880.6173268898506,2434.9030458251837,403.71746173724233,213.97025472073844,1258.0247526997866,1272304.0755097177,6573.538026862609,1077.3533173171984,122454167.64273037
4803,4804.0,30.0,494.0,4584165.95985825,43947.03063303232,426.3385483074568,880.6173268898506,2425.1890614239796,402.106841087466,213.116625776357,1258.0247526997866,1272304.0755097177,6573.538026862609,1077.3533173171984,122454167.64273037
4804,4805.0,30.0,494.0,5576982.078644503,45708.26732818037,426.3385483074568,880.6173268898506,2419.253205774504,401.12265053410755,212.595004783077,1258.0247526997866,1272304.0755097177,6573.538026862609,1077.3533173171984,122454167.64273037
4805,4806.0,30.0,494.0,6585750.122990666,53696.39355853945,426.3385483074568,877.792981865734,2414.822115341196,400.38795656527356,212.205616979595,1253.9899740939056,1272304.0755097177,6573.538026862609,1077.3533173171984,122454167.64273037
4806,4807.0,30.0,494.0,7605117.338935286,56170.74981415948,426.3385483074568,877.792981865734,2411.8779010082912,399.8997930881574,211.94689033672344,1253.9899740939056,1272304.0755097177,6573.538026862609,1077.3533173171984,122454167.64273037
4807,4808.0,30.0,494.0,8632415.405272352,54519.41715515219,426.3385483074568,877.792981865734,2409.6748870103916,399.5345238340372,211.75329763203973,1253.9899740939056,1272304.0755097177,6573.538026862609,1077.3533173171984,122454167.64273037
4808,4809.0,30.0,494.0,9667628.493423825,48750.62972863298,426.3385483074568,877.792981865734,2407.4762698397208,399.1699835928982,211.56009130423604,1253.9899740939056,1272304.0755097177,6573.538026862609,1077.3533173171984,122454167.64273037
4809,4810.0,30.0,494.0,10713370.403555937,37504.66873558052,426.3385483074568,877.792981865734,2404.551597067321,398.68506019107747,211.30308190127107,1253.9899740939056,1272304.0755097177,6573.538026862609,1077.3533173171984,122454167.64273037
4810,4811.0,30.0,494.0,11769613.191802163,20796.07078867033,426.3385483074574,877.792981865734,2401.634686480067,398.20142379314376,211.0467546103662,1253.9899740939056,1272304.0755097177,6573.538026862609,1077.3533173171984,122454167.64273037
4811,4812.0,30.0,494.0,12833713.367326481,0.0,426.3385483074574,877.792981865734,2399.4520789028193,397.83953801187386,210.85495514629315,1253.9899740939056,1272304.0755097177,6573.538026862609,1077.3533173171984,122454167.64273037
4812,4813.0,30.0,494.0,12993743.74988648,0.0,475.63308000000006,965.197302903606,2650.5825769484636,439.4780613237693,232.92337250159773,1378.8532898622943,1272304.0755097177,6573.538026862609,1077.3533173171984,122454167.64273037
4813,4814.0,30.0,494.0,12230254.38017291,0.0,525.03308,1058.6126966263105,2907.1158414688994,482.0123866969835,255.4665649494013,1512.3038523233008,1272304.0755097177,6573.538026862609,1077.3533173171984,122454167.64273037
4814,4815.0,30.0,494.0,11434435.532157304,16818.04140115436,525.03308,1058.6126966263105,2916.096252108354,483.50137764261285,256.25573015058484,1512.3038523233008,1272304.0755097177,6573.538026862609,1077.3533173171984,122454167.64273037
4815,4816.0,30.0,494.0,10576594.56135604,0.0,525.03308,1071.4266758392898,2933.3246195488146,486.3579155178538,257.76969522446257,1530.6095369132713,1272304.0755097177,6573.538026862609,1077.3533173171984,122454167.64273037
4816,4817.0,30.0,494.0,9652609.351352714,0.0,525.03308,1074.8470890955718,2951.698019327165,489.40430470970165,259.3842814961419,1535.4958415651026,1272304.0755097177,6573.538026862609,1077.3533173171984,122454167.64273037
4817,4818.0,30.0,494.0,8675063.501053726,14973.480227983082,525.03308,1077.3533173171984,2966.5759749648487,491.8711341369281,260.6917010925719,1539.0761675959977,1272304.0755097177,6573.538026862609,1077.3533173171984,122454167.64273037
4818,4819.0,30.0,494.0,7697517.65075474,29946.96045596525,522.72116,1077.3533173171984,2966.5759749648482,491.8711341369281,260.6917010925719,1539.0761675959977,1272304.0755097177,6573.538026862609,1077.3533173171984,122454167.64273037
4819,4820.0,30.0,494.0,6719971.800455755,44920.44068394974,521.1206,1077.3533173171984,2966.5759749648482,491.8711341369281,260.6917010925719,1539.0761675959977,1272304.0755097177,6573.538026862609,1077.3533173171984,122454167.64273037
4820,4821.0,30.0,494.0,5743082.271644935,56170.74981415948,520.2314,1077.3533173171984,2966.3936634403576,491.8409060972371,260.51699602446513,1539.0761675959977,1272304.0755097177,6573.538026862609,1077.3533173171984,122454167.64273037
4821,4822.0,30.0,494.0,4794320.0824507065,56170.74981415948,518.1924288780631,1077.3533173171984,2958.58051354686,490.5454520344629,259.98908957826535,1539.0761675959977,1272304.0755097177,6573.538026862609,1077.3533173171984,122454167.64273037
4822,4823.0,30.0,494.0,3966442.174328257,0.0,511.8699052803277,1076.0477830999087,2925.0015465824767,484.97791400297405,257.03829442157627,1537.2111187141554,1272304.0755097177,6573.538026862609,1077.3533173171984,122454167.64273037
4823,4824.0,30.0,494.0,4089121.2246331293,8874.400920637883,462.4699052803278,967.249867644999,2660.9579470193344,441.1983425796403,233.83512156720937,1381.7855252071415,1272304.0755097177,6573.538026862609,1077.3533173171984,122454167.64273037
4824,4825.0,30.0,494.0,4223870.4464409035,11469.806487300433,462.4699052803265,967.249867644999,2657.605121601859,440.64242961648887,233.54048769673912,1381.7855252071415,1272304.0755097177,6573.538026862609,1077.3533173171984,122454167.64273037
4825,4826.0,30.0,494.0,4385657.356946537,0.0,462.4699052803265,967.249867644999,2650.0946525191202,439.39716134195197,232.88049551123456,1381.7855252071415,1272304.0755097177,6573.538026862609,1077.3533173171984,122454167.64273037
4826,4827.0,30.0,494.0,4595104.3742119875,24620.84754196275,462.4699052803265,955.4113499319975,2636.8557339747267,437.20209135752174,231.71710841948652,1364.873357045711,1272304.0755097177,6573.538026862609,1077.3533173171984,122454167.64273037
4827,4828.0,30.0,494.0,4860481.318704814,20146.519996790837,462.4699052803265,955.4113499319975,2621.3196430782336,434.62614025638635,230.35185433588478,1364.873357045711,1272304.0755097177,6573.538026862609,1077.3533173171984,122454167.64273037
4828,4829.0,30.0,494.0,5152102.564635677,2019.7065065717325,462.4699052803265,955.4113499319975,2614.0295593454457,433.4174128265614,229.71122879807757,1364.873357045711,1272304.0755097177,6573.538026862609,1077.3533173171984,122454167.64273037
4829,4830.0,30.0,494.0,5461132.1579562295,25313.72784966044,462.4699052803265,945.5964185367353,2609.1939072927544,432.6156407905437,229.28628961898818,1350.8520264810506,1272304.0755097177,6573.538026862609,1077.3533173171984,122454167.64273037
4830,4831.0,30.0,494.0,5781728.518185176,42590.62875160109,462.4699052803265,945.5964185367353,2605.9809164848666,432.0829130107787,229.00394389571272,1350.8520264810506,1272304.0755097177,6573.538026862609,1077.3533173171984,122454167.64273037
4831,4832.0,30.0,494.0,6113860.751982403,53866.4801637698,462.4699052803265,945.5964185367353,2602.776507160358,431.55160807809324,228.72235228138942,1350.8520264810506,1272304.0755097177,6573.538026862609,1077.3533173171984,122454167.64273037
4832,4833.0,30.0,494.0,6463239.141320768,56170.74981415948,462.4699052803265,945.5964185367353,2597.985908398917,430.7573060727274,228.3013722185455,1350.8520264810506,1272304.0755097177,6573.538026862609,1077.3533173171984,122454167.64273037
4833,4834.0,30.0,494.0,6826936.740399287,51026.057251428254,462.4699052803265,945.5964185367353,2594.0083501377635,430.0978097006405,227.95183914133946,1350.8520264810506,1272304.0755097177,6573.538026862609,1077.3533173171984,122454167.64273037
4834,4835.0,30.0,494.0,7204905.9972789,38457.13935726881,462.4699052803265,945.5964185367353,2590.044000748571,429.44050341668446,227.60346681084278,1350.8520264810506,1272304.0755097177,6573.538026862609,1077.3533173171984,122454167.64273037
4835,4836.0,30.0,494.0,7591415.5223479485,21445.508758467622,462.4699052803265,945.5964185367353,2587.671704029283,429.0471663548082,227.39499816804837,1350.8520264810506,1272304.0755097177,6573.538026862609,1077.3533173171984,122454167.64273037
4836,4837.0,30.0,494.0,7986448.332877991,0.0,462.4699052803265,945.5964185367353,2585.3041247345627,428.6546114623393,227.18694407503983,1350.8520264810506,1272304.0755097177,6573.538026862609,1077.3533173171984,122454167.64273037
4837,4838.0,30.0,494.0,7454127.386252267,0.0,511.8699052803265,1035.2296675077184,2842.9023906111647,471.36551866906655,249.82372489460528,1478.8995250110263,1272304.0755097177,6573.538026862609,1077.3533173171984,122454167.64273037
4838,4839.0,30.0,494.0,6711643.561589744,0.0,521.1206,1056.4879545658698,2901.280967843609,481.04493940022206,254.9538178821177,1509.2685065226713,1272304.0755097177,6573.538026862609,1077.3533173171984,122454167.64273037
4839,4840.0,30.0,494.0,5907352.628554964,0.0,521.1206,1062.7398353180056,2918.449609058124,483.8915744087436,256.46253443663414,1518.199764740008,1272304.0755097177,6573.538026862609,1077.3533173171984,122454167.64273037
4840,4841.0,30.0,494.0,5033825.823808132,0.0,521.1206,1069.7431465084737,2937.681795644806,487.08035416970563,258.152587709944,1528.2044950121056,1272304.0755097177,6573.538026862609,1077.3533173171984,122454167.64273037
4841,4842.0,30.0,494.0,4103527.5539205316,0.0,521.1206,1075.4856644733397,2953.4516470727963,489.6950637785328,259.5383838026224,1536.4080921047712,1272304.0755097177,6573.538026862609,1077.3533173171984,122454167.64273037
4842,4843.0,30.0,494.0,3125981.703621546,14973.480227983082,521.1206,1077.3533173171984,2966.5759749648482,491.8711341369281,260.6917010925719,1539.0761675959977,1272304.0755097177,6573.538026862609,1077.3533173171984,122454167.64273037
4843,4844.0,30.0,494.0,2148435.853322558,29946.96045596525,520.2314,1077.3533173171984,2966.5759749648487,491.87113413692816,260.6917010925719,1539.0761675959977,1272304.0755097177,6573.538026862609,1077.3533173171984,122454167.64273037
4844,4845.0,30.0,494.0,1170890.0030235704,44920.44068394974,519.87572,1077.3533173171984,2966.5759749648487,491.8711341369281,260.6917010925719,1539.0761675959977,1272304.0755097177,6573.538026862609,1077.3533173171984,122454167.64273037
4845,4846.0,30.0,494.0,200170.9890956285,56170.74981415948,519.87572,1077.3533173171984,2964.6796315284473,491.55671218898294,260.51699602446513,1539.0761675959977,1272304.0755097177,6573.538026862609,1077.3533173171984,122454167.64273037
4846,4847.0,30.0,494.0,0.0,0.0,480.1868888380599,1012.5542965350578,2750.638513519471,456.0677685868361,241.71591735102314,1446.5061379072256,1272304.0755097177,6573.538026862609,1077.3533173171984,122454167.64273037
4847,4848.0,30.0,494.0,756082.832137886,12057.43467336148,430.78688883805984,902.5612117217521,2485.012452065717,412.02581813413235,218.37368361109014,1289.3731596025032,1272304.0755097177,6573.538026862609,1077.3533173171984,122454167.64273037
4848,4849.0,30.0,494.0,1531687.6557674473,13959.380350805819,430.78688883805984,902.5612117217521,2479.5896766513615,411.1266985040475,217.8971502071452,1289.3731596025032,1272304.0755097177,6573.538026862609,1077.3533173171984,122454167.64273037
4849,4850.0,30.0,494.0,2337782.854788566,0.0,430.78688883805984,902.5612117217521,2471.1201279314855,409.72241067537567,217.15287765794912,1289.3731596025032,1272304.0755097177,6573.538026862609,1077.3533173171984,122454167.64273037
4850,4851.0,30.0,494.0,3196011.5047834767,31775.413756421767,430.78688883805984,888.3949591421184,2456.638613772099,407.3213129608019,215.88029586922502,1269.135655917312,1272304.0755097177,6573.538026862609,1077.3533173171984,122454167.64273037
4851,4852.0,30.0,494.0,4103018.416780657,38176.00326834557,430.78688883805984,888.3949591421184,2443.089096549246,405.07474437140604,214.6896145168452,1269.135655917312,1272304.0755097177,6573.538026862609,1077.3533173171984,122454167.64273037
4852,4853.0,30.0,494.0,5034194.831517072,32003.432956404053,430.78688883805984,888.3949591421184,2436.375345788348,403.9615754423296,214.0996349844347,1269.135655917312,1272304.0755097177,6573.538026862609,1077.3533173171984,122454167.64273037
4853,4854.0,30.0,494.0,5978736.154490477,45599.670624798164,430.78688883805984,883.1991439513504,2432.662871278073,403.3460311032553,213.77339648472534,1261.7130627876434,1272304.0755097177,6573.538026862609,1077.3533173171984,122454167.64273037
4854,4855.0,30.0,494.0,6933937.405898857,53650.53214830626,430.78688883805984,883.1991439513504,2429.701780046136,402.85506936324686,213.51318676252083,1261.7130627876434,1272304.0755097177,6573.538026862609,1077.3533173171984,122454167.64273037
4855,4856.0,30.0,494.0,7899770.265728656,56170.74981415948,430.78688883805984,883.1991439513504,2426.74855548463,402.365411951238,213.25366833415615,1261.7130627876434,1272304.0755097177,6573.538026862609,1077.3533173171984,122454167.64273037
4856,4857.0,30.0,494.0,8876206.526672412,53174.99727902375,430.78688883805984,883.1991439513504,2423.8031662863086,401.87705367635175,212.99483844846642,1261.7130627876434,1272304.0755097177,6573.538026862609,1077.3533173171984,122454167.64273037
4857,4858.0,30.0,494.0,9860576.89486892,46051.861585665494,430.78688883805984,883.1991439513504,2421.5992476049887,401.5116344218055,212.80116624355693,1261.7130627876434,1272304.0755097177,6573.538026862609,1077.3533173171984,122454167.64273037
4858,4859.0,30.0,494.0,10852865.61385783,34809.53936503269,430.78688883805984,883.1991439513504,2419.39970571821,401.1469408587343,212.60787865512918,1261.7130627876434,1272304.0755097177,6573.538026862609,1077.3533173171984,122454167.64273037
4859,4860.0,30.0,494.0,11853056.974068698,19456.20285559632,430.78688883806046,883.1991439513504,2417.204527601,400.78297082754113,212.41497453859682,1261.7130627876434,1272304.0755097177,6573.538026862609,1077.3533173171984,122454167.64273037
4860,4861.0,30.0,494.0,12861135.312635155,0.0,430.78688883806046,883.1991439513504,2415.013700280003,400.4197221771877,212.2224527539095,1261.7130627876434,1272304.0755097177,6573.538026862609,1077.3533173171984,122454167.64273037
4861,4862.0,30.0,494.0,12993743.74988648,0.0,477.58932000000004,967.9710733739678,2658.199783978651,440.7410272118883,233.59274442230083,1382.8158191056684,1272304.0755097177,6573.538026862609,1077.3533173171984,122454167.64273037
4862,4863.0,30.0,494.0,12181075.308506632,0.0,526.98932,1063.5872327218435,2920.776694709532,484.27741527992004,256.66703009835766,1519.4103324597766,1272304.0755097177,6573.538026862609,1077.3533173171984,122454167.64273037
4863,4864.0,30.0,494.0,11319521.046854006,0.0,526.98932,1068.532106003651,2934.3560892297482,486.52893765450904,257.8603369568898,1526.4744371480729,1272304.0755097177,6573.538026862609,1077.3533173171984,122454167.64273037
4864,4865.0,30.0,494.0,10411896.63722731,0.0,526.98932,1073.192169853142,2947.153352555879,488.65077929254346,258.98491302504806,1533.1316712187745,1272304.0755097177,6573.538026862609,1077.3533173171984,122454167.64273037
4865,4866.0,30.0,494.0,9464438.101947214,0.0,526.98932,1077.2214507887702,2958.2183874596008,490.48540996213984,259.9572672799341,1538.8877868411003,1272304.0755097177,6573.538026862609,1077.3533173171984,122454167.64273037
4866,4867.0,30.0,494.0,8486892.251648229,14973.480227981912,526.98932,1077.3533173171984,2966.5759749648482,491.87113413692805,260.69170109257186,1539.0761675959977,1272304.0755097177,6573.538026862609,1077.3533173171984,122454167.64273037
4867,4868.0,30.0,494.0,7509346.401349241,29946.960455963388,525.92228,1077.3533173171984,2966.575974964849,491.8711341369282,260.6917010925719,1539.0761675959977,1272304.0755097177,6573.538026862609,1077.3533173171984,122454167.64273037
4868,4869.0,30.0,494.0,6531800.551050253,44920.44068394601,525.03308,1077.3533173171984,2966.5759749648487,491.8711341369281,260.6917010925719,1539.0761675959977,1272304.0755097177,6573.538026862609,1077.3533173171984,122454167.64273037
4869,4870.0,30.0,494.0,5554911.022239434,56170.74981415948,525.03308,1077.3533173171984,2966.3936634403576,491.8409060972371,260.5169960244654,1539.0761675959977,1272304.0755097177,6573.538026862609,1077.3533173171984,122454167.64273037
4870,4871.0,30.0,494.0,4606148.8330451865,56170.74981415948,524.0441484794704,1077.3533173171984,2958.5805135468654,490.5454520344638,259.98908957826546,1539.0761675959977,1272304.0755097177,6573.538026862609,1077.3533173171984,122454167.64273037
4871,4872.0,30.0,494.0,4612554.52336546,0.0,474.6441484794704,991.6587587904041,2693.256102570609,446.5535165362839,236.6733637642305,1416.6553697005775,1272304.0755097177,6573.538026862609,1077.3533173171984,122454167.64273037
4872,4873.0,30.0,494.0,4919068.040293584,9049.483089913614,460.2815560595453,948.6206947254507,2609.892817401771,432.73152311106503,229.34770724886448,1355.1724210363582,1272304.0755097177,6573.538026862609,1077.3533173171984,122454167.64273037
4873,4874.0,30.0,494.0,5260373.369207576,0.0,460.2815560595453,948.6206947254507,2600.2284251834653,431.1291250598173,228.49843628170316,1355.1724210363582,1272304.0755097177,6573.538026862609,1077.3533173171984,122454167.64273037
4874,4875.0,30.0,494.0,5639055.449756924,7466.44330493547,460.2815560595453,941.6285506868959,2589.8459941736446,429.4076730697129,227.58606672694788,1345.1836438384228,1272304.0755097177,6573.538026862609,1077.3533173171984,122454167.64273037
4875,4876.0,30.0,494.0,6049111.696806343,31422.2639241172,460.2815560595453,935.2487393656392,2581.1309479236243,427.9626806881832,226.8202207647371,1336.0696276651988,1272304.0755097177,6573.538026862609,1077.3533173171984,122454167.64273037
4876,4877.0,30.0,494.0,6476184.610228214,46525.8847989114,460.2815560595453,935.2487393656392,2576.404096153499,427.1789482098346,226.40484255121234,1336.0696276651988,1272304.0755097177,6573.538026862609,1077.3533173171984,122454167.64273037
4877,4878.0,30.0,494.0,6917386.415576072,54279.5482403161,460.2815560595453,935.2487393656392,2572.4794039518356,426.52821725918255,226.05995514736676,1336.0696276651988,1272304.0755097177,6573.538026862609,1077.3533173171984,122454167.64273037
4878,4879.0,30.0,494.0,7369857.686209636,56170.74981415948,460.2815560595453,935.2487393656392,2569.3489969280286,426.00918222818916,225.78486658094027,1336.0696276651988,1272304.0755097177,6573.538026862609,1077.3533173171984,122454167.64273037
4879,4880.0,30.0,494.0,7830761.50548953,53675.2752119666,460.2815560595453,935.2487393656392,2567.0066223040485,425.620806379199,225.57902738097548,1336.0696276651988,1272304.0755097177,6573.538026862609,1077.3533173171984,122454167.64273037
4880,4881.0,30.0,494.0,8300081.171318559,46801.81299219467,460.2815560595453,935.2487393656392,2564.668887151511,425.2331997746508,225.37359588056495,1336.0696276651988,1272304.0755097177,6573.538026862609,1077.3533173171984,122454167.64273037
4881,4882.0,30.0,494.0,8777800.031172447,35559.02592508495,460.2815560595453,935.2487393656392,2562.3357777001606,424.8463601313766,225.16857086962963,1336.0696276651988,1272304.0755097177,6573.538026862609,1077.3533173171984,122454167.64273037
4882,4883.0,30.0,494.0,9263901.481903864,19955.55109462887,460.2815560595453,935.2487393656392,2560.007280234181,424.4602851752346,224.96395114287435,1336.0696276651988,1272304.0755097177,6573.538026862609,1077.3533173171984,122454167.64273037
4883,4884.0,30.0,494.0,9758368.969547387,0.0,460.2815560595453,935.2487393656392,2557.6833810919293,424.0749726410654,224.75973549976467,1336.0696276651988,1272304.0755097177,6573.538026862609,1077.3533173171984,122454167.64273037
4884,4885.0,30.0,494.0,9350553.692746263,0.0,509.68155605954524,1022.6357342012128,2808.3174823265535,465.63119121359836,246.78453134320714,1460.9081917160183,1272304.0755097177,6573.538026862609,1077.3533173171984,122454167.64273037
4885,4886.0,30.0,494.0,8533258.168229751,0.0,531.61316,1064.055269049096,2922.0619955808274,484.4905237263602,256.7799775749709,1520.078955784423,1272304.0755097177,6573.538026862609,1077.3533173171984,122454167.64273037
4886,4887.0,30.0,494.0,7683679.679471882,0.0,531.61316,1067.3207387997081,2931.0294856478713,485.9773723851715,257.5680073641409,1524.7439125710118,1272304.0755097177,6573.538026862609,1077.3533173171984,122454167.64273037
4887,4888.0,30.0,494.0,6791813.213914119,0.0,531.61316,1071.5982304210552,2942.776145870064,487.925019482219,258.6002603255761,1530.8546148872217,1272304.0755097177,6573.538026862609,1077.3533173171984,122454167.64273037
4888,4889.0,30.0,494.0,5857292.553811738,0.0,531.61316,1075.9127655108582,2954.6245332435687,489.88953338116556,259.64145269201777,1537.0182364440832,1272304.0755097177,6573.538026862609,1077.3533173171984,122454167.64273037
4889,4890.0,30.0,494.0,4880403.025000917,11250.309130213464,531.61316,1077.3533173171984,2966.393663440358,491.84090609723717,260.5169960244651,1539.0761675959977,1272304.0755097177,6573.538026862609,1077.3533173171984,122454167.64273037
4890,4891.0,30.0,494.0,3902857.174701931,26223.789358194226,529.8347600000001,1077.3533173171984,2966.5759749648482,491.87113413692805,260.69170109257186,1539.0761675959977,1272304.0755097177,6573.538026862609,1077.3533173171984,122454167.64273037
4891,4892.0,30.0,494.0,2925311.3244029433,41197.26958617685,528.58988,1077.3533173171984,2966.5759749648487,491.87113413692816,260.6917010925719,1539.0761675959977,1272304.0755097177,6573.538026862609,1077.3533173171984,122454167.64273037
4892,4893.0,30.0,494.0,1947765.4741039556,56170.74981415948,528.05636,1077.3533173171984,2966.575974964849,491.87113413692816,260.6917010925719,1539.0761675959977,1272304.0755097177,6573.538026862609,1077.3533173171984,122454167.64273037
4893,4894.0,30.0,494.0,972859.1524670217,56170.74981415948,527.8785200000001,1077.3533173171984,2965.8427725587226,491.74956600515037,259.9890895782651,1539.0761675959977,1272304.0755097177,6573.538026862609,1077.3533173171984,122454167.64273037
4894,4895.0,30.0,494.0,24096.963272791356,56170.74981415948,526.704021025563,1077.3533173171984,2958.5805135468604,490.545452034463,259.9890895782654,1539.0761675959977,1272304.0755097177,6573.538026862609,1077.3533173171984,122454167.64273037
4895,4896.0,30.0,494.0,0.0,0.0,478.19064861359993,994.7441474764272,2701.7290619020164,447.95836985910665,237.41793602532653,1421.0630678234675,1272304.0755097177,6573.538026862609,1077.3533173171984,122454167.64273037
4896,4897.0,30.0,494.0,0.0,0.0,478.19064861359993,981.3846136326232,2695.0354609929077,446.8485418626529,236.82972718720603,1401.978019475176,1272304.0755097177,6573.538026862609,1077.3533173171984,122454167.64273037
4897,4898.0,30.0,494.0,548321.2511973246,33852.16821243893,450.5792067453096,919.3387391595534,2542.724002326984,421.5946429069906,223.44516074070503,1313.341055942219,1272304.0755097177,6573.538026862609,1077.3533173171984,122454167.64273037
4898,4899.0,30.0,494.0,1135796.8041715482,47335.96975452453,450.5792067453096,919.3387391595534,2531.847807388957,419.79132272088776,222.4894010420705,1313.341055942219,1272304.0755097177,6573.538026862609,1077.3533173171984,122454167.64273037
4899,4900.0,30.0,494.0,1756544.1838272884,43511.513074992225,450.57920674530953,919.3387391595534,2522.605633310757,418.2589302643659,221.67723304011395,1313.341055942219,1272304.0755097177,6573.538026862609,1077.3533173171984,122454167.64273037
4900,4901.0,30.0,494.0,2391076.89675894,51986.81683047488,450.57920674530953,915.5527121525408,2518.7763740674486,417.6240225111833,221.34073193092715,1307.9324459322013,1272304.0755097177,6573.538026862609,1077.3533173171984,122454167.64273037
4901,4902.0,30.0,494.0,3033858.951866882,56170.74981415948,450.5792067453096,915.5527121525408,2516.4848901295945,417.244084558176,221.1393648158333,1307.9324459322013,1272304.0755097177,6573.538026862609,1077.3533173171984,122454167.64273037
4902,4903.0,30.0,494.0,3684874.0153174587,56071.80901098158,450.5792067453096,915.5527121525408,2514.1979433677475,416.86489888858466,220.93839641094988,1307.9324459322013,1272304.0755097177,6573.538026862609,1077.3533173171984,122454167.64273037
4903,4904.0,30.0,494.0,4341368.7005851455,53122.32710961532,450.5792067453096,915.5527121525408,2512.6758261963278,416.612525274791,220.80463839563924,1307.9324459322013,1272304.0755097177,6573.538026862609,1077.3533173171984,122454167.64273037
4904,4905.0,30.0,494.0,5003335.7840441335,47326.06189535558,450.5792067453096,915.5527121525408,2511.155715587633,416.3604843577802,220.6710567096235,1307.9324459322013,1272304.0755097177,6573.538026862609,1077.3533173171984,122454167.64273037
4905,4906.0,30.0,494.0,5670768.056343244,38686.76372771524,450.5792067453096,915.5527121525408,2509.637607576488,416.10877548010916,220.53765100445787,1307.9324459322013,1272304.0755097177,6573.538026862609,1077.3533173171984,122454167.64273037
4906,4907.0,30.0,494.0,6340930.224006271,28627.35315299593,450.5792067453096,915.5527121525408,2508.8793033087336,415.98304535104825,220.47101403605558,1307.9324459322013,1272304.0755097177,6573.538026862609,1077.3533173171984,122454167.64273037
4907,4908.0,30.0,494.0,7016546.793165411,15730.52128359396,450.5792067453096,915.5527121525408,2507.364191782036,415.7318333034655,220.33787165083675,1307.9324459322013,1272304.0755097177,6573.538026862609,1077.3533173171984,122454167.64273037
4908,4909.0,30.0,494.0,7697610.589991891,0.0,450.5792067453105,915.5527121525408,2505.851072985552,415.4809516591755,220.20490437936303,1307.9324459322013,1272304.0755097177,6573.538026862609,1077.3533173171984,122454167.64273037
4909,4910.0,30.0,494.0,7465077.503067472,0.0,499.9792067453105,1004.9056805238549,2759.6279851385793,457.55826188210216,242.50587879751416,1435.579543605507,1272304.0755097177,6573.538026862609,1077.3533173171984,122454167.64273037
4910,4911.0,30.0,494.0,6654818.345563111,0.0,529.6569199999999,1063.3435300817382,2920.1074491885634,484.1664514764669,256.60821928252744,1519.0621858310546,1272304.0755097177,6573.538026862609,1077.3533173171984,122454167.64273037
4911,4912.0,30.0,494.0,5802454.695448265,0.0,529.6569199999999,1067.6024620049807,2931.803141580365,486.10564788667847,257.6359933799396,1525.1463742928297,1272304.0755097177,6573.538026862609,1077.3533173171984,122454167.64273037
4912,4913.0,30.0,494.0,4907622.045378338,0.0,529.6569199999999,1071.898264387168,2943.6000860123318,488.0616323233053,258.67266513135183,1531.2832348388115,1272304.0755097177,6573.538026862609,1077.3533173171984,122454167.64273037
4913,4914.0,30.0,494.0,3966640.4501413377,0.0,529.6569199999999,1076.5662986896898,2956.4192374476297,490.1871031045576,259.79916464541554,1537.9518552709856,1272304.0755097177,6573.538026862609,1077.3533173171984,122454167.64273037
4914,4915.0,30.0,494.0,2989094.59984235,14973.480227983082,529.6569199999999,1077.3533173171984,2966.5759749648487,491.87113413692805,260.6917010925719,1539.0761675959977,1272304.0755097177,6573.538026862609,1077.3533173171984,122454167.64273037
4915,4916.0,30.0,494.0,2011548.7495433623,29946.96045596525,528.2342,1077.3533173171984,2966.575974964849,491.8711341369282,260.6917010925719,1539.0761675959977,1272304.0755097177,6573.538026862609,1077.3533173171984,122454167.64273037
4916,4917.0,30.0,494.0,1034002.8992443746,44920.44068394974,527.3449999999999,1077.3533173171984,2966.575974964849,491.8711341369282,260.6917010925719,1539.0761675959977,1272304.0755097177,6573.538026862609,1077.3533173171984,122454167.64273037
4917,4918.0,30.0,494.0,57113.370433555916,56170.74981415948,527.3449999999999,1077.3533173171984,2966.393663440357,491.84090609723705,260.5169960244646,1539.0761675959977,1272304.0755097177,6573.538026862609,1077.3533173171984,122454167.64273037
4918,4919.0,30.0,494.0,19482.367545230314,0.0,477.94499999999994,996.1131356721112,2705.4885173507755,448.58170384108575,237.74830303577545,1423.0187652458733,1272304.0755097177,6573.538026862609,1077.3533173171984,122454167.64273037
4919,4920.0,30.0,494.0,0.0,0.0,477.94499999999994,983.3552840274986,2700.447229755471,447.7458365422407,237.30529336738758,1404.7932628964265,1272304.0755097177,6573.538026862609,1077.3533173171984,122454167.64273037
4920,4921.0,30.0,494.0,766753.7459075334,11839.799387836363,437.2642876599238,901.524150927302,2482.048309351926,411.5343504452277,218.1132057359707,1287.89164418186,1272304.0755097177,6573.538026862609,1077.3533173171984,122454167.64273037
4921,4922.0,30.0,494.0,1563612.7564278329,8018.610314305872,437.2642876599238,901.524150927302,2473.68573584838,410.1477995703452,217.37833377228299,1287.89164418186,1272304.0755097177,6573.538026862609,1077.3533173171984,122454167.64273037
4922,4923.0,30.0,494.0,2395766.6788174277,31905.628551647067,437.2642876599238,892.5663112263763,2463.8815936624646,408.5222303697172,216.51678209595013,1275.0947303233947,1272304.0755097177,6573.538026862609,1077.3533173171984,122454167.64273037
4923,4924.0,30.0,494.0,3249489.2275208896,44572.48273549788,437.2642876599237,892.5663112263763,2457.8903085752795,407.5288493757225,215.99029016913292,1275.0947303233947,1272304.0755097177,6573.538026862609,1077.3533173171984,122454167.64273037
4924,4925.0,30.0,494.0,4113953.2133548157,51651.559328868054,437.26428765992375,892.5663112263763,2454.906576039039,407.0341336094832,215.7280908130261,1275.0947303233947,1272304.0755097177,6573.538026862609,1077.3533173171984,122454167.64273037
4925,4926.0,30.0,494.0,4986454.6119057825,54549.51247290522,437.26428765992375,892.5663112263763,2452.673961395417,406.66395644020906,215.53189691331082,1275.0947303233947,1272304.0755097177,6573.538026862609,1077.3533173171984,122454167.64273037
4926,4927.0,30.0,494.0,5861631.6021769,56055.60237987712,437.26428765992375,892.5663112263763,2451.9307414731525,406.54072736090603,215.4665855012802,1275.0947303233947,1272304.0755097177,6573.538026862609,1077.3533173171984,122454167.64273037
4927,4928.0,30.0,494.0,6739482.414174199,56170.74981415948,437.26428765992375,892.5663112263763,2451.18801321588,406.4175798017863,215.40131729494675,1275.0947303233947,1272304.0755097177,6573.538026862609,1077.3533173171984,122454167.64273037
4928,4929.0,30.0,494.0,7622675.566662762,53506.77094390523,437.26428765992387,892.5663112263763,2449.7040297460844,406.17152892074074,215.2709103279926,1275.0947303233947,1272304.0755097177,6573.538026862609,1077.3533173171984,122454167.64273037
4929,4930.0,30.0,494.0,8513868.998752702,46680.98555454612,437.26428765992387,892.5663112263763,2447.4817298568137,405.80306198237383,215.07562285065814,1275.0947303233947,1272304.0755097177,6573.538026862609,1077.3533173171984,122454167.64273037
4930,4931.0,30.0,494.0,9410387.150195993,37085.2405111026,437.26428765992387,892.5663112263763,2446.002641147549,405.5578226738058,214.94564601711707,1275.0947303233947,1272304.0755097177,6573.538026862609,1077.3533173171984,122454167.64273037
4931,4932.0,30.0,494.0,10309565.026427437,26105.886329740286,437.26428765992387,892.5663112263763,2445.2638287063955,405.4353243739438,214.8807219181902,1275.0947303233947,1272304.0755097177,6573.538026862609,1077.3533173171984,122454167.64273037
4932,4933.0,30.0,494.0,11214057.091144742,12362.05073195137,437.26428765992387,892.5663112263763,2443.7876652381005,405.19057008298705,214.75100214398316,1275.0947303233947,1272304.0755097177,6573.538026862609,1077.3533173171984,122454167.64273037
4933,4934.0,30.0,494.0,12115892.937889181,0.0,437.26428765992387,892.5663112263763,2444.525503563897,405.3129068703075,214.81584064126298,1275.0947303233947,1272304.0755097177,6573.538026862609,1077.3533173171984,122454167.64273037
4934,4935.0,30.0,494.0,12993743.74988648,0.0,437.2642876599238,892.5887010052646,2451.1880132158803,406.41757980178636,215.40131729494678,1275.1267157218067,1272304.0755097177,6573.538026862609,1077.3533173171984,122454167.64273037
4935,4936.0,30.0,494.0,12993743.74988648,0.0,482.5199393351997,981.3846136326232,2695.0354609929077,446.84854186265284,236.829727187206,1401.978019475176,1272304.0755097177,6573.538026862609,1077.3533173171984,122454167.64273037
4936,4937.0,30.0,494.0,12112433.603871064,0.0,527.3449999999999,1070.5304430306032,2939.843834886078,487.4388296318639,258.3425797048879,1529.3292043294334,1272304.0755097177,6573.538026862609,1077.3533173171984,122454167.64273037
4937,4938.0,30.0,494.0,11181580.27821568,0.0,527.3449999999999,1075.5418091881206,2953.6058292305142,489.7206278474866,259.5519327591679,1536.4882988401725,1272304.0755097177,6573.538026862609,1077.3533173171984,122454167.64273037
4938,4939.0,30.0,494.0,10217420.078422602,14081.371555987842,527.3449999999999,1076.1728044753168,2962.8577387132073,491.2546344762021,260.36495627238713,1537.389720679024,1272304.0755097177,6573.538026862609,1077.3533173171984,122454167.64273037
4939,4940.0,30.0,494.0,9239874.228123615,35126.06068507532,527.3449999999999,1076.1728044753168,2966.575974964849,491.8711341369282,260.6917010925719,1537.389720679024,1272304.0755097177,6573.538026862609,1077.3533173171984,122454167.64273037
4940,4941.0,30.0,494.0,8262328.377824627,56170.74981415948,527.3449999999999,1076.1728044753168,2966.575974964849,491.8711341369282,260.6917010925719,1537.389720679024,1272304.0755097177,6573.538026862609,1077.3533173171984,122454167.64273037
4941,4942.0,30.0,494.0,7414310.839664791,9833.82220863644,520.9972534867787,1076.1728044753168,2930.595888259529,485.9054800618457,257.5299044327782,1537.389720679024,1272304.0755097177,6573.538026862609,1077.3533173171984,122454167.64273037
4942,4943.0,30.0,494.0,7502142.766527299,20742.100503712893,471.59725348677875,970.3792297486331,2670.6377035311,442.80328809723085,234.68574269153237,1386.2560424980472,1272304.0755097177,6573.538026862609,1077.3533173171984,122454167.64273037
4943,4944.0,30.0,494.0,7604882.630618654,23895.156051975675,471.59725348677983,970.3792297486331,2666.49660985642,442.1166768459022,234.32183872832817,1386.2560424980472,1272304.0755097177,6573.538026862609,1077.3533173171984,122454167.64273037
4944,4945.0,30.0,494.0,7731371.253202833,14693.926145123318,471.59725348677983,970.3792297486331,2659.899732497302,441.022886032596,233.7421295972759,1386.2560424980472,1272304.0755097177,6573.538026862609,1077.3533173171984,122454167.64273037
4945,4946.0,30.0,494.0,7887367.308206961,43736.590391691774,471.59725348677983,959.9581964094243,2651.703223491763,439.6638693701065,233.02185076615646,1371.3688520134633,1272304.0755097177,6573.538026862609,1077.3533173171984,122454167.64273037
4946,4947.0,30.0,494.0,8075594.655162752,56012.29052607808,471.59725348677983,959.9581964094243,2642.7500868385214,438.1794005694162,232.2350823017906,1371.3688520134633,1272304.0755097177,6573.538026862609,1077.3533173171984,122454167.64273037
4947,4948.0,30.0,494.0,8287115.087542526,56170.74981415948,471.59725348677983,959.9581964094243,2636.2797853318593,437.10659658018835,231.66649618749983,1371.3688520134633,1272304.0755097177,6573.538026862609,1077.3533173171984,122454167.64273037
4948,4949.0,30.0,494.0,8504439.472317716,53309.948761428706,471.59725348677983,959.9581964094243,2634.6675763331327,436.839285351566,231.52482123632998,1371.3688520134633,1272304.0755097177,6573.538026862609,1077.3533173171984,122454167.64273037
4949,4950.0,30.0,494.0,8724662.94601812,48941.019519485264,471.59725348677983,959.9581964094243,2633.8622738539066,436.7057627156642,231.45405423930205,1371.3688520134633,1272304.0755097177,6573.538026862609,1077.3533173171984,122454167.64273037
4950,4951.0,30.0,494.0,8947783.586348023,43064.96208122652,471.59725348677983,959.9581964094243,2633.0575053457123,436.5723286144702,231.38333416566923,1371.3688520134633,1272304.0755097177,6573.538026862609,1077.3533173171984,122454167.64273037
4951,4952.0,30.0,494.0,9173799.472922994,35682.77544530574,471.59725348677983,959.9581964094243,2632.253270277638,436.43898295995643,231.31266096877692,1371.3688520134633,1272304.0755097177,6573.538026862609,1077.3533173171984,122454167.64273037
4952,4953.0,30.0,494.0,9405600.098467305,25291.3234394826,471.59725348677983,959.9581964094243,2630.6463983417084,436.1725566394413,231.1714550189039,1371.3688520134633,1272304.0755097177,6573.538026862609,1077.3533173171984,122454167.64273037
4953,4954.0,30.0,494.0,9640290.22054583,13396.733279472217,471.59725348677983,959.9581964094243,2629.8437604155397,436.039475797967,231.1009221729225,1371.3688520134633,1272304.0755097177,6573.538026862609,1077.3533173171984,122454167.64273037
4954,4955.0,30.0,494.0,9877867.926394,0.0,471.59725348677983,959.9581964094243,2629.0416538128607,435.9064830522264,231.03043601768002,1371.3688520134633,1272304.0755097177,6573.538026862609,1077.3533173171984,122454167.64273037
4955,4956.0,30.0,494.0,9991478.354349554,0.0,478.30067999999994,969.8927502129774,2663.4770087830316,441.61601392098714,234.0564873781232,1385.561071732825,1272304.0755097177,6573.538026862609,1077.3533173171984,122454167.64273037
4956,4957.0,30.0,494.0,9194757.56904205,11031.98756103497,527.7006799999999,1059.8289949465989,2916.346790244992,483.54291794983993,256.2777465134152,1514.0414213522843,1272304.0755097177,6573.538026862609,1077.3533173171984,122454167.64273037
4957,4958.0,30.0,494.0,8394807.817615036,23743.70794588793,527.7006799999999,1059.8289949465989,2917.2437252781892,483.69163365971866,256.3565658396509,1514.0414213522843,1272304.0755097177,6573.538026862609,1077.3533173171984,122454167.64273037
4958,4959.0,30.0,494.0,7572195.314818183,0.0,527.7006799999999,1069.209921394732,2923.538933992034,484.73540650620504,256.9097654482887,1527.4427448496172,1272304.0755097177,6573.538026862609,1077.3533173171984,122454167.64273037
4959,4960.0,30.0,494.0,6703940.060137397,0.0,527.7006799999999,1069.209921394732,2936.2174761820147,486.8375636661148,258.02390874304086,1527.4427448496174,1272304.0755097177,6573.538026862609,1077.3533173171984,122454167.64273037
4960,4961.0,30.0,494.0,5779685.545810346,0.0,527.7006799999999,1074.8743296276448,2951.7728260837553,489.41670799366125,259.39085523664045,1535.5347566109212,1272304.0755097177,6573.538026862609,1077.3533173171984,122454167.64273037
4961,4962.0,30.0,494.0,4802796.016999524,11250.309130209738,527.7006799999999,1077.3533173171984,2966.393663440358,491.84090609723717,260.51699602446547,1539.0761675959977,1272304.0755097177,6573.538026862609,1077.3533173171984,122454167.64273037
4962,4963.0,30.0,494.0,3825250.1667005364,26223.789358192364,525.3887599999999,1077.3533173171984,2966.575974964849,491.87113413692816,260.6917010925719,1539.0761675959977,1272304.0755097177,6573.538026862609,1077.3533173171984,122454167.64273037
4963,4964.0,30.0,494.0,2847704.3164015487,41197.26958617499,523.96604,1077.3533173171984,2966.5759749648487,491.8711341369281,260.6917010925719,1539.0761675959977,1272304.0755097177,6573.538026862609,1077.3533173171984,122454167.64273037
4964,4965.0,30.0,494.0,1870158.466102561,56170.74981415948,523.96604,1077.3533173171984,2966.5759749648487,491.8711341369281,260.6917010925719,1539.0761675959977,1272304.0755097177,6573.538026862609,1077.3533173171984,122454167.64273037
4965,4966.0,30.0,494.0,907488.5990803629,56170.74981415948,523.96604,1077.3533173171984,2962.4437573879627,491.1859945810239,259.98908957826586,1539.0761675959977,1272304.0755097177,6573.538026862609,1077.3533173171984,122454167.64273037
4966,4967.0,30.0,494.0,0.0,34699.91317323595,522.0376544316532,1077.3533173171984,2947.1156274041196,488.6445242991308,258.98159787853933,1539.0761675959977,1272304.0755097177,6573.538026862609,1077.3533173171984,122454167.64273037
4967,4968.0,30.0,494.0,44251.07845971082,0.0,472.6376544316533,983.6557567037944,2682.7434947540987,444.81048066830664,235.74955475420253,1405.2225095768492,1272304.0755097177,6573.538026862609,1077.3533173171984,122454167.64273037
4968,4969.0,30.0,494.0,1039077.2468565619,10466.267581866123,423.23765443165325,878.7213624935836,2418.6948586604512,401.0300741664201,212.54593930820266,1255.3162321336908,1272304.0755097177,6573.538026862609,1077.3533173171984,122454167.64273037
4969,4970.0,30.0,494.0,2052634.3270032695,11188.571888248747,423.23765443165325,878.7213624935836,2413.4918276188223,400.1673891042497,212.08871622525237,1255.3162321336908,1272304.0755097177,6573.538026862609,1077.3533173171984,122454167.64273037
4970,4971.0,30.0,494.0,3087490.565762599,830.8912963205948,423.23765443165325,878.7213624935836,2407.575394670872,399.1864189188534,211.5688020269923,1255.3162321336908,1272304.0755097177,6573.538026862609,1077.3533173171984,122454167.64273037
4971,4972.0,30.0,494.0,4135600.8865228062,15473.32710720785,423.23765443165325,872.5195586811711,2403.8937052261836,398.57597887687194,211.24526880474215,1246.456512401673,1272304.0755097177,6573.538026862609,1077.3533173171984,122454167.64273037
4972,4973.0,30.0,494.0,5189000.433535944,27364.2670457894,423.23765443165325,872.5195586811711,2402.4244757114807,398.3323742654266,211.1161583606761,1246.456512401673,1272304.0755097177,6573.538026862609,1077.3533173171984,122454167.64273037
4973,4974.0,30.0,494.0,6242399.980549081,39255.20698437095,423.23765443165325,872.5195586811711,2402.4244757114807,398.3323742654266,211.1161583606761,1246.456512401673,1272304.0755097177,6573.538026862609,1077.3533173171984,122454167.64273037
4974,4975.0,30.0,494.0,7298441.489250558,49771.77828515321,423.23765443165325,872.5195586811711,2401.6905974647198,398.210694076347,211.05166786046394,1246.456512401673,1272304.0755097177,6573.538026862609,1077.3533173171984,122454167.64273037
4975,4976.0,30.0,494.0,8362398.298509504,56170.74981415948,423.23765443165325,872.5195586811711,2399.491902865423,397.84614099720676,210.8584547285196,1246.456512401673,1272304.0755097177,6573.538026862609,1077.3533173171984,122454167.64273037
4976,4977.0,30.0,494.0,9439512.099507676,55725.353805977385,423.23765443165325,872.5195586811711,2395.837182937864,397.24017261787253,210.53729148747246,1246.456512401673,1272304.0755097177,6573.538026862609,1077.3533173171984,122454167.64273037
4977,4978.0,30.0,494.0,10534972.188094605,45736.07894695923,423.23765443165325,872.5195586811711,2390.740991940983,396.39520209745837,210.08945711165293,1246.456512401673,1272304.0755097177,6573.538026862609,1077.3533173171984,122454167.64273037
4978,4979.0,30.0,494.0,11648693.353800274,26247.252374069765,423.23765443165325,872.5195586811711,2385.6684705191105,395.5541560950078,209.64370273035414,1246.456512401673,1272304.0755097177,6573.538026862609,1077.3533173171984,122454167.64273037
4979,4980.0,30.0,494.0,12775406.304642124,0.0,423.23765443165325,872.5195586811711,2382.059641314616,394.955796596144,209.32657219595635,1246.456512401673,1272304.0755097177,6573.538026862609,1077.3533173171984,122454167.64273037
4980,4981.0,30.0,494.0,12993743.74988648,0.0,472.63765443165323,959.2994569679186,2634.386170647253,436.7926270710991,231.50009234768254,1370.4277956684552,1272304.0755097177,6573.538026862609,1077.3533173171984,122454167.64273037
4981,4982.0,30.0,494.0,12993743.74988648,0.0,484.2837244439999,981.3846136326232,2695.0354609929077,446.84854186265284,236.829727187206,1401.978019475176,1272304.0755097177,6573.538026862609,1077.3533173171984,122454167.64273037
4982,4983.0,30.0,494.0,12220849.636602031,0.0,524.32172,1059.5640003979643,2909.7282702385874,482.4455386919577,255.69613550673762,1513.6628577113777,1272304.0755097177,6573.538026862609,1077.3533173171984,122454167.64273037
4983,4984.0,30.0,494.0,11389414.17208276,0.0,524.32172,1065.4855449682857,2925.989756692705,485.1417635156061,257.12513466327124,1522.1222070975512,1272304.0755097177,6573.538026862609,1077.3533173171984,122454167.64273037
4984,4985.0,30.0,494.0,10485464.613642756,0.0,524.32172,1072.8204532010268,2946.1325605595753,488.48152756220617,258.89520960796926,1532.6006474300384,1272304.0755097177,6573.538026862609,1077.3533173171984,122454167.64273037
4985,4986.0,30.0,494.0,9507918.763343768,15363.882929179714,524.32172,1077.2774056808546,2966.5759749648487,491.8711341369281,260.6917010925719,1538.9677224012207,1272304.0755097177,6573.538026862609,1077.3533173171984,122454167.64273037
4986,4987.0,30.0,494.0,8530372.91304478,30727.76585835709,522.1876400000001,1077.2774056808546,2966.5759749648487,491.87113413692816,260.6917010925719,1538.967722401221,1272304.0755097177,6573.538026862609,1077.3533173171984,122454167.64273037
4987,4988.0,30.0,494.0,7552827.062745795,46091.648787534046,521.29844,1077.2774056808548,2966.5759749648482,491.8711341369281,260.6917010925719,1538.9677224012212,1272304.0755097177,6573.538026862609,1077.3533173171984,122454167.64273037
4988,4989.0,30.0,494.0,6585440.198132133,56170.74981415948,521.29844,1077.2774056808548,2963.7540344967024,491.4032441957138,260.44371942372834,1538.9677224012212,1272304.0755097177,6573.538026862609,1077.3533173171984,122454167.64273037
4989,4990.0,30.0,494.0,5638309.1128936205,55712.63978649024,521.29844,1077.2774056808548,2958.1274291147165,490.4703286749472,259.94927419772205,1538.9677224012212,1272304.0755097177,6573.538026862609,1077.3533173171984,122454167.64273037
4990,4991.0,30.0,494.0,5194440.967574522,0.0,496.1608161038952,1037.1155486568903,2818.33216802599,467.29166943986894,247.66458480313054,1481.5936409384149,1272304.0755097177,6573.538026862609,1077.3533173171984,122454167.64273037
4991,4992.0,30.0,494.0,5715372.882443201,0.0,446.76081610389525,928.6915772244911,2550.3321513071633,422.8561069312206,224.11373667354692,1326.7022531778446,1272304.0755097177,6573.538026862609,1077.3533173171984,122454167.64273037
4992,4993.0,30.0,494.0,6267564.068638936,0.0,446.76081610389525,925.5296555316276,2541.6490203829812,421.4164062488245,223.350695311877,1322.1852221880395,1272304.0755097177,6573.538026862609,1077.3533173171984,122454167.64273037
4993,4994.0,30.0,494.0,6859206.385877424,37586.36229413375,446.76081610389525,914.2306557343733,2530.6903728711018,419.59941506917374,222.38768998666208,1306.0437939062476,1272304.0755097177,6573.538026862609,1077.3533173171984,122454167.64273037
4994,4995.0,30.0,494.0,7495484.731383952,51952.72195223812,446.76081610389525,914.2306557343733,2518.291476129983,417.5436243348161,221.29812089745255,1306.0437939062476,1272304.0755097177,6573.538026862609,1077.3533173171984,122454167.64273037
4995,4996.0,30.0,494.0,8162175.103860138,56170.74981415948,446.76081610389525,913.1277208039722,2509.843690860633,416.14294498042017,220.5557608396227,1304.4681725771034,1272304.0755097177,6573.538026862609,1077.3533173171984,122454167.64273037
4996,4997.0,30.0,494.0,8839869.362554682,54664.47206666134,446.76081610389525,913.1277208039722,2506.7870557999786,415.6361416601564,220.2871550798829,1304.4681725771034,1272304.0755097177,6573.538026862609,1077.3533173171984,122454167.64273037
4997,4998.0,30.0,494.0,9520310.031082215,51729.49095920846,446.76081610389525,913.1277208039722,2506.0241641797043,415.5096509281965,220.22011499194414,1304.4681725771034,1272304.0755097177,6573.538026862609,1077.3533173171984,122454167.64273037
4998,4999.0,30.0,494.0,10206238.057909481,45939.944176252,446.76081610389525,913.1277208039722,2504.4998979853335,415.2569209970979,220.0861681284619,1304.4681725771034,1272304.0755097177,6573.538026862609,1077.3533173171984,122454167.64273037
4999,5000.0,30.0,494.0,10894907.036822354,38724.53319519013,446.76081610389525,913.1277208039722,2503.738522405998,415.13068163128617,220.01926126458167,1304.4681725771034,1272304.0755097177,6573.538026862609,1077.3533173171984,122454167.64273037
5000,5001.0,30.0,494.0,11589052.474807113,28660.22640015371,446.7608161038952,913.1277208039722,2502.217283774919,414.87845368328266,219.8855804521398,1304.4681725771034,1272304.0755097177,6573.538026862609,1077.3533173171984,122454167.64273037
5001,5002.0,30.0,494.0,12288667.123742335,15750.794319234788,446.7608161038956,913.1277208039722,2500.698058510902,414.62655956025066,219.75207656693286,1304.4681725771034,1272304.0755097177,6573.538026862609,1077.3533173171984,122454167.64273037
5002,5003.0,30.0,494.0,12993743.74988648,0.0,446.7608161038956,913.1277208039722,2499.180842619534,414.37499859989924,219.6187492579466,1304.4681725771034,1272304.0755097177,6573.538026862609,1077.3533173171984,122454167.64273037
5003,5004.0,30.0,494.0,12993743.74988648,0.0,484.9251008471999,981.3846136326232,2695.0354609929077,446.84854186265284,236.829727187206,1401.978019475176,1272304.0755097177,6573.538026862609,1077.3533173171984,122454167.64273037
5004,5005.0,30.0,494.0,12143262.661642384,5127.689955049194,530.9598170993131,1066.4149872528753,2931.280207727378,486.0189431909223,257.59003989118884,1523.449981789822,1272304.0755097177,6573.538026862609,1077.3533173171984,122454167.64273037
5005,5006.0,30.0,494.0,11283041.293351384,15322.347943335772,530.9598170993131,1066.4149872528753,2933.985841073741,486.4675489080403,257.82780092126137,1523.449981789822,1272304.0755097177,6573.538026862609,1077.3533173171984,122454167.64273037
5006,5007.0,30.0,494.0,10403281.219397979,0.0,530.9598170993131,1073.3529963741853,2939.4132593132977,487.3674383386347,258.3047423194764,1533.3614233916933,1272304.0755097177,6573.538026862609,1077.3533173171984,122454167.64273037
5007,5008.0,30.0,494.0,9494066.852667276,0.0,530.9598170993131,1073.3529963741853,2947.5950073069916,488.7240075614838,259.02372400758645,1533.3614233916935,1272304.0755097177,6573.538026862609,1077.3533173171984,122454167.64273037
5008,5009.0,30.0,494.0,8545304.663473044,0.0,530.9598170993131,1077.3533173171984,2958.580513546861,490.5454520344631,259.98908957826546,1539.0761675959977,1272304.0755097177,6573.538026862609,1077.3533173171984,122454167.64273037
5009,5010.0,30.0,494.0,7567758.813174056,14973.480227983082,530.1904400000001,1077.3533173171984,2966.575974964849,491.8711341369281,260.6917010925719,1539.0761675959977,1272304.0755097177,6573.538026862609,1077.3533173171984,122454167.64273037
5010,5011.0,30.0,494.0,6590212.962875068,29946.96045596525,528.05636,1077.3533173171984,2966.575974964849,491.87113413692816,260.6917010925719,1539.0761675959977,1272304.0755097177,6573.538026862609,1077.3533173171984,122454167.64273037
5011,5012.0,30.0,494.0,5612667.1125760805,44920.44068394974,526.63364,1077.3533173171984,2966.5759749648487,491.8711341369281,260.6917010925719,1539.0761675959977,1272304.0755097177,6573.538026862609,1077.3533173171984,122454167.64273037
5012,5013.0,30.0,494.0,4635777.583765261,56170.74981415948,525.92228,1077.3533173171984,2966.3936634403576,491.8409060972371,260.5169960244651,1539.0761675959977,1272304.0755097177,6573.538026862609,1077.3533173171984,122454167.64273037
5013,5014.0,30.0,494.0,4109866.199438758,0.0,502.01785351968624,1045.503421009083,2841.1219566391615,471.0703150119024,249.66726695630828,1493.5763157272615,1272304.0755097177,6573.538026862609,1077.3533173171984,122454167.64273037
5014,5015.0,30.0,494.0,4523065.255457709,9975.809676604345,452.61785351968626,937.6491750345572,2580.257945432088,427.8179330972771,226.74350454155686,1339.498821477939,1272304.0755097177,6573.538026862609,1077.3533173171984,122454167.64273037
5015,5016.0,30.0,494.0,4953555.812066849,10956.448750793003,452.6178535196862,937.6491750345572,2575.454750823702,427.0215426459807,226.32141760236976,1339.498821477939,1272304.0755097177,6573.538026862609,1077.3533173171984,122454167.64273037
5016,5017.0,30.0,494.0,5406993.144261926,0.0,452.6178535196862,937.6491750345572,2569.0806464942752,425.96468856501974,225.76128493946047,1339.498821477939,1272304.0755097177,6573.538026862609,1077.3533173171984,122454167.64273037
5017,5018.0,30.0,494.0,5891781.4119520355,36301.948793161195,452.6178535196862,925.2888485192769,2560.372053301211,424.5207661282582,224.99600604797683,1321.8412121703957,1272304.0755097177,6573.538026862609,1077.3533173171984,122454167.64273037
5018,5019.0,30.0,494.0,6416138.169355292,52020.0671898108,452.6178535196862,925.2888485192769,2549.3808061586697,422.6983697887729,224.03013598804964,1321.8412121703957,1272304.0755097177,6573.538026862609,1077.3533173171984,122454167.64273037
5019,5020.0,30.0,494.0,6971326.173750162,56170.74981415948,452.6178535196862,924.4194457456507,2540.816570883219,421.27838251944246,223.2775427353045,1320.5992082080725,1272304.0755097177,6573.538026862609,1077.3533173171984,122454167.64273037
5020,5021.0,30.0,494.0,7540453.992939709,53069.834372160956,452.6178535196862,924.4194457456507,2536.944400106923,420.6363598483962,222.93727071965,1320.5992082080725,1272304.0755097177,6573.538026862609,1077.3533173171984,122454167.64273037
5021,5022.0,30.0,494.0,8115144.797766319,47075.01133647561,452.6178535196862,924.4194457456507,2535.3991263188495,420.38014676735395,222.8014777866976,1320.5992082080725,1272304.0755097177,6573.538026862609,1077.3533173171984,122454167.64273037
5022,5023.0,30.0,494.0,8692614.329846246,39634.67317208275,452.6178535196862,924.4194457456507,2534.627257637372,420.2521675997995,222.73364882789375,1320.5992082080725,1272304.0755097177,6573.538026862609,1077.3533173171984,122454167.64273037
5023,5024.0,30.0,494.0,9275635.79446208,29306.17732160166,452.6178535196862,924.4194457456507,2533.0850541551763,419.99646358875805,222.59812570204178,1320.5992082080725,1272304.0755097177,6573.538026862609,1077.3533173171984,122454167.64273037
5024,5025.0,30.0,494.0,9864201.84117081,16093.347541593947,452.617853519686,924.4194457456507,2531.5448924627044,419.7410981152885,222.4627820011029,1320.5992082080725,1272304.0755097177,6573.538026862609,1077.3533173171984,122454167.64273037
5025,5026.0,30.0,494.0,10458305.134117112,0.0,452.617853519686,924.4194457456507,2530.0067685078243,419.48607050752963,222.32761736899073,1320.5992082080725,1272304.0755097177,6573.538026862609,1077.3533173171984,122454167.64273037
5026,5027.0,30.0,494.0,10475223.265574524,0.0,484.1694,979.6733195241259,2690.335980032515,446.0693475830017,236.4167542189909,1399.5333136058941,1272304.0755097177,6573.538026862609,1077.3533173171984,122454167.64273037
5027,5028.0,30.0,494.0,9583045.3701675,7653.005276467651,533.5694,1070.1416476532502,2942.862654161526,487.9393629312971,258.6078623535875,1528.773782361786,1272304.0755097177,6573.538026862609,1077.3533173171984,122454167.64273037
5028,5029.0,30.0,494.0,8690867.474760475,15306.010552934371,533.5694,1070.1416476532502,2942.862654161526,487.9393629312971,258.6078623535875,1528.7737823617863,1272304.0755097177,6573.538026862609,1077.3533173171984,122454167.64273037
5029,5030.0,30.0,494.0,7792174.925994184,0.0,533.5694,1075.2648675881785,2944.6722800946554,488.2394067419408,258.76688557322865,1536.0926679831123,1272304.0755097177,6573.538026862609,1077.3533173171984,122454167.64273037
5030,5031.0,30.0,494.0,6864059.48996898,0.0,533.5694,1075.2648675881785,2952.845304333242,489.594529528442,259.48510065007434,1536.0926679831123,1272304.0755097177,6573.538026862609,1077.3533173171984,122454167.64273037
5031,5032.0,30.0,494.0,5887169.961158162,11250.309130212532,533.5694,1077.3533173171984,2966.393663440357,491.84090609723705,260.51699602446536,1539.0761675959977,1272304.0755097177,6573.538026862609,1077.3533173171984,122454167.64273037
5032,5033.0,30.0,494.0,4909624.110859176,26223.789358195158,530.9018,1077.3533173171984,2966.5759749648482,491.87113413692805,260.6917010925719,1539.0761675959977,1272304.0755097177,6573.538026862609,1077.3533173171984,122454167.64273037
5033,5034.0,30.0,494.0,3932078.2605601903,41197.26958617685,528.41204,1077.3533173171984,2966.5759749648482,491.8711341369281,260.69170109257186,1539.0761675959977,1272304.0755097177,6573.538026862609,1077.3533173171984,122454167.64273037
5034,5035.0,30.0,494.0,2954532.4102612026,56170.74981415948,526.4558000000001,1077.3533173171984,2966.5759749648487,491.8711341369281,260.6917010925719,1539.0761675959977,1272304.0755097177,6573.538026862609,1077.3533173171984,122454167.64273037
5035,5036.0,30.0,494.0,1982265.6172863187,41197.26958617685,525.21092,1077.3533173171984,2965.1095701525974,491.6279978733728,259.2864780639594,1539.0761675959977,1272304.0755097177,6573.538026862609,1077.3533173171984,122454167.64273037
5036,5037.0,30.0,494.0,1004719.766987331,56170.74981415948,524.6774,1077.3533173171984,2966.575974964849,491.8711341369281,260.6917010925719,1539.0761675959977,1272304.0755097177,6573.538026862609,1077.3533173171984,122454167.64273037
5037,5038.0,30.0,494.0,29813.445350395516,56170.74981415948,524.6774,1077.3533173171984,2965.842772558723,491.7495660051505,259.98908957826586,1539.0761675959977,1272304.0755097177,6573.538026862609,1077.3533173171984,122454167.64273037
5038,5039.0,30.0,494.0,0.0,0.0,475.27740000000006,995.3223781235505,2703.31697359024,448.22165248850405,237.55747581890716,1421.8891116050722,1272304.0755097177,6573.538026862609,1077.3533173171984,122454167.64273037
5039,5040.0,30.0,494.0,920790.3348787818,0.0,425.8774000000001,888.245304530675,2439.2603679710237,404.4399246047911,214.35316004053928,1268.92186361525,1272304.0755097177,6573.538026862609,1077.3533173171984,122454167.64273037
5040,5041.0,30.0,494.0,1903706.6645741914,26699.719661924522,423.7278325800967,876.7695557848831,2422.0031471886273,401.5786027205979,212.8366594419169,1252.5279368355473,1272304.0755097177,6573.538026862609,1077.3533173171984,122454167.64273037
5041,5042.0,30.0,494.0,2918737.986475561,36692.97522716317,423.7278325800967,876.7695557848831,2413.082316020305,400.09949030910514,212.05272986382573,1252.5279368355473,1272304.0755097177,6573.538026862609,1077.3533173171984,122454167.64273037
5042,5043.0,30.0,494.0,3970911.4604757056,54640.94534655847,423.7278325800966,871.4658219178039,2402.7650515484233,398.38884321299116,211.14608690288532,1244.9511741682913,1272304.0755097177,6573.538026862609,1077.3533173171984,122454167.64273037
5043,5044.0,30.0,494.0,5054645.72788444,56170.74981415948,423.7278325800966,871.4658219178039,2393.9981644904815,396.93525540117344,210.37568536262194,1244.9511741682913,1272304.0755097177,6573.538026862609,1077.3533173171984,122454167.64273037
5044,5045.0,30.0,494.0,6148844.343251364,52256.92059386894,423.72783258009645,871.4658219178039,2391.091401168762,396.45330146377637,210.12024977580148,1244.9511741682913,1272304.0755097177,6573.538026862609,1077.3533173171984,122454167.64273037
5045,5046.0,30.0,494.0,7250872.987671111,44269.85048944224,423.72783258009645,871.4658219178039,2388.9163930985337,396.0926757136562,209.9291181282378,1244.9511741682913,1272304.0755097177,6573.538026862609,1077.3533173171984,122454167.64273037
5046,5047.0,30.0,494.0,8360716.085597334,32217.64201898873,423.72783258009645,871.4658219178039,2386.7457115689567,395.73276732269863,209.7383666810303,1244.9511741682913,1272304.0755097177,6573.538026862609,1077.3533173171984,122454167.64273037
5047,5048.0,30.0,494.0,9475760.189048387,17459.830772424117,423.72783258009645,871.4658219178039,2385.3009878120597,395.49322587194314,209.61140971212987,1244.9511741682913,1272304.0755097177,6573.538026862609,1077.3533173171984,122454167.64273037
5048,5049.0,30.0,494.0,10595998.409908792,0.0,423.72783258009645,871.4658219178039,2383.8581774205727,395.25400166545245,209.4846208826898,1244.9511741682913,1272304.0755097177,6573.538026862609,1077.3533173171984,122454167.64273037
5049,5050.0,30.0,494.0,11493421.256453035,0.0,436.0609635002507,890.6089606600732,2445.7513369528397,405.5161553508354,214.92356233594276,1272.298515228676,1272304.0755097177,6573.538026862609,1077.3533173171984,122454167.64273037
5050,5051.0,30.0,494.0,11483521.31377021,0.0,485.4609635002507,982.3860075294743,2697.78544507147,447.3045011230918,237.07138559523867,1403.4085821849635,1272304.0755097177,6573.538026862609,1077.3533173171984,122454167.64273037
5051,5052.0,30.0,494.0,10564233.708869921,849.0132145360112,534.8609635002507,1074.2068334639182,2950.393129020765,489.1879482501504,259.2696125725797,1534.5811906627405,1272304.0755097177,6573.538026862609,1077.3533173171984,122454167.64273037
5052,5053.0,30.0,494.0,9648210.236057643,0.0,534.8609635002507,1074.2068334639182,2949.486425662985,489.0376129097847,259.1899348421859,1534.5811906627405,1272304.0755097177,6573.538026862609,1077.3533173171984,122454167.64273037
5053,5054.0,30.0,494.0,8725656.340450116,0.0,534.8609635002507,1074.7023095199372,2951.300431994999,489.3383830095189,259.34934299504505,1535.2890135999105,1272304.0755097177,6573.538026862609,1077.3533173171984,122454167.64273037
5054,5055.0,30.0,494.0,7776894.151255883,0.0,534.8609635002507,1077.3533173171984,2958.580513546861,490.5454520344631,259.98908957826546,1539.0761675959977,1272304.0755097177,6573.538026862609,1077.3533173171984,122454167.64273037
5055,5056.0,30.0,494.0,6800004.622445064,11250.309130213464,534.10292,1077.3533173171984,2966.3936634403576,491.8409060972371,260.51699602446513,1539.0761675959977,1272304.0755097177,6573.538026862609,1077.3533173171984,122454167.64273037
5056,5057.0,30.0,494.0,5822458.772146076,26223.78935819609,531.25748,1077.3533173171984,2966.575974964849,491.87113413692816,260.6917010925719,1539.0761675959977,1272304.0755097177,6573.538026862609,1077.3533173171984,122454167.64273037
5057,5058.0,30.0,494.0,4844912.92184709,41197.26958617685,528.41204,1077.3533173171984,2966.5759749648482,491.8711341369281,260.69170109257186,1539.0761675959977,1272304.0755097177,6573.538026862609,1077.3533173171984,122454167.64273037
5058,5059.0,30.0,494.0,3867367.0715481024,56170.74981415948,526.27796,1077.3533173171984,2966.5759749648487,491.8711341369281,260.6917010925719,1539.0761675959977,1272304.0755097177,6573.538026862609,1077.3533173171984,122454167.64273037
5059,5060.0,30.0,494.0,2895100.2785732206,41197.26958617685,525.03308,1077.3533173171984,2965.1095701525974,491.6279978733728,259.28647806395907,1539.0761675959977,1272304.0755097177,6573.538026862609,1077.3533173171984,122454167.64273037
5060,5061.0,30.0,494.0,1917554.428274233,56170.74981415948,524.6774,1077.3533173171984,2966.575974964849,491.8711341369281,260.6917010925719,1539.0761675959977,1272304.0755097177,6573.538026862609,1077.3533173171984,122454167.64273037
5061,5062.0,30.0,494.0,948762.1891942313,56170.74981415948,524.6774,1077.3533173171984,2964.1444162929083,491.46797118685333,259.9890895782647,1539.0761675959977,1272304.0755097177,6573.538026862609,1077.3533173171984,122454167.64273037
5062,5063.0,30.0,494.0,0.0,56170.74981415948,524.3987981522819,1077.3533173171984,2958.5805135468613,490.5454520344631,259.98908957826546,1539.0761675959977,1272304.0755097177,6573.538026862609,1077.3533173171984,122454167.64273037
5063,5064.0,30.0,494.0,5761.237977350898,0.0,474.9987981522819,991.7239461014517,2693.4351171103103,446.58319792162956,236.68909489846368,1416.7484944306455,1272304.0755097177,6573.538026862609,1077.3533173171984,122454167.64273037
5064,5065.0,30.0,494.0,603481.1227168422,19421.85191548895,444.9398477638487,917.1478888898964,2529.002159676382,419.319502015957,222.23933606845725,1310.2112698427093,1272304.0755097177,6573.538026862609,1077.3533173171984,122454167.64273037
5065,5066.0,30.0,494.0,1234810.5950435556,21359.739807903767,444.9398477638487,917.1478888898964,2519.666163124376,417.77155338727306,221.41892329525473,1310.2112698427093,1272304.0755097177,6573.538026862609,1077.3533173171984,122454167.64273037
5066,5067.0,30.0,494.0,1905011.340783514,44346.25883141253,444.9398477638487,909.1232125009203,2508.868587176254,415.9812685699104,220.47007234205253,1298.7474464298862,1272304.0755097177,6573.538026862609,1077.3533173171984,122454167.64273037
5067,5068.0,30.0,494.0,2602755.8450699244,53004.30440261308,444.9398477638487,909.1232125009203,2501.2175431355713,414.7126923590258,219.7977269502837,1298.7474464298862,1272304.0755097177,6573.538026862609,1077.3533173171984,122454167.64273037
5068,5069.0,30.0,494.0,3311466.664315298,55957.589220333844,444.9398477638487,909.1232125009203,2498.171344535859,414.2076194491488,219.5300383080489,1298.7474464298862,1272304.0755097177,6573.538026862609,1077.3533173171984,122454167.64273037
5069,5070.0,30.0,494.0,4025649.730289202,56064.169517246075,444.9398477638487,909.1232125009203,2496.6512760001565,413.9555855080222,219.39646031925176,1298.7474464298862,1272304.0755097177,6573.538026862609,1077.3533173171984,122454167.64273037
5070,5071.0,30.0,494.0,4739832.796263106,56170.74981415948,444.9398477638487,909.1232125009203,2496.6512760001565,413.9555855080222,219.39646031925176,1298.7474464298862,1272304.0755097177,6573.538026862609,1077.3533173171984,122454167.64273037
5071,5072.0,30.0,494.0,5459480.854417393,53434.39946158975,444.9398477638487,909.1232125009203,2495.133222616717,413.7038856878611,219.26305941456638,1298.7474464298862,1272304.0755097177,6573.538026862609,1077.3533173171984,122454167.64273037
5072,5073.0,30.0,494.0,6187312.830090083,46440.712743694894,444.9398477638487,909.1232125009203,2492.859912194951,413.32696098246487,219.0632893207064,1298.7474464298862,1272304.0755097177,6573.538026862609,1077.3533173171984,122454167.64273037
5073,5074.0,30.0,494.0,6923312.4814704675,35198.138774335384,444.9398477638487,909.1232125009203,2490.5911133872455,412.9507843222032,218.86391569076773,1298.7474464298862,1272304.0755097177,6573.538026862609,1077.3533173171984,122454167.64273037
5074,5075.0,30.0,494.0,7667463.615050312,19715.101540132426,444.9398477638487,909.1232125009203,2488.3268127762844,412.5753534824272,218.66493734568644,1298.7474464298862,1272304.0755097177,6573.538026862609,1077.3533173171984,122454167.64273037
5075,5076.0,30.0,494.0,8419750.085432336,0.0,444.9398477638487,909.1232125009203,2486.066996997901,412.20066624730015,218.46635311106908,1298.7474464298862,1272304.0755097177,6573.538026862609,1077.3533173171984,122454167.64273037
5076,5077.0,30.0,494.0,8266904.767466722,0.0,494.33984776384875,996.8451444131282,2737.492493761134,453.88810162314195,240.56069386026525,1424.0644920187547,1272304.0755097177,6573.538026862609,1077.3533173171984,122454167.64273037
5077,5078.0,30.0,494.0,7479606.52858123,0.0,528.41204,1061.0209990825515,2913.729416238878,483.10894601326646,256.04774138703124,1515.7442844036452,1272304.0755097177,6573.538026862609,1077.3533173171984,122454167.64273037
5078,5079.0,30.0,494.0,6656788.698960392,0.0,528.41204,1064.613858407155,2923.595969220918,484.74486319396686,256.91477749280244,1520.8769405816502,1272304.0755097177,6573.538026862609,1077.3533173171984,122454167.64273037
5079,5080.0,30.0,494.0,5785115.744954597,0.0,528.41204,1069.5556267543475,2937.1668371056285,486.99497181549106,258.10733506221027,1527.9366096490678,1272304.0755097177,6573.538026862609,1077.3533173171984,122454167.64273037
5080,5081.0,30.0,494.0,4860789.872903302,0.0,528.41204,1074.8815475673684,2951.792647673823,489.4199944990699,259.3925970845071,1535.5450679533835,1272304.0755097177,6573.538026862609,1077.3533173171984,122454167.64273037
5081,5082.0,30.0,494.0,3883244.0226043165,14973.480227981912,528.41204,1077.3533173171984,2966.5759749648482,491.8711341369281,260.69170109257186,1539.0761675959977,1272304.0755097177,6573.538026862609,1077.3533173171984,122454167.64273037
5082,5083.0,30.0,494.0,2905698.1723053306,29946.960455963388,526.1001200000001,1077.3533173171984,2966.5759749648482,491.87113413692805,260.6917010925719,1539.0761675959977,1272304.0755097177,6573.538026862609,1077.3533173171984,122454167.64273037
5083,5084.0,30.0,494.0,1928808.643494511,41197.26958617685,524.1438800000001,1077.3533173171984,2966.3936634403576,491.8409060972371,260.5169960244652,1539.0761675959977,1272304.0755097177,6573.538026862609,1077.3533173171984,122454167.64273037
5084,5085.0,30.0,494.0,951262.7931955233,56170.74981415948,523.61036,1077.3533173171984,2966.5759749648487,491.8711341369281,260.6917010925719,1539.0761675959977,1272304.0755097177,6573.538026862609,1077.3533173171984,122454167.64273037
5085,5086.0,30.0,494.0,2500.6040012907206,56170.74981415948,522.2709001154071,1077.3533173171984,2958.580513546862,490.54545203446327,259.98908957826546,1539.0761675959977,1272304.0755097177,6573.538026862609,1077.3533173171984,122454167.64273037
5086,5087.0,30.0,494.0,0.0,0.0,472.87090011540715,992.5596436806419,2695.7300732154886,446.96371157500454,236.89076713475242,1417.9423481152028,1272304.0755097177,6573.538026862609,1077.3533173171984,122454167.64273037
5087,5088.0,30.0,494.0,18725.7200610764,0.0,472.87090011540715,979.4904792538617,2689.833872087053,445.9860959128345,236.3726308338023,1399.2721132198026,1272304.0755097177,6573.538026862609,1077.3533173171984,122454167.64273037
5088,5089.0,30.0,494.0,814713.2059149779,9270.75167374732,433.07414477359794,899.0666517956079,2473.9278260334904,410.18793917065165,217.39960776044538,1284.3809311365828,1272304.0755097177,6573.538026862609,1077.3533173171984,122454167.64273037
5089,5090.0,30.0,494.0,1646343.1970916977,0.0,433.07414477359794,899.0666517956079,2464.0271301104854,408.5463609425899,216.52957129957267,1284.3809311365828,1272304.0755097177,6573.538026862609,1077.3533173171984,122454167.64273037
5090,5091.0,30.0,494.0,2524115.633274867,25743.088377853855,433.07414477359805,887.5910283172813,2451.2097842753615,406.42118953765987,215.40323045495975,1267.9871833104019,1272304.0755097177,6573.538026862609,1077.3533173171984,122454167.64273037
5091,5092.0,30.0,494.0,3436821.4685154725,41903.29870605469,433.07414477359805,885.9208005495259,2441.5060623149616,404.81227044497837,214.55050333583856,1265.60114364218,1272304.0755097177,6573.538026862609,1077.3533173171984,122454167.64273037
5092,5093.0,30.0,494.0,4362882.939515986,51115.80536114331,433.07414477359805,885.9208005495259,2437.796163492765,404.19715316613343,214.22449117805073,1265.60114364218,1272304.0755097177,6573.538026862609,1077.3533173171984,122454167.64273037
5093,5094.0,30.0,494.0,5296936.531227539,56170.74981415948,433.07414477359805,885.9208005495259,2435.5761299619203,403.829061999801,214.02940285989456,1265.60114364218,1272304.0755097177,6573.538026862609,1077.3533173171984,122454167.64273037
5094,5095.0,30.0,494.0,6241621.578268075,55695.130049374886,433.07414477359805,885.9208005495259,2432.6229479260915,403.3394116387334,213.76988816852872,1265.60114364218,1272304.0755097177,6573.538026862609,1077.3533173171984,122454167.64273037
5095,5096.0,30.0,494.0,7191611.796391316,52459.71979012247,433.07414477359805,885.9208005495259,2431.149289292008,403.09507266012827,213.640388509868,1265.60114364218,1272304.0755097177,6573.538026862609,1077.3533173171984,122454167.64273037
5096,5097.0,30.0,494.0,8146900.166498816,46468.17042498011,433.07414477359805,885.9208005495259,2429.677580407491,402.8510569584387,213.5110601879725,1265.60114364218,1272304.0755097177,6573.538026862609,1077.3533173171984,122454167.64273037
5097,5098.0,30.0,494.0,9104834.98478825,39099.918513833545,433.07414477359805,885.9208005495259,2428.942455912509,402.7291701360111,213.4464601720859,1265.60114364218,1272304.0755097177,6573.538026862609,1077.3533173171984,122454167.64273037
5098,5099.0,30.0,494.0,10065414.501702469,30355.874189655297,433.07414477359805,885.9208005495259,2428.2078174056246,402.60736389251304,213.3819028630319,1265.60114364218,1272304.0755097177,6573.538026862609,1077.3533173171984,122454167.64273037
5099,5100.0,30.0,494.0,11028636.96941869,20236.946683200076,433.07414477359805,885.9208005495259,2427.4736644050686,402.4856381480652,213.31738821847458,1265.60114364218,1272304.0755097177,6573.538026862609,1077.3533173171984,122454167.64273037
5100,5101.0,30.0,494.0,11994500.64184621,8744.044324180111,433.07414477359777,885.9208005495259,2426.739996429708,402.3639928228937,213.25291619613367,1265.60114364218,1272304.0755097177,6573.538026862609,1077.3533173171984,122454167.64273037
5101,5102.0,30.0,494.0,12955080.158760434,0.0,433.07414477359777,885.9208005495259,2428.2078174056232,402.6073638925128,213.3819028630318,1265.60114364218,1272304.0755097177,6573.538026862609,1077.3533173171984,122454167.64273037
5102,5103.0,30.0,494.0,12993743.74988648,0.0,480.91649832719975,977.4737340018614,2684.2955745690065,445.0678222180503,235.88594577556668,1396.3910485740878,1272304.0755097177,6573.538026862609,1077.3533173171984,122454167.64273037
5103,5104.0,30.0,494.0,12993743.74988648,0.0,480.91649832719975,981.3846136326231,2695.0354609929072,446.8485418626528,236.82972718720598,1401.9780194751759,1272304.0755097177,6573.538026862609,1077.3533173171984,122454167.64273037
5104,5105.0,30.0,494.0,12112691.411647687,0.0,525.92228,1070.5043653913337,2939.7722216147945,487.42695584158747,258.33628659604136,1529.2919505590482,1272304.0755097177,6573.538026862609,1077.3533173171984,122454167.64273037
5105,5106.0,30.0,494.0,11185291.086380187,0.0,525.92228,1075.1925330735983,2952.646662456102,489.56159384561437,259.46764473817564,1535.9893329622832,1272304.0755097177,6573.538026862609,1077.3533173171984,122454167.64273037
5106,5107.0,30.0,494.0,10224516.837856043,12907.106424719392,525.92228,1076.058639809777,2961.917196694059,491.09868853934887,260.28230492585493,1537.2266282996818,1272304.0755097177,6573.538026862609,1077.3533173171984,122454167.64273037
5107,5108.0,30.0,494.0,9246970.987557055,34538.92811943917,525.92228,1076.058639809777,2966.575974964849,491.8711341369282,260.6917010925719,1537.2266282996816,1272304.0755097177,6573.538026862609,1077.3533173171984,122454167.64273037
5108,5109.0,30.0,494.0,8269425.137258068,56170.74981415948,525.7444399999999,1076.058639809777,2966.5759749648487,491.87113413692816,260.6917010925719,1537.2266282996816,1272304.0755097177,6573.538026862609,1077.3533173171984,122454167.64273037
5109,5110.0,30.0,494.0,7574596.750230085,0.0,511.13119136015183,1062.589626555819,2888.0433462784586,478.85008446056287,253.79054476409834,1517.9851807940272,1272304.0755097177,6573.538026862609,1077.3533173171984,122454167.64273037
5110,5111.0,30.0,494.0,7827498.4901618175,11157.928716617325,461.73119136015185,953.6336300060594,2624.7849776785374,435.20070772892024,230.65637509632774,1362.3337571515135,1272304.0755097177,6573.538026862609,1077.3533173171984,122454167.64273037
5111,5112.0,30.0,494.0,8097992.348531233,13164.303131774068,461.73119136015185,953.6336300060594,2619.898278112514,434.3904717942903,230.22695005097387,1362.3337571515135,1272304.0755097177,6573.538026862609,1077.3533173171984,122454167.64273037
5112,5113.0,30.0,494.0,8397648.942256212,0.0,461.73119136015185,953.6336300060594,2611.7975182915243,433.04733076094186,229.5150853032992,1362.3337571515135,1272304.0755097177,6573.538026862609,1077.3533173171984,122454167.64273037
5113,5114.0,30.0,494.0,8729159.2617258,28721.15646481514,461.73119136015185,942.2671834449525,2602.949261140244,431.58025143552965,228.73753326083073,1346.0959763499322,1272304.0755097177,6573.538026862609,1077.3533173171984,122454167.64273037
5114,5115.0,30.0,494.0,9098014.05962986,38015.43017737195,461.73119136015185,942.2671834449525,2592.575794908447,429.8602858444156,227.82595149754027,1346.0959763499322,1272304.0755097177,6573.538026862609,1077.3533173171984,122454167.64273037
5115,5116.0,30.0,494.0,9498216.435611881,50779.642886585556,461.73119136015185,938.4216190326996,2583.8681343312346,428.416518039398,227.06075456088095,1340.6023129038567,1272304.0755097177,6573.538026862609,1077.3533173171984,122454167.64273037
5116,5117.0,30.0,494.0,9912592.201806264,56170.74981415948,461.73119136015185,938.4216190326996,2579.931081494468,427.7637376419567,226.71478095023707,1340.6023129038567,1272304.0755097177,6573.538026862609,1077.3533173171984,122454167.64273037
5117,5118.0,30.0,494.0,10338272.925941842,55680.93132385053,461.73119136015185,938.4216190326996,2576.790815399692,427.2430679343327,226.43882600519635,1340.6023129038567,1272304.0755097177,6573.538026862609,1077.3533173171984,122454167.64273037
5118,5119.0,30.0,494.0,10772412.75664255,50790.621025414206,461.73119136015185,938.4216190326996,2574.441063576044,426.8534689137138,226.23233852426833,1340.6023129038567,1272304.0755097177,6573.538026862609,1077.3533173171984,122454167.64273037
5119,5120.0,30.0,494.0,11212182.680479778,42971.49329980556,461.73119136015185,938.4216190326996,2572.8771488158995,426.59416507883566,226.09490749178292,1340.6023129038567,1272304.0755097177,6573.538026862609,1077.3533173171984,122454167.64273037
5120,5121.0,30.0,494.0,11651952.604317004,35152.365574198775,461.73119136015185,938.4216190326996,2572.8771488158995,426.59416507883566,226.09490749178292,1340.6023129038567,1272304.0755097177,6573.538026862609,1077.3533173171984,122454167.64273037
5121,5122.0,30.0,494.0,12094534.786883174,25870.279390301555,461.73119136015185,938.4216190326996,2572.0959658356383,426.4646415602364,226.02626002692529,1340.6023129038567,1272304.0755097177,6573.538026862609,1077.3533173171984,122454167.64273037
5122,5123.0,30.0,494.0,12542735.92042548,13665.172016118653,461.7311913601522,938.4216190326996,2570.5351461200444,426.20585089713813,225.88910097548322,1340.6023129038567,1272304.0755097177,6573.538026862609,1077.3533173171984,122454167.64273037
5123,5124.0,30.0,494.0,12993743.74988648,0.0,461.7311913601522,938.4216190326996,2569.7555083648517,426.076583583542,225.82058929927726,1340.6023129038567,1272304.0755097177,6573.538026862609,1077.3533173171984,122454167.64273037
5124,5125.0,30.0,494.0,12993743.74988648,0.0,486.36819775439994,981.3846136326232,2695.0354609929077,446.84854186265284,236.829727187206,1401.978019475176,1272304.0755097177,6573.538026862609,1077.3533173171984,122454167.64273037
5125,5126.0,30.0,494.0,12242526.954544924,0.0,526.4558000000001,1057.3713075124008,2903.7067930322287,481.4471517139513,255.1669904083942,1510.5304393034298,1272304.0755097177,6573.538026862609,1077.3533173171984,122454167.64273037
5126,5127.0,30.0,494.0,11436510.534054678,0.0,526.4558000000001,1062.9143709352666,2918.9289111290873,483.9710447662292,256.5046537261015,1518.4491013360953,1272304.0755097177,6573.538026862609,1077.3533173171984,122454167.64273037
5127,5128.0,30.0,494.0,10578349.95368881,0.0,526.4558000000001,1068.188830104255,2933.4133999834266,486.37263569809875,257.77749691999236,1525.9840430060785,1272304.0755097177,6573.538026862609,1077.3533173171984,122454167.64273037
5128,5129.0,30.0,494.0,9660857.506394006,0.0,526.4558000000001,1074.190336510398,2949.8944741303526,489.1052691114532,259.2257926290702,1534.557623586283,1272304.0755097177,6573.538026862609,1077.3533173171984,122454167.64273037
5129,5130.0,30.0,494.0,8683311.656095019,14973.480227983082,526.4558000000001,1077.3533173171984,2966.5759749648487,491.8711341369281,260.6917010925719,1539.0761675959977,1272304.0755097177,6573.538026862609,1077.3533173171984,122454167.64273037
5130,5131.0,30.0,494.0,7706422.127284199,26223.789358193055,524.32172,1077.3533173171984,2966.3936634403576,491.8409060972371,260.5169960244652,1539.0761675959977,1272304.0755097177,6573.538026862609,1077.3533173171984,122454167.64273037
5131,5132.0,30.0,494.0,6728876.276985213,41197.26958617568,522.72116,1077.3533173171984,2966.5759749648482,491.8711341369281,260.6917010925719,1539.0761675959977,1272304.0755097177,6573.538026862609,1077.3533173171984,122454167.64273037
5132,5133.0,30.0,494.0,5751330.426686225,56170.74981415948,522.36548,1077.3533173171984,2966.5759749648487,491.8711341369282,260.691701092572,1539.0761675959977,1272304.0755097177,6573.538026862609,1077.3533173171984,122454167.64273037
5133,5134.0,30.0,494.0,4782565.229308045,56170.74981415948,522.36548,1077.3533173171984,2964.136904709069,491.4667257337473,259.98908957826524,1539.0761675959977,1272304.0755097177,6573.538026862609,1077.3533173171984,122454167.64273037
5134,5135.0,30.0,494.0,4405177.667142464,0.0,491.6502027616797,1030.480015943617,2799.865339372235,464.2297893361773,246.04178834817398,1472.1143084908815,1272304.0755097177,6573.538026862609,1077.3533173171984,122454167.64273037
5135,5136.0,30.0,494.0,4980126.678607293,10803.251748607494,442.2502027616797,921.1270354417708,2535.3274022526775,420.36825460680564,222.795174941607,1315.8957649168156,1272304.0755097177,6573.538026862609,1077.3533173171984,122454167.64273037
5136,5137.0,30.0,494.0,5572108.833073549,12745.732484655455,442.2502027616797,921.1270354417708,2530.5959736411683,419.58376326834986,222.37939453222543,1315.8957649168156,1272304.0755097177,6573.538026862609,1077.3533173171984,122454167.64273037
5137,5138.0,30.0,494.0,6192326.277208073,0.0,442.2502027616797,921.1270354417708,2522.7528376222062,418.2833373762125,221.69016880939265,1315.8957649168156,1272304.0755097177,6573.538026862609,1077.3533173171984,122454167.64273037
5138,5139.0,30.0,494.0,6865669.101842262,40312.47229857184,442.2502027616797,905.4364511979411,2507.995787483411,415.83655460390514,220.39337394006975,1293.4806445684874,1272304.0755097177,6573.538026862609,1077.3533173171984,122454167.64273037
5139,5140.0,30.0,494.0,7591464.671982475,53338.625984673075,442.2502027616797,905.4364511979411,2493.4255803984056,413.42075121845625,219.11299814578183,1293.4806445684874,1272304.0755097177,6573.538026862609,1077.3533173171984,122454167.64273037
5140,5141.0,30.0,494.0,8339147.453166952,54978.88540859707,442.2502027616797,905.4364511979411,2487.345799552775,412.41269724475694,218.5787295397212,1293.4806445684874,1272304.0755097177,6573.538026862609,1077.3533173171984,122454167.64273037
5141,5142.0,30.0,494.0,9095007.966242062,56170.74981415948,442.2502027616797,904.6964493992342,2485.0742073609326,412.0360574293174,218.37911043753823,1292.4234991417632,1272304.0755097177,6573.538026862609,1077.3533173171984,122454167.64273037
5142,5143.0,30.0,494.0,9861746.817305978,51703.61975769233,442.2502027616797,904.6964493992342,2482.0524468084864,411.53503645342965,218.11356932031774,1292.4234991417632,1272304.0755097177,6573.538026862609,1077.3533173171984,122454167.64273037
5143,5144.0,30.0,494.0,10636625.506319886,43002.083863845095,442.2502027616797,904.6964493992342,2479.791380711267,411.1601419100289,217.91487521231534,1292.4234991417632,1272304.0755097177,6573.538026862609,1077.3533173171984,122454167.64273037
5144,5145.0,30.0,494.0,11419627.873608442,30074.548519080505,442.2502027616797,904.6964493992342,2477.5348034127533,410.78599162887843,217.71657556330558,1292.4234991417632,1272304.0755097177,6573.538026862609,1077.3533173171984,122454167.64273037
5145,5146.0,30.0,494.0,12205334.550930828,15740.210451259278,442.25020276167953,904.6964493992342,2476.783606181134,410.66143987716356,217.6505631348967,1292.4234991417632,1272304.0755097177,6573.538026862609,1077.3533173171984,122454167.64273037
5146,5147.0,30.0,494.0,12993743.74988648,0.0,442.25020276167953,904.6964493992342,2476.032905727449,410.53697049337995,217.58459436149138,1292.4234991417632,1272304.0755097177,6573.538026862609,1077.3533173171984,122454167.64273037
5147,5148.0,30.0,494.0,12993743.74988648,0.0,484.9251008471999,981.3846136326232,2695.0354609929077,446.84854186265284,236.829727187206,1401.978019475176,1272304.0755097177,6573.538026862609,1077.3533173171984,122454167.64273037
5148,5149.0,30.0,494.0,12196843.650401957,0.0,528.2342,1061.9922415341837,2916.396599738608,483.5511765794259,256.2821235870957,1517.1317736202625,1272304.0755097177,6573.538026862609,1077.3533173171984,122454167.64273037
5149,5150.0,30.0,494.0,11393489.77219557,3357.3049563067034,528.2342,1061.9922415341837,2918.1893160502377,483.8484167016504,256.43966085187475,1517.1317736202625,1272304.0755097177,6573.538026862609,1077.3533173171984,122454167.64273037
5150,5151.0,30.0,494.0,10541459.02272204,0.0,528.2342,1068.2215979080472,2931.7106691799995,486.09031556253524,257.6278672481437,1526.0308541543534,1272304.0755097177,6573.538026862609,1077.3533173171984,122454167.64273037
5151,5152.0,30.0,494.0,9640263.54009669,0.0,528.2342,1072.5418743445002,2945.3675394999486,488.3546837599868,258.82798239279305,1532.2026776350006,1272304.0755097177,6573.538026862609,1077.3533173171984,122454167.64273037
5152,5153.0,30.0,494.0,8662717.689797703,14973.480227983082,528.2342,1077.3533173171984,2966.575974964849,491.8711341369282,260.6917010925719,1539.0761675959977,1272304.0755097177,6573.538026862609,1077.3533173171984,122454167.64273037
5153,5154.0,30.0,494.0,7685828.160986881,26223.789358193295,524.49956,1077.3533173171984,2966.3936634403576,491.8409060972371,260.51699602446513,1539.0761675959977,1272304.0755097177,6573.538026862609,1077.3533173171984,122454167.64273037
5154,5155.0,30.0,494.0,6708282.310687893,41197.26958617685,522.0098,1077.3533173171984,2966.5759749648487,491.87113413692816,260.691701092572,1539.0761675959977,1272304.0755097177,6573.538026862609,1077.3533173171984,122454167.64273037
5155,5156.0,30.0,494.0,5730736.460388905,56170.74981415948,520.76492,1077.3533173171984,2966.575974964849,491.8711341369282,260.6917010925719,1539.0761675959977,1272304.0755097177,6573.538026862609,1077.3533173171984,122454167.64273037
5156,5157.0,30.0,494.0,4755830.1387519725,56170.74981415948,520.4092400000001,1077.3533173171984,2965.8427725587226,491.74956600515037,259.98908957826535,1539.0761675959977,1272304.0755097177,6573.538026862609,1077.3533173171984,122454167.64273037
5157,5158.0,30.0,494.0,3807067.9495577402,56170.74981415948,519.0790530600945,1077.3533173171984,2958.580513546861,490.5454520344631,259.98908957826546,1539.0761675959977,1272304.0755097177,6573.538026862609,1077.3533173171984,122454167.64273037
5158,5159.0,30.0,494.0,3813435.1820103545,0.0,469.67905306009436,991.6626488608022,2693.2667853116286,446.55528778097323,236.67430252391583,1416.6609269440032,1272304.0755097177,6573.538026862609,1077.3533173171984,122454167.64273037
5159,5160.0,30.0,494.0,4059573.472534651,15335.435545710847,458.03549019245764,953.5054699580628,2626.6637136250474,435.51221027884725,230.82147144778907,1362.1506713686613,1272304.0755097177,6573.538026862609,1077.3533173171984,122454167.64273037
5160,5161.0,30.0,494.0,4329377.427661415,18359.811712369323,458.03549019245764,953.5054699580628,2620.08991790214,434.4222465007076,230.24379064537504,1362.1506713686613,1272304.0755097177,6573.538026862609,1077.3533173171984,122454167.64273037
5161,5162.0,30.0,494.0,4640288.407176545,0.0,458.0354901924576,953.5054699580628,2608.671300016483,432.52899024262007,229.24036482858864,1362.1506713686613,1272304.0755097177,6573.538026862609,1077.3533173171984,122454167.64273037
5162,5163.0,30.0,494.0,5015016.110311938,41842.075490287505,458.0354901924576,935.3443911290917,2590.944432344187,429.5897988717432,227.6825934020239,1336.2062730415596,1272304.0755097177,6573.538026862609,1077.3533173171984,122454167.64273037
5163,5164.0,30.0,494.0,5446947.149687633,53926.53880429454,458.0354901924576,935.3443911290917,2575.0546167218813,426.95519868036837,226.28625530059526,1336.2062730415596,1272304.0755097177,6573.538026862609,1077.3533173171984,122454167.64273037
5164,5165.0,30.0,494.0,5898719.6620625,55689.31640341319,458.0354901924576,935.3443911290917,2569.543096444334,426.041364767934,225.80192332700503,1336.2062730415596,1272304.0755097177,6573.538026862609,1077.3533173171984,122454167.64273037
5165,5166.0,30.0,494.0,6356144.217811698,56170.74981415948,458.0354901924576,935.0218288113011,2567.973084395908,425.78104997627355,225.663956487425,1335.7454697304304,1272304.0755097177,6573.538026862609,1077.3533173171984,122454167.64273037
5166,5167.0,30.0,494.0,6819213.311593706,53715.85145241884,458.0354901924576,935.0218288113011,2566.405157164572,425.5210808563084,225.52617285384346,1335.7454697304304,1272304.0755097177,6573.538026862609,1077.3533173171984,122454167.64273037
5167,5168.0,30.0,494.0,7293549.02513545,45399.97148744669,458.0354901924576,935.0218288113011,2563.2755405646453,425.0021768810148,225.25115374693786,1335.7454697304304,1272304.0755097177,6573.538026862609,1077.3533173171984,122454167.64273037
5168,5169.0,30.0,494.0,7776315.112800779,32698.54654977098,458.0354901924576,935.0218288113011,2560.9337699747607,424.61390118349163,225.04536762725058,1335.7454697304304,1272304.0755097177,6573.538026862609,1077.3533173171984,122454167.64273037
5169,5170.0,30.0,494.0,8264692.148768481,17078.263473789208,458.0354901924576,935.0218288113011,2559.375173224101,424.35547909759913,224.90840392172754,1335.7454697304304,1272304.0755097177,6573.538026862609,1077.3533173171984,122454167.64273037
5170,5171.0,30.0,494.0,8755871.874092896,0.0,458.0354901924576,935.0218288113011,2558.5966484027927,424.226396313257,224.83999004602623,1335.7454697304304,1272304.0755097177,6573.538026862609,1077.3533173171984,122454167.64273037
5171,5172.0,30.0,494.0,8911486.798224377,0.0,476.34443999999996,965.6439330775148,2651.8090931786073,439.68142302232326,233.03115420183133,1379.4913329678784,1272304.0755097177,6573.538026862609,1077.3533173171984,122454167.64273037
5172,5173.0,30.0,494.0,8160569.253492631,11008.497923780233,525.7444399999999,1055.200496606084,2903.623667862837,481.43336920115246,255.15968567661085,1507.4292808658345,1272304.0755097177,6573.538026862609,1077.3533173171984,122454167.64273037
5173,5174.0,30.0,494.0,7406441.090869613,23687.183782987297,525.7444399999999,1055.200496606084,2904.5155061659684,481.5812398511307,255.2380571210993,1507.4292808658342,1272304.0755097177,6573.538026862609,1077.3533173171984,122454167.64273037
5174,5175.0,30.0,494.0,6613619.241903117,0.0,525.7444399999999,1066.185561732075,2915.2637523724898,483.3633455838676,256.1825731594499,1523.1222310458215,1272304.0755097177,6573.538026862609,1077.3533173171984,122454167.64273037
5175,5176.0,30.0,494.0,5775263.2979797665,0.0,525.7444399999999,1066.185561732075,2927.912112082727,485.4604983580251,257.29406412975334,1523.1222310458215,1272304.0755097177,6573.538026862609,1077.3533173171984,122454167.64273037
5176,5177.0,30.0,494.0,4864488.289577745,0.0,525.7444399999999,1073.5108575956992,2948.028518882358,488.7958856566468,259.0618193980228,1533.5869394224276,1272304.0755097177,6573.538026862609,1077.3533173171984,122454167.64273037
5177,5178.0,30.0,494.0,3886942.439278757,14973.480227983082,525.7444399999999,1077.3533173171984,2966.5759749648487,491.87113413692816,260.6917010925719,1539.0761675959977,1272304.0755097177,6573.538026862609,1077.3533173171984,122454167.64273037
5178,5179.0,30.0,494.0,2909396.5889797695,29946.96045596525,523.25468,1077.3533173171984,2966.5759749648487,491.8711341369281,260.6917010925719,1539.0761675959977,1272304.0755097177,6573.538026862609,1077.3533173171984,122454167.64273037
5179,5180.0,30.0,494.0,1932507.0601689508,41197.26958617592,521.6541199999999,1077.3533173171984,2966.3936634403567,491.84090609723694,260.5169960244646,1539.0761675959977,1272304.0755097177,6573.538026862609,1077.3533173171984,122454167.64273037
5180,5181.0,30.0,494.0,954961.2098699631,56170.74981415948,521.47628,1077.3533173171984,2966.575974964849,491.8711341369282,260.691701092572,1539.0761675959977,1272304.0755097177,6573.538026862609,1077.3533173171984,122454167.64273037
5181,5182.0,30.0,494.0,0.0,56170.74981415948,520.8561963799999,1077.3533173171984,2960.302463734564,490.83095882710904,259.989089578265,1539.0761675959977,1272304.0755097177,6573.538026862609,1077.3533173171984,122454167.64273037
5182,5183.0,30.0,494.0,0.0,0.0,471.4561963799999,992.3067038742652,2695.0354609929077,446.8485418626529,236.82972718720603,1417.5810055346647,1272304.0755097177,6573.538026862609,1077.3533173171984,122454167.64273037
5183,5184.0,30.0,494.0,379366.81515488547,12560.069936218672,452.4135555816486,940.5688613646671,2589.6557901165506,429.37613641396246,227.56935229940012,1343.6698019495245,1272304.0755097177,6573.538026862609,1077.3533173171984,122454167.64273037
5184,5185.0,30.0,494.0,779069.2087383308,14541.416741405614,452.4135555816486,940.5688613646671,2584.007018330839,428.43954560753565,227.07295917199392,1343.6698019495245,1272304.0755097177,6573.538026862609,1077.3533173171984,122454167.64273037
5185,5186.0,30.0,494.0,1210533.46524195,0.0,452.4135555816486,940.5688613646671,2575.184278630791,426.97669718596137,226.29764950855954,1343.6698019495245,1272304.0755097177,6573.538026862609,1077.3533173171984,122454167.64273037
5186,5187.0,30.0,494.0,1690623.219263833,32979.294549172744,452.4135555816486,926.4101818093746,2561.677195986829,424.73716443337594,225.11069714968926,1323.4431168705353,1272304.0755097177,6573.538026862609,1077.3533173171984,122454167.64273037
5187,5188.0,30.0,494.0,2221597.981636828,39487.8193212403,452.4135555816486,926.4101818093746,2547.5424714448536,422.3935659380578,223.86858994717065,1323.4431168705353,1272304.0755097177,6573.538026862609,1077.3533173171984,122454167.64273037
5188,5189.0,30.0,494.0,2774992.7760977894,34333.27225689124,452.4135555816486,926.4101818093746,2541.3146847537514,421.36097195470245,223.3213151359923,1323.4431168705353,1272304.0755097177,6573.538026862609,1077.3533173171984,122454167.64273037
5189,5190.0,30.0,494.0,3342339.617186593,48358.331133804284,452.4135555816486,921.2695437620356,2537.439116246018,420.7183859250806,222.98074454029273,1316.0993482314796,1272304.0755097177,6573.538026862609,1077.3533173171984,122454167.64273037
5190,5191.0,30.0,494.0,3923592.264392324,55149.48351818137,452.4135555816486,921.2695437620356,2533.576392324674,420.0779295834655,222.64130267923673,1316.0993482314796,1272304.0755097177,6573.538026862609,1077.3533173171984,122454167.64273037
5191,5192.0,30.0,494.0,4515936.41759743,56170.74981415948,452.4135555816486,921.2695437620356,2530.495418435934,419.5670907801819,222.37055811349643,1316.0993482314796,1272304.0755097177,6573.538026862609,1077.3533173171984,122454167.64273037
5192,5193.0,30.0,494.0,5119342.746586887,51437.387823531404,452.4135555816486,921.2695437620356,2527.4225918291695,419.05760283150624,222.10052950069831,1316.0993482314796,1272304.0755097177,6573.538026862609,1077.3533173171984,122454167.64273037
5193,5194.0,30.0,494.0,5736535.726636944,39532.10471019894,452.4135555816486,921.2695437620356,2523.5929665345584,418.4226343854336,221.76399622427982,1316.0993482314796,1272304.0755097177,6573.538026862609,1077.3533173171984,122454167.64273037
5194,5195.0,30.0,494.0,6364725.313362658,21906.302861130796,452.4135555816486,921.2695437620356,2520.5383535690985,417.9161663373035,221.49556815877085,1316.0993482314796,1272304.0755097177,6573.538026862609,1077.3533173171984,122454167.64273037
5195,5196.0,30.0,494.0,7001143.347223828,0.0,452.4135555816486,921.2695437620356,2518.2526738092492,417.53719074212626,221.29471109332692,1316.0993482314796,1272304.0755097177,6573.538026862609,1077.3533173171984,122454167.64273037
5196,5197.0,30.0,494.0,7183928.031959021,0.0,477.38744801639734,962.8956714643779,2644.261937455354,438.4300719440322,232.36793813033708,1375.5652449491113,1272304.0755097177,6573.538026862609,1077.3533173171984,122454167.64273037
5197,5198.0,30.0,494.0,6455375.647057196,0.0,526.7874480163973,1055.078768755641,2897.4111234656366,480.4033024560851,254.6137503017251,1507.25538393663,1272304.0755097177,6573.538026862609,1077.3533173171984,122454167.64273037
5198,5199.0,30.0,494.0,5688409.993210385,19982.87573448848,526.7874480163958,1055.078768755641,2908.081475950355,482.1724930726718,255.55142132851606,1507.25538393663,1272304.0755097177,6573.538026862609,1077.3533173171984,122454167.64273037
5199,5200.0,30.0,494.0,4863249.822419567,0.0,526.7874480163958,1068.73634886383,2924.246619545912,484.85274383345904,256.9719542317333,1526.7662126626144,1272304.0755097177,6573.538026862609,1077.3533173171984,122454167.64273037
5200,5201.0,30.0,494.0,3959404.9417233625,0.0,526.7874480163958,1072.8098648918685,2946.10348340852,488.47670644473345,258.89265441570876,1532.585521274098,1272304.0755097177,6573.538026862609,1077.3533173171984,122454167.64273037
5201,5202.0,30.0,494.0,2989016.178052306,11250.30913021136,526.7874480163958,1077.3533173171984,2964.5878953459787,491.5415019329528,260.516996024465,1539.0761675959977,1272304.0755097177,6573.538026862609,1077.3533173171984,122454167.64273037
5202,5203.0,30.0,494.0,2011470.3277533185,26223.789358193986,523.96604,1077.3533173171984,2966.5759749648487,491.8711341369281,260.6917010925719,1539.0761675959977,1272304.0755097177,6573.538026862609,1077.3533173171984,122454167.64273037
5203,5204.0,30.0,494.0,1033924.4774543308,41197.26958617661,521.47628,1077.3533173171984,2966.575974964849,491.8711341369282,260.691701092572,1539.0761675959977,1272304.0755097177,6573.538026862609,1077.3533173171984,122454167.64273037
5204,5205.0,30.0,494.0,56378.62715534307,56170.74981415948,520.4092400000001,1077.3533173171984,2966.5759749648487,491.8711341369281,260.6917010925719,1539.0761675959977,1272304.0755097177,6573.538026862609,1077.3533173171984,122454167.64273037
5205,5206.0,30.0,494.0,22051.185440681875,0.0,471.0092400000001,995.7789755559202,2704.5708614692026,448.42955252487957,237.66766283818617,1422.5413936513146,1272304.0755097177,6573.538026862609,1077.3533173171984,122454167.64273037
5206,5207.0,30.0,494.0,0.0,0.0,471.0092400000001,983.6151237705194,2701.1607902819856,447.864147965381,237.36799842165195,1405.1644625293136,1272304.0755097177,6573.538026862609,1077.3533173171984,122454167.64273037
5207,5208.0,30.0,494.0,479918.9097796516,13946.447047595866,445.4419590846572,930.1282944167003,2561.7246527207826,424.7450329652285,225.11486747157113,1328.754706309572,1272304.0755097177,6573.538026862609,1077.3533173171984,122454167.64273037
5208,5209.0,30.0,494.0,982884.136019161,15904.02434774302,445.4419590846572,930.1282944167003,2555.3228981485986,423.6835943543655,224.55230500781371,1328.754706309572,1272304.0755097177,6573.538026862609,1077.3533173171984,122454167.64273037
5209,5210.0,30.0,494.0,1520184.8861845154,0.0,445.4419590846573,930.1282944167003,2545.785252613642,422.1022114516975,223.71417206939967,1328.754706309572,1272304.0755097177,6573.538026862609,1077.3533173171984,122454167.64273037
5210,5211.0,30.0,494.0,2119715.2362912195,32434.051936636213,445.44195908465724,914.4346076266175,2528.4992526299343,419.2361178513884,222.1951424612359,1306.3351537523108,1272304.0755097177,6573.538026862609,1077.3533173171984,122454167.64273037
5211,5212.0,30.0,494.0,2775025.217559536,35851.113946838304,445.4419590846572,914.4346076266175,2513.0049106405977,416.6670888997228,220.8335571168531,1306.3351537523108,1272304.0755097177,6573.538026862609,1077.3533173171984,122454167.64273037
5212,5213.0,30.0,494.0,3455193.898144312,50243.06687185448,445.4419590846573,909.7861067262246,2506.099716386025,415.52217781094726,220.22675423980206,1299.694438180321,1272304.0755097177,6573.538026862609,1077.3533173171984,122454167.64273037
5213,5214.0,30.0,494.0,4151852.520348547,56056.826289763674,445.4419590846572,909.7861067262246,2501.5191770472866,414.7627045668714,219.82423342044183,1299.694438180321,1272304.0755097177,6573.538026862609,1077.3533173171984,122454167.64273037
5214,5215.0,30.0,494.0,4859467.990407366,56170.74981415948,445.4419590846572,909.7861067262246,2498.4756081987907,414.25806768112597,219.55677587099677,1299.694438180321,1272304.0755097177,6573.538026862609,1077.3533173171984,122454167.64273037
5215,5216.0,30.0,494.0,5575282.04430048,52019.70744372066,445.4419590846573,909.7861067262246,2496.198223800376,413.8804674927717,219.356647771169,1299.694438180321,1272304.0755097177,6573.538026862609,1077.3533173171984,122454167.64273037
5216,5217.0,30.0,494.0,6296552.775367435,45030.05995368678,445.44195908465724,909.7861067262246,2494.6824801409816,413.6291506348523,219.22344983647173,1299.694438180321,1272304.0755097177,6573.538026862609,1077.3533173171984,122454167.64273037
5217,5218.0,30.0,494.0,7025994.990012599,33789.5443288926,445.44195908465724,909.7861067262246,2492.412623591473,413.2527985964225,219.02398325610395,1299.694438180321,1272304.0755097177,6573.538026862609,1077.3533173171984,122454167.64273037
5218,5219.0,30.0,494.0,7763592.492529796,18306.58569933381,445.44195908465724,909.7861067262246,2490.147265849242,412.87719247970733,218.8249120142449,1299.694438180321,1272304.0755097177,6573.538026862609,1077.3533173171984,122454167.64273037
5219,5220.0,30.0,494.0,8506617.879775535,0.0,445.44195908465724,909.7861067262246,2488.6395200913134,412.627201708461,218.69241690548432,1299.694438180321,1272304.0755097177,6573.538026862609,1077.3533173171984,122454167.64273037
5220,5221.0,30.0,494.0,8338495.7027803995,0.0,494.8419590846573,998.3904213794037,2741.7360657137788,454.59170421641903,240.9336032347021,1426.2720305420055,1272304.0755097177,6573.538026862609,1077.3533173171984,122454167.64273037
5221,5222.0,30.0,494.0,7593916.074774217,0.0,525.92228,1056.6999481848816,2901.8631354390695,481.14146530680716,255.0049766126078,1509.5713545498309,1272304.0755097177,6573.538026862609,1077.3533173171984,122454167.64273037
5222,5223.0,30.0,494.0,6804268.113999093,23444.890737418085,525.92228,1056.6999481848816,2914.3821167637757,483.2171665847746,256.10509828993054,1509.5713545498309,1272304.0755097177,6573.538026862609,1077.3533173171984,122454167.64273037
5223,5224.0,30.0,494.0,5965865.762268033,0.0,525.92228,1070.7489847052059,2927.9250031404245,485.46263575117575,257.29519694812313,1529.6414067217227,1272304.0755097177,6573.538026862609,1077.3533173171984,122454167.64273037
5224,5225.0,30.0,494.0,5055068.327056391,0.0,525.92228,1073.5131261007805,2948.034748551697,488.79691856278134,259.0623668382741,1533.5901801439722,1272304.0755097177,6573.538026862609,1077.3533173171984,122454167.64273037
5225,5226.0,30.0,494.0,4077522.4767574035,14973.480227983082,525.92228,1077.3533173171984,2966.575974964849,491.8711341369282,260.6917010925719,1539.0761675959977,1272304.0755097177,6573.538026862609,1077.3533173171984,122454167.64273037
5226,5227.0,30.0,494.0,3099976.6264584158,29946.96045596525,523.61036,1077.3533173171984,2966.5759749648487,491.8711341369281,260.6917010925719,1539.0761675959977,1272304.0755097177,6573.538026862609,1077.3533173171984,122454167.64273037
5227,5228.0,30.0,494.0,2122430.776159428,44920.44068394974,522.0098,1077.3533173171984,2966.5759749648487,491.87113413692816,260.691701092572,1539.0761675959977,1272304.0755097177,6573.538026862609,1077.3533173171984,122454167.64273037
5228,5229.0,30.0,494.0,1145541.2473486084,56170.74981415948,521.1206,1077.3533173171984,2966.3936634403576,491.8409060972371,260.5169960244653,1539.0761675959977,1272304.0755097177,6573.538026862609,1077.3533173171984,122454167.64273037
5229,5230.0,30.0,494.0,196779.05815437876,56170.74981415948,519.0790530600946,1077.3533173171984,2958.5805135468613,490.54545203446315,259.98908957826546,1539.0761675959977,1272304.0755097177,6573.538026862609,1077.3533173171984,122454167.64273037
5230,5231.0,30.0,494.0,0.0,0.0,479.5174601312916,1012.2111976857076,2749.696310480235,455.91154724566445,241.63312004020216,1446.0159966938681,1272304.0755097177,6573.538026862609,1077.3533173171984,122454167.64273037
5231,5232.0,30.0,494.0,749244.8386923461,12092.260223736987,430.11746013129175,903.2461132736058,2486.9118946894782,412.34075394075313,218.54059958859918,1290.3515903908656,1272304.0755097177,6573.538026862609,1077.3533173171984,122454167.64273037
5232,5233.0,30.0,494.0,1515282.4367072657,15448.798859635368,430.11746013129175,903.2461132736058,2482.247239322096,411.56733389512647,218.13068696441704,1290.3515903908656,1272304.0755097177,6573.538026862609,1077.3533173171984,122454167.64273037
5233,5234.0,30.0,494.0,2317469.710895706,0.0,430.11746013129175,903.2461132736058,2472.2056626072335,409.9023970221307,217.24827042172927,1290.3515903908656,1272304.0755097177,6573.538026862609,1077.3533173171984,122454167.64273037
5234,5235.0,30.0,494.0,3191007.6795490934,38258.769532521255,430.11746013129175,885.5857463241748,2452.3860252558557,406.61621538226206,215.5065941525989,1265.1224947488213,1272304.0755097177,6573.538026862609,1077.3533173171984,122454167.64273037
5235,5236.0,30.0,494.0,4118587.053637271,48404.78743052172,430.11746013129175,885.5857463241748,2437.3745237461917,404.12724347155813,214.1874390399258,1265.1224947488213,1272304.0755097177,6573.538026862609,1077.3533173171984,122454167.64273037
5236,5237.0,30.0,494.0,5067581.253998322,47410.64923039451,430.11746013129175,885.5857463241748,2431.425960892615,403.14094600877087,213.66470138464857,1265.1224947488213,1272304.0755097177,6573.538026862609,1077.3533173171984,122454167.64273037
5237,5238.0,30.0,494.0,6024576.600962278,52177.190201671794,430.11746013129175,883.656286408084,2429.2034201695865,402.7724391391248,213.46939274373617,1262.3661234401202,1272304.0755097177,6573.538026862609,1077.3533173171984,122454167.64273037
5238,5239.0,30.0,494.0,6984235.445792176,55558.15925116278,430.11746013129175,883.656286408084,2428.4635596512694,402.6497670635336,213.4043765436728,1262.3661234401202,1272304.0755097177,6573.538026862609,1077.3533173171984,122454167.64273037
5239,5240.0,30.0,494.0,7949215.970482178,56170.74981415948,430.11746013129175,883.656286408084,2426.985315245685,402.4046677441693,213.27447390440972,1262.3661234401202,1272304.0755097177,6573.538026862609,1077.3533173171984,122454167.64273037
5240,5241.0,30.0,494.0,8916854.680701686,55400.53197333682,430.11746013129175,883.656286408084,2426.246930376378,402.2822403375697,213.20958737891195,1262.3661234401202,1272304.0755097177,6573.538026862609,1077.3533173171984,122454167.64273037
5241,5242.0,30.0,494.0,9892457.3510702,50487.401269776936,430.11746013129175,883.656286408084,2424.0347192238764,401.91544615541693,213.015186462371,1262.3661234401202,1272304.0755097177,6573.538026862609,1077.3533173171984,122454167.64273037
5242,5243.0,30.0,494.0,10878653.975566313,40063.21475964412,430.11746013129175,883.656286408084,2421.091954188432,401.42752297809136,212.75658717838843,1262.3661234401202,1272304.0755097177,6573.538026862609,1077.3533173171984,122454167.64273037
5243,5244.0,30.0,494.0,11878053.569048844,22770.74299735669,430.11746013129175,883.656286408084,2417.4244628033157,400.81943703582726,212.43430162898846,1262.3661234401202,1272304.0755097177,6573.538026862609,1077.3533173171984,122454167.64273037
5244,5245.0,30.0,494.0,12887984.094570506,0.0,430.11746013129135,883.656286408084,2414.499203903557,400.33441645155403,212.17724071932363,1262.3661234401202,1272304.0755097177,6573.538026862609,1077.3533173171984,122454167.64273037
5245,5246.0,30.0,494.0,12993743.74988648,0.0,479.51746013129133,970.6868675183719,2665.6577789606936,441.97759505345465,234.24812537833097,1386.6955250262456,1272304.0755097177,6573.538026862609,1077.3533173171984,122454167.64273037
5246,5247.0,30.0,494.0,12197322.613929002,0.0,526.81148,1061.943793662498,2916.2635543144297,483.52911707235955,256.2704320483506,1517.062562374997,1272304.0755097177,6573.538026862609,1077.3533173171984,122454167.64273037
5247,5248.0,30.0,494.0,11368462.492770962,16875.00772569049,526.81148,1061.943793662498,2925.2743835368074,485.0231515506701,257.0622703218552,1517.062562374997,1272304.0755097177,6573.538026862609,1077.3533173171984,122454167.64273037
5248,5249.0,30.0,494.0,10497107.764440056,0.0,526.81148,1072.8046892572079,2937.078441084826,486.9803153727193,258.0995671475412,1532.578127510297,1272304.0755097177,6573.538026862609,1077.3533173171984,122454167.64273037
5249,5250.0,30.0,494.0,9586198.420781149,0.0,526.81148,1073.524445806327,2948.0658342314928,488.80207270301094,259.0650985325958,1533.606351151896,1272304.0755097177,6573.538026862609,1077.3533173171984,122454167.64273037
5250,5251.0,30.0,494.0,8642082.920503153,2742.235012204219,526.81148,1076.3500854727574,2957.2897666256845,490.3314406093856,259.8756635229744,1537.6429792467964,1272304.0755097177,6573.538026862609,1077.3533173171984,122454167.64273037
5251,5252.0,30.0,494.0,7677936.258535767,15904.83324394206,526.81148,1076.3500854727574,2962.85397820607,491.2540109678456,260.36462581295814,1537.6429792467964,1272304.0755097177,6573.538026862609,1077.3533173171984,122454167.64273037
5252,5253.0,30.0,494.0,6700390.408236779,36037.791529051254,526.81148,1076.3500854727574,2966.575974964849,491.87113413692816,260.6917010925719,1537.6429792467964,1272304.0755097177,6573.538026862609,1077.3533173171984,122454167.64273037
5253,5254.0,30.0,494.0,5722844.557937792,56170.74981415948,526.63364,1076.3500854727574,2966.5759749648487,491.8711341369281,260.6917010925719,1537.6429792467964,1272304.0755097177,6573.538026862609,1077.3533173171984,122454167.64273037
5254,5255.0,30.0,494.0,4819976.946293227,37455.51829175651,523.0286782437805,1076.3500854727574,2945.8320197830644,488.4316966009079,258.8687991984812,1537.6429792467964,1272304.0755097177,6573.538026862609,1077.3533173171984,122454167.64273037
5255,5256.0,30.0,494.0,3933721.2408561073,10098.646352556534,523.0286782437805,1076.3500854727574,2941.2176013921076,487.6666060633669,258.4633012135845,1537.6429792467964,1272304.0755097177,6573.538026862609,1077.3533173171984,122454167.64273037
5256,5257.0,30.0,494.0,3070628.404456012,26629.26279790327,523.0286782437805,1065.4734485920228,2934.7834711040423,486.5997994187088,257.89789369191567,1522.1049265600327,1272304.0755097177,6573.538026862609,1077.3533173171984,122454167.64273037
5257,5258.0,30.0,494.0,2240436.947305415,26044.330603604205,523.0286782437805,1065.4734485920228,2925.6441990902954,485.0844685697691,257.09476834197767,1522.1049265600327,1272304.0755097177,6573.538026862609,1077.3533173171984,122454167.64273037
5258,5259.0,30.0,494.0,1459186.3298652042,0.0,523.0286782437805,1065.4734485920228,2912.0495213929657,482.83041217827866,255.9001184544877,1522.1049265600327,1272304.0755097177,6573.538026862609,1077.3533173171984,122454167.64273037
5259,5260.0,30.0,494.0,719956.9742278697,0.0,523.0286782437805,1056.158760193364,2900.3769486699453,480.89504910919834,254.87437602787514,1508.798228847663,1272304.0755097177,6573.538026862609,1077.3533173171984,122454167.64273037
5260,5261.0,30.0,494.0,0.0,0.0,523.0286782437805,1054.2093302078038,2895.023509389538,480.0074257101657,254.40393562638783,1506.0133288682912,1272304.0755097177,6573.538026862609,1077.3533173171984,122454167.64273037
5261,5262.0,30.0,494.0,202908.4249926672,0.0,473.6286782437805,960.8601252676696,2638.672009606056,437.5032377169025,231.87671598995834,1372.6573218109565,1272304.0755097177,6573.538026862609,1077.3533173171984,122454167.64273037
5262,5263.0,30.0,494.0,1324261.2593529741,56170.74981415948,424.22867824378045,857.036019771588,2383.548562559489,395.202666181665,209.45741307628245,1224.3371711022687,1272304.0755097177,6573.538026862609,1077.3533173171984,122454167.64273037
5263,5264.0,30.0,494.0,2653483.2043455597,54689.41624119412,413.25027731477,847.2198780163181,2325.807142939415,385.6288889398607,204.38331113812617,1210.314111451883,1272304.0755097177,6573.538026862609,1077.3533173171984,122454167.64273037
5264,5265.0,30.0,494.0,3987744.093194452,50586.78560918011,413.25027731477,847.2198780163181,2324.4074363126597,385.3968115240887,204.26031010776703,1210.314111451883,1272304.0755097177,6573.538026862609,1077.3533173171984,122454167.64273037
5265,5266.0,30.0,494.0,5327037.274438345,43866.3180590719,413.2502773147699,847.2198780163181,2323.009577314049,385.1650404530584,204.13747144012095,1210.314111451883,1272304.0755097177,6573.538026862609,1077.3533173171984,122454167.64273037
5266,5267.0,30.0,494.0,6671356.109777236,34531.466885203496,413.2502773147699,847.2198780163181,2321.61356228766,384.93357512060214,204.01479481391914,1210.314111451883,1272304.0755097177,6573.538026862609,1077.3533173171984,122454167.64273037
5267,5268.0,30.0,494.0,8018185.2869045455,23890.716750198975,413.2502773147699,847.2198780163181,2320.9162451242105,384.81795691734914,203.95351716619504,1210.314111451883,1272304.0755097177,6573.538026862609,1077.3533173171984,122454167.64273037
5268,5269.0,30.0,494.0,9370030.185278442,10640.750135002658,413.2502773147699,847.2198780163181,2319.522989222381,384.5869490596845,203.8310830016328,1210.314111451883,1272304.0755097177,6573.538026862609,1077.3533173171984,122454167.64273037
5269,5270.0,30.0,494.0,10716859.36240575,0.0,413.2502773147699,847.2198780163181,2320.9162451242105,384.81795691734914,203.95351716619504,1210.314111451883,1272304.0755097177,6573.538026862609,1077.3533173171984,122454167.64273037
5270,5271.0,30.0,494.0,12030924.434925366,0.0,413.2502773147699,848.4649810806691,2330.0173852930143,386.3269653413864,204.75329163093483,1212.0928301152417,1272304.0755097177,6573.538026862609,1077.3533173171984,122454167.64273037
5271,5272.0,30.0,494.0,12993743.74988648,0.0,430.2337455207999,883.994010811738,2427.585651281486,402.50420605678454,213.32722921009582,1262.8485868739115,1272304.0755097177,6573.538026862609,1077.3533173171984,122454167.64273037
5272,5273.0,30.0,494.0,12993743.74988648,0.0,479.6337455207999,981.3846136326232,2695.0354609929077,446.84854186265284,236.829727187206,1401.978019475176,1272304.0755097177,6573.538026862609,1077.3533173171984,122454167.64273037
5273,5274.0,30.0,494.0,12926557.133003227,0.0,481.13062501104486,988.1806396554497,2713.6984101271437,449.94293959069535,238.46975798306855,1411.686628079214,1272304.0755097177,6573.538026862609,1077.3533173171984,122454167.64273037
5274,5275.0,30.0,494.0,12832012.13781975,4856.784341331571,481.1306250110449,990.0036054955177,2721.297959654985,451.20297778851466,239.13757822791277,1414.2908649935969,1272304.0755097177,6573.538026862609,1077.3533173171984,122454167.64273037
5275,5276.0,30.0,494.0,12722196.259691652,17657.59856138192,481.13062501104486,990.0036054955177,2725.539871584046,451.90630514269816,239.51034172563004,1414.2908649935969,1272304.0755097177,6573.538026862609,1077.3533173171984,122454167.64273037
5276,5277.0,30.0,494.0,12606257.594063383,33643.53357757814,481.13062501104486,990.0036054955177,2727.240645889649,452.1883008824559,239.65979946770165,1414.2908649935969,1272304.0755097177,6573.538026862609,1077.3533173171984,122454167.64273037
5277,5278.0,30.0,494.0,12493381.355295824,48036.37076366879,481.13062501104486,990.0036054955177,2726.389971761674,452.0472554308514,239.58504537835125,1414.2908649935969,1272304.0755097177,6573.538026862609,1077.3533173171984,122454167.64273037
5278,5279.0,30.0,494.0,12392734.182648705,56067.55440281611,481.13062501104486,990.0036054955177,2722.9930089504405,451.4840242968158,239.28653287731237,1414.2908649935969,1272304.0755097177,6573.538026862609,1077.3533173171984,122454167.64273037
5279,5280.0,30.0,494.0,12307327.055930596,56170.74981415948,481.13062501104486,990.0036054955177,2718.759662859049,450.7821171955855,238.91452211366033,1414.2908649935969,1272304.0755097177,6573.538026862609,1077.3533173171984,122454167.64273037
5280,5281.0,30.0,494.0,12243170.055648051,45219.46723998804,481.13062501104486,990.0036054955177,2712.8568499602816,449.8034052732828,238.3958047948399,1414.2908649935969,1272304.0755097177,6573.538026862609,1077.3533173171984,122454167.64273037
5281,5282.0,30.0,494.0,12206188.359742293,20131.38388518244,481.13062501104486,990.0036054955177,2705.3081543000626,448.551798866779,237.73245339939288,1414.2908649935969,1272304.0755097177,6573.538026862609,1077.3533173171984,122454167.64273037
5282,5283.0,30.0,494.0,12205186.79031412,37430.477832037956,481.13062501104486,978.1222111550301,2695.3136747229732,446.89467090303293,236.85417557860745,1397.3174445071859,1272304.0755097177,6573.538026862609,1077.3533173171984,122454167.64273037
5283,5284.0,30.0,494.0,12242840.301947322,34620.90353554487,481.13062501104486,978.1222111550301,2684.576152205907,445.1143432044131,235.91060189833897,1397.3174445071859,1272304.0755097177,6573.538026862609,1077.3533173171984,122454167.64273037
5284,5285.0,30.0,494.0,12295272.488609744,46901.36891661398,481.13062501104486,973.6931518580909,2680.47096469779,444.43368535088007,235.54985323596645,1390.99021694013,1272304.0755097177,6573.538026862609,1077.3533173171984,122454167.64273037
5285,5286.0,30.0,494.0,12359492.407922817,53049.765790659,481.13062501104486,973.6931518580909,2677.196594517054,443.8907806054852,235.26211372090717,1390.99021694013,1272304.0755097177,6573.538026862609,1077.3533173171984,122454167.64273037
5286,5287.0,30.0,494.0,12429594.500456102,56138.21125373524,481.13062501104486,973.6931518580909,2675.5626575114393,443.6198667792956,235.11852939302668,1390.99021694013,1272304.0755097177,6573.538026862609,1077.3533173171984,122454167.64273037
5287,5288.0,30.0,494.0,12505570.991413426,56170.74981415948,481.13062501104486,973.6931518580909,2673.930880171429,443.34931103500884,234.9751348485547,1390.99021694013,1272304.0755097177,6573.538026862609,1077.3533173171984,122454167.64273037
5288,5289.0,30.0,494.0,12587414.121403003,53151.417966767214,481.13062501104486,973.6931518580909,2672.301258218025,443.0791126631485,234.83192971146872,1390.99021694013,1272304.0755097177,6573.538026862609,1077.3533173171984,122454167.64273037
5289,5290.0,30.0,494.0,12680967.312696122,44040.422840029,481.13062501104486,973.6931518580909,2669.048463411486,442.5397852081603,234.546086160325,1390.99021694013,1272304.0755097177,6573.538026862609,1077.3533173171984,122454167.64273037
5290,5291.0,30.0,494.0,12780363.956866503,31889.618920294568,481.13062501104486,973.6931518580909,2667.425282056691,442.2706547154203,234.40344699917276,1390.99021694013,1272304.0755097177,6573.538026862609,1077.3533173171984,122454167.64273037
5291,5292.0,30.0,494.0,12885596.355734576,16703.01085934136,481.13062501104554,973.6931518580909,2665.8042390851097,442.00187877587075,234.2609957512115,1390.99021694013,1272304.0755097177,6573.538026862609,1077.3533173171984,122454167.64273037
5292,5293.0,30.0,494.0,12993743.74988648,0.0,481.13062501104554,973.6931518580909,2664.9945181729345,441.8676235446658,234.18984047867286,1390.99021694013,1272304.0755097177,6573.538026862609,1077.3533173171984,122454167.64273037
5293,5294.0,30.0,494.0,12993743.74988648,0.0,486.8492300567999,981.3846136326232,2695.0354609929077,446.84854186265284,236.829727187206,1401.978019475176,1272304.0755097177,6573.538026862609,1077.3533173171984,122454167.64273037
5294,5295.0,30.0,494.0,12200249.79462873,0.0,527.7006799999999,1061.6477049899063,2915.4504485645048,483.3943006204083,256.1989793288164,1516.6395785570091,1272304.0755097177,6573.538026862609,1077.3533173171984,122454167.64273037
5295,5296.0,30.0,494.0,11358128.132062472,0.0,527.7006799999999,1066.5664697622608,2928.95814503909,485.6339351487673,257.3859856288467,1523.6663853746584,1272304.0755097177,6573.538026862609,1077.3533173171984,122454167.64273037
5296,5297.0,30.0,494.0,10463599.546411052,0.0,527.7006799999999,1071.867507819913,2943.5156236738576,488.047628102086,258.6652428941056,1531.2392968855902,1272304.0755097177,6573.538026862609,1077.3533173171984,122454167.64273037
5297,5298.0,30.0,494.0,9519427.90365574,1021.5493078117756,527.7006799999999,1076.6903421435243,2957.3053617582727,490.33402634985475,259.877033965423,1538.1290602050346,1272304.0755097177,6573.538026862609,1077.3533173171984,122454167.64273037
5298,5299.0,30.0,494.0,8541882.053356752,19404.616143260555,527.7006799999999,1076.6903421435243,2966.5759749648487,491.87113413692816,260.6917010925719,1538.1290602050349,1272304.0755097177,6573.538026862609,1077.3533173171984,122454167.64273037
5299,5300.0,30.0,494.0,7564336.203057764,37787.682978709876,526.4558000000001,1076.6903421435243,2966.5759749648487,491.8711341369281,260.6917010925719,1538.1290602050349,1272304.0755097177,6573.538026862609,1077.3533173171984,122454167.64273037
5300,5301.0,30.0,494.0,6586790.352758778,56170.74981415948,526.1001200000001,1076.6903421435243,2966.5759749648482,491.87113413692805,260.6917010925719,1538.1290602050349,1272304.0755097177,6573.538026862609,1077.3533173171984,122454167.64273037
5301,5302.0,30.0,494.0,6011315.853621857,0.0,504.81180871551766,1050.5168036386794,2854.889488530941,473.3530313768375,250.8771066297239,1500.7382909123992,1272304.0755097177,6573.538026862609,1077.3533173171984,122454167.64273037
5302,5303.0,30.0,494.0,6380471.368188122,8519.291217478612,455.41180871551774,942.387456548926,2592.4922625022787,429.8464358099968,227.8186109792983,1346.2677950698944,1272304.0755097177,6573.538026862609,1077.3533173171984,122454167.64273037
5303,5304.0,30.0,494.0,6764100.969654063,9509.051941192709,455.41180871551774,942.387456548926,2588.4716828079236,429.1798062981153,227.4652973380011,1346.2677950698944,1272304.0755097177,6573.538026862609,1077.3533173171984,122454167.64273037
5304,5305.0,30.0,494.0,7167912.53691205,0.0,455.41180871551774,942.387456548926,2582.865581199022,428.25029039165344,226.97265390757633,1346.2677950698944,1272304.0755097177,6573.538026862609,1077.3533173171984,122454167.64273037
5305,5306.0,30.0,494.0,7600391.245322984,32400.811938276514,455.41180871551774,931.3385924718863,2574.902486434314,426.9299748203649,226.2728866547934,1330.4837035312662,1272304.0755097177,6573.538026862609,1077.3533173171984,122454167.64273037
5306,5307.0,30.0,494.0,8078339.898691762,41147.811412744224,455.41180871551774,931.3385924718863,2562.271946168247,424.8357765871623,225.16296159119602,1330.4837035312662,1272304.0755097177,6573.538026862609,1077.3533173171984,122454167.64273037
5307,5308.0,30.0,494.0,8592877.32747227,53024.045875886455,455.41180871551774,927.0291211713668,2552.1083974427665,423.1506162269874,224.26982660030333,1324.3273159590956,1272304.0755097177,6573.538026862609,1077.3533173171984,122454167.64273037
5308,5309.0,30.0,494.0,9124195.614437094,56170.74981415948,455.41180871551774,927.0291211713668,2547.447047947123,422.37774430920075,223.8602044838764,1324.3273159590956,1272304.0755097177,6573.538026862609,1077.3533173171984,122454167.64273037
5309,5310.0,30.0,494.0,9666664.13651661,53517.016329980455,455.41180871551774,927.0291211713668,2544.349760415264,421.86420063329285,223.58802633564522,1324.3273159590956,1272304.0755097177,6573.538026862609,1077.3533173171984,122454167.64273037
5310,5311.0,30.0,494.0,10214696.7190844,47968.81610631198,455.41180871551774,927.0291211713668,2542.8041880574106,421.607938048089,223.45220716548718,1324.3273159590956,1272304.0755097177,6573.538026862609,1077.3533173171984,122454167.64273037
5311,5312.0,30.0,494.0,10768286.010240976,39529.97365738731,455.41180871551774,927.0291211713668,2541.2606578938594,421.3520140675378,223.31656745579505,1324.3273159590956,1272304.0755097177,6573.538026862609,1077.3533173171984,122454167.64273037
5312,5313.0,30.0,494.0,11321875.30139755,31091.131208464503,455.41180871551774,927.0291211713668,2541.2606578938594,421.3520140675378,223.31656745579505,1324.3273159590956,1272304.0755097177,6573.538026862609,1077.3533173171984,122454167.64273037
5313,5314.0,30.0,494.0,11878240.194438236,21208.39947175421,455.4118087155178,927.0291211713668,2540.489657370495,421.2241788443554,223.24881478750837,1324.3273159590956,1272304.0755097177,6573.538026862609,1077.3533173171984,122454167.64273037
5314,5315.0,30.0,494.0,12437378.856845792,9882.731736712158,455.4118087155177,927.0291211713668,2539.719165879698,421.0964280209753,223.1811068511169,1324.3273159590956,1272304.0755097177,6573.538026862609,1077.3533173171984,122454167.64273037
5315,5316.0,30.0,494.0,12993743.74988648,0.0,455.4118087155177,927.0291211713668,2540.4896573704946,421.2241788443553,223.24881478750834,1324.3273159590956,1272304.0755097177,6573.538026862609,1077.3533173171984,122454167.64273037
5316,5317.0,30.0,494.0,12993743.74988648,0.0,485.4061331495999,981.3846136326232,2695.0354609929077,446.84854186265284,236.829727187206,1401.978019475176,1272304.0755097177,6573.538026862609,1077.3533173171984,122454167.64273037
5317,5318.0,30.0,494.0,12242901.141493987,0.0,525.5666,1057.3334579470973,2903.602852213044,481.4299178763396,255.15785647445998,1510.4763684958534,1272304.0755097177,6573.538026862609,1077.3533173171984,122454167.64273037
5318,5319.0,30.0,494.0,11450140.636586381,0.0,525.5666,1061.573515398329,2915.246712356132,483.36052027541695,256.181075745971,1516.5335934261843,1272304.0755097177,6573.538026862609,1077.3533173171984,122454167.64273037
5319,5320.0,30.0,494.0,10605289.372689921,0.0,525.5666,1066.8425729883577,2929.7163676308132,485.75965173558876,257.45261541986207,1524.0608185547967,1272304.0755097177,6573.538026862609,1077.3533173171984,122454167.64273037
5320,5321.0,30.0,494.0,9681250.084295783,0.0,525.5666,1074.852559205071,2951.7130411023904,489.40679538503895,259.38560155407066,1535.5036560072444,1272304.0755097177,6573.538026862609,1077.3533173171984,122454167.64273037
5321,5322.0,30.0,494.0,8703704.233996795,14973.480227983082,525.5666,1077.3533173171984,2966.5759749648487,491.8711341369281,260.6917010925719,1539.0761675959977,1272304.0755097177,6573.538026862609,1077.3533173171984,122454167.64273037
5322,5323.0,30.0,494.0,7726158.383697808,29946.960455967113,524.49956,1077.3533173171984,2966.575974964849,491.87113413692816,260.691701092572,1539.0761675959977,1272304.0755097177,6573.538026862609,1077.3533173171984,122454167.64273037
5323,5324.0,30.0,494.0,6748612.53339882,44920.44068394974,524.32172,1077.3533173171984,2966.5759749648487,491.8711341369281,260.6917010925719,1539.0761675959977,1272304.0755097177,6573.538026862609,1077.3533173171984,122454167.64273037
5324,5325.0,30.0,494.0,5771723.0045880005,56170.74981415948,524.32172,1077.3533173171984,2966.3936634403576,491.8409060972371,260.5169960244652,1539.0761675959977,1272304.0755097177,6573.538026862609,1077.3533173171984,122454167.64273037
5325,5326.0,30.0,494.0,4822960.815393772,56170.74981415948,522.9801994610318,1077.3533173171984,2958.58051354686,490.5454520344629,259.98908957826535,1539.0761675959977,1272304.0755097177,6573.538026862609,1077.3533173171984,122454167.64273037
5326,5327.0,30.0,494.0,4819178.134763636,0.0,473.58019946103184,992.6893276346359,2696.08620561239,447.02275986752943,236.9220627297906,1418.1276109066227,1272304.0755097177,6573.538026862609,1077.3533173171984,122454167.64273037
5327,5328.0,30.0,494.0,5239570.427616095,5246.304583160672,451.7784073004808,937.8411944423187,2578.259824089446,427.48663593204594,226.56791704398435,1339.7731349175983,1272304.0755097177,6573.538026862609,1077.3533173171984,122454167.64273037
5328,5329.0,30.0,494.0,5680132.761217242,0.0,451.7784073004808,937.8411944423187,2572.6570349925887,426.5576692544156,226.07556470484027,1339.7731349175983,1272304.0755097177,6573.538026862609,1077.3533173171984,122454167.64273037
5329,5330.0,30.0,494.0,6149344.689978443,33525.52578941826,451.7784073004808,927.4042783503992,2564.6988141147963,425.2381617946687,225.37622575117442,1324.8632547862846,1272304.0755097177,6573.538026862609,1077.3533173171984,122454167.64273037
5330,5331.0,30.0,494.0,6658343.809953105,52180.9483003756,451.7784073004808,926.2711538738475,2553.6468165555016,423.4056927731958,224.4050171697938,1323.244505534068,1272304.0755097177,6573.538026862609,1077.3533173171984,122454167.64273037
5331,5332.0,30.0,494.0,7195534.79035341,56170.74981415948,451.7784073004808,926.2711538738475,2545.815744215045,422.1072670911587,223.71685155831412,1323.244505534068,1272304.0755097177,6573.538026862609,1077.3533173171984,122454167.64273037
5332,5333.0,30.0,494.0,7743949.912522584,54321.667099823244,451.7784073004808,926.2711538738475,2542.697927057029,421.59031951439454,223.4428693426291,1323.244505534068,1272304.0755097177,6573.538026862609,1077.3533173171984,122454167.64273037
5333,5334.0,30.0,494.0,8297965.893684434,49558.97478310112,451.7784073004808,926.2711538738475,2541.142132892394,421.3323621093927,223.30615191797816,1323.244505534068,1272304.0755097177,6573.538026862609,1077.3533173171984,122454167.64273037
5334,5335.0,30.0,494.0,8857575.279141728,41886.5508543998,451.7784073004808,926.2711538738475,2539.5884094769926,421.07474804357474,223.16961646309463,1323.244505534068,1272304.0755097177,6573.538026862609,1077.3533173171984,122454167.64273037
5335,5336.0,30.0,494.0,9422770.629070533,31308.265566922724,451.7784073004808,926.2711538738475,2538.0367526793507,420.8174766319243,223.0332626149199,1323.244505534068,1272304.0755097177,6573.538026862609,1077.3533173171984,122454167.64273037
5336,5337.0,30.0,494.0,9996331.008474832,16378.428091488779,451.7784073004808,926.2711538738475,2535.7131333806024,420.432210497019,222.8290715634201,1323.244505534068,1272304.0755097177,6573.538026862609,1077.3533173171984,122454167.64273037
5337,5338.0,30.0,494.0,10572676.027170548,0.0,451.7784073004808,926.2711538738475,2534.93962246632,420.30395904015893,222.76109829128424,1323.244505534068,1272304.0755097177,6573.538026862609,1077.3533173171984,122454167.64273037
5338,5339.0,30.0,494.0,10580364.293723928,0.0,482.7466800000001,980.6069340590559,2692.899831394747,446.4944452336068,236.64205597381164,1400.8670486557942,1272304.0755097177,6573.538026862609,1077.3533173171984,122454167.64273037
5339,5340.0,30.0,494.0,9678611.745311406,9378.930872795172,532.1466800000001,1070.7745413726818,2945.522279996386,488.3803404039163,258.8415804140757,1529.6779162466885,1272304.0755097177,6573.538026862609,1077.3533173171984,122454167.64273037
5340,5341.0,30.0,494.0,8780128.33723398,17057.229988154955,532.1466800000001,1070.7745413726818,2944.6141854588595,488.22977439992843,258.7617804319621,1529.677916246688,1272304.0755097177,6573.538026862609,1077.3533173171984,122454167.64273037
5341,5342.0,30.0,494.0,7881644.929156553,0.0,532.1466800000001,1075.584227587254,2944.6141854588595,488.22977439992843,258.7617804319621,1536.54889655322,1272304.0755097177,6573.538026862609,1077.3533173171984,122454167.64273037
5342,5343.0,30.0,494.0,6950372.248318918,0.0,532.1466800000001,1075.584227587254,2953.72231678114,489.73994198746556,259.5621692533568,1536.5488965532202,1272304.0755097177,6573.538026862609,1077.3533173171984,122454167.64273037
5343,5344.0,30.0,494.0,5972826.39801993,14973.480227983082,532.1466800000001,1077.3533173171984,2966.575974964849,491.87113413692816,260.691701092572,1539.0761675959982,1272304.0755097177,6573.538026862609,1077.3533173171984,122454167.64273037
5344,5345.0,30.0,494.0,4995280.547720943,29946.96045596525,529.30124,1077.3533173171984,2966.5759749648487,491.87113413692816,260.6917010925719,1539.0761675959977,1272304.0755097177,6573.538026862609,1077.3533173171984,122454167.64273037
5345,5346.0,30.0,494.0,4018391.018910125,41197.26958617685,526.63364,1077.3533173171984,2966.393663440357,491.84090609723705,260.5169960244648,1539.0761675959977,1272304.0755097177,6573.538026862609,1077.3533173171984,122454167.64273037
5346,5347.0,30.0,494.0,3040845.168611137,56170.74981415948,524.1438800000001,1077.3533173171984,2966.5759749648487,491.87113413692805,260.6917010925719,1539.0761675959977,1272304.0755097177,6573.538026862609,1077.3533173171984,122454167.64273037
5347,5348.0,30.0,494.0,2068578.3756362535,41197.26958617592,522.1876400000001,1077.3533173171984,2965.1095701525974,491.6279978733728,259.2864780639593,1539.0761675959977,1272304.0755097177,6573.538026862609,1077.3533173171984,122454167.64273037
5348,5349.0,30.0,494.0,1091032.5253372658,56170.74981415948,521.47628,1077.3533173171984,2966.575974964849,491.8711341369282,260.691701092572,1539.0761675959977,1272304.0755097177,6573.538026862609,1077.3533173171984,122454167.64273037
5349,5350.0,30.0,494.0,125350.4431578254,56170.74981415948,521.47628,1077.3533173171984,2963.2804838205293,491.3247274443728,259.989089578265,1539.0761675959977,1272304.0755097177,6573.538026862609,1077.3533173171984,122454167.64273037
5350,5351.0,30.0,494.0,0.0,0.0,478.70304372243595,1004.986087257324,2729.8550285367483,452.62177683876,239.88954172454282,1435.6944103676058,1272304.0755097177,6573.538026862609,1077.3533173171984,122454167.64273037
5351,5352.0,30.0,494.0,850656.0548388503,24063.42341038864,429.30304372243586,890.6604920605513,2458.74211242656,407.6700821403399,216.06514353438016,1272.3721315150733,1272304.0755097177,6573.538026862609,1077.3533173171984,122454167.64273037
5352,5353.0,30.0,494.0,1742217.6053020982,26847.495743139647,429.30304372243586,890.6604920605513,2447.379474753116,405.7861076436846,215.06663705115284,1272.3721315150733,1272304.0755097177,6573.538026862609,1077.3533173171984,122454167.64273037
5353,5354.0,30.0,494.0,2668898.184873239,49176.50388088543,429.30304372243586,883.3077459548142,2437.624188889813,404.1686390327653,214.20937868736564,1261.8682085068774,1272304.0755097177,6573.538026862609,1077.3533173171984,122454167.64273037
5354,5355.0,30.0,494.0,3625056.9212719854,56170.74981415948,429.30304372243586,883.3077459548142,2429.435811993256,402.8109707091358,213.489814475842,1261.8682085068774,1272304.0755097177,6573.538026862609,1077.3533173171984,122454167.64273037
5355,5356.0,30.0,494.0,4597203.637443213,54847.92662487272,429.30304372243586,883.3077459548142,2424.9947065009,402.0746162001728,213.09954658609158,1261.8682085068774,1272304.0755097177,6573.538026862609,1077.3533173171984,122454167.64273037
5356,5357.0,30.0,494.0,5572008.808215303,52142.15505879186,429.30304372243586,883.3077459548142,2424.2562468895494,401.9521764010189,213.03465349254003,1261.8682085068774,1272304.0755097177,6573.538026862609,1077.3533173171984,122454167.64273037
5357,5358.0,30.0,494.0,6549470.664397653,48054.355462373234,429.30304372243586,883.3077459548142,2423.5182787200324,401.82981808504775,212.9698035850753,1261.8682085068774,1272304.0755097177,6573.538026862609,1077.3533173171984,122454167.64273037
5358,5359.0,30.0,494.0,7532240.590888353,41205.25717217289,429.30304372243586,883.3077459548142,2422.043814745491,401.5853455775097,212.84023315608016,1261.8682085068774,1272304.0755097177,6573.538026862609,1077.3533173171984,122454167.64273037
5359,5360.0,30.0,494.0,8522959.397973225,30221.09051876515,429.30304372243586,883.3077459548142,2419.835792358221,401.2192459107587,212.6462003327021,1261.8682085068774,1272304.0755097177,6573.538026862609,1077.3533173171984,122454167.64273037
5360,5361.0,30.0,494.0,9518968.662696812,16484.787416771054,429.30304372243586,883.3077459548142,2418.366220791911,400.9755845856767,212.51705983040867,1261.8682085068774,1272304.0755097177,6573.538026862609,1077.3533173171984,122454167.64273037
5361,5362.0,30.0,494.0,10520261.364528123,0.0,429.30304372243586,883.3077459548142,2416.8985993730994,400.73224660348893,212.38809069984916,1261.8682085068774,1272304.0755097177,6573.538026862609,1077.3533173171984,122454167.64273037
5362,5363.0,30.0,494.0,10611755.934151888,0.0,478.70304372243584,972.1298021098028,2669.6203027640836,442.6345986473845,234.5963372831138,1388.7568601568612,1272304.0755097177,6573.538026862609,1077.3533173171984,122454167.64273037
5363,5364.0,30.0,494.0,9791418.089581965,8408.42630248284,528.1030437224358,1062.7280324571757,2922.9070844845533,484.6306431236148,256.85424085551585,1518.182903510251,1272304.0755097177,6573.538026862609,1077.3533173171984,122454167.64273037
5364,5365.0,30.0,494.0,8957621.29815837,23818.29949768074,528.6545942260303,1062.7280324571757,2926.6456808327944,485.25051857646287,257.18277484552533,1518.182903510251,1272304.0755097177,6573.538026862609,1077.3533173171984,122454167.64273037
5365,5366.0,30.0,494.0,8110820.819411596,0.0,528.6545942260303,1071.6710749771241,2930.2578162003447,485.8494262514683,257.5001959132782,1530.958678538749,1272304.0755097177,6573.538026862609,1077.3533173171984,122454167.64273037
5366,5367.0,30.0,494.0,7218234.200743122,0.0,528.6545942260319,1071.6710749771241,2942.97618840081,487.9581873994758,258.61783932172216,1530.958678538749,1272304.0755097177,6573.538026862609,1077.3533173171984,122454167.64273037
5367,5368.0,30.0,494.0,6269472.01154889,0.0,528.6545942260319,1077.3533173171984,2958.580513546861,490.5454520344631,259.98908957826546,1539.0761675959977,1272304.0755097177,6573.538026862609,1077.3533173171984,122454167.64273037
5368,5369.0,30.0,494.0,5291926.161249902,14973.480227983082,526.4558000000001,1077.3533173171984,2966.5759749648487,491.8711341369281,260.6917010925719,1539.0761675959977,1272304.0755097177,6573.538026862609,1077.3533173171984,122454167.64273037
5369,5370.0,30.0,494.0,4314380.310950914,29946.96045596525,523.61036,1077.3533173171984,2966.5759749648487,491.8711341369281,260.6917010925719,1539.0761675959977,1272304.0755097177,6573.538026862609,1077.3533173171984,122454167.64273037
5370,5371.0,30.0,494.0,3336834.4606519267,44920.44068394974,522.0098,1077.3533173171984,2966.5759749648487,491.87113413692816,260.691701092572,1539.0761675959977,1272304.0755097177,6573.538026862609,1077.3533173171984,122454167.64273037
5371,5372.0,30.0,494.0,2362584.4605031605,41197.26958617685,521.1206,1077.3533173171984,2965.6604610342315,491.7193379654594,259.81438451015885,1539.0761675959977,1272304.0755097177,6573.538026862609,1077.3533173171984,122454167.64273037
5372,5373.0,30.0,494.0,1385038.6102041728,56170.74981415948,520.94276,1077.3533173171984,2966.5759749648487,491.87113413692816,260.6917010925719,1539.0761675959977,1272304.0755097177,6573.538026862609,1077.3533173171984,122454167.64273037
5373,5374.0,30.0,494.0,419365.96530198527,56170.74981415948,520.94276,1077.3533173171984,2963.2778623546274,491.3242927939822,259.9890895782661,1539.0761675959977,1272304.0755097177,6573.538026862609,1077.3533173171984,122454167.64273037
5374,5375.0,30.0,494.0,0.0,0.0,493.0215462880914,1034.726193729402,2811.526006910126,466.16317847404486,247.06648459124378,1478.1802767562888,1272304.0755097177,6573.538026862609,1077.3533173171984,122454167.64273037
5375,5376.0,30.0,494.0,540382.7483871615,6672.977426959202,443.6215462880914,925.4265731546521,2544.929141996474,421.96026460665905,223.6389402415293,1322.0379616495031,1272304.0755097177,6573.538026862609,1077.3533173171984,122454167.64273037
5376,5377.0,30.0,494.0,1106420.5506285783,0.0,443.6215462880914,925.4265731546521,2537.8027381480692,420.77867600996916,223.01269828528368,1322.0379616495031,1272304.0755097177,6573.538026862609,1077.3533173171984,122454167.64273037
5377,5378.0,30.0,494.0,1703602.9694885714,14670.299052693881,443.6215462880914,918.126167418023,2529.1514557540204,419.34425595168966,222.25245565439553,1311.6088105971758,1272304.0755097177,6573.538026862609,1077.3533173171984,122454167.64273037
5378,5379.0,30.0,494.0,2337295.9570715167,37743.46766564809,443.6215462880914,912.7991778956806,2519.009631108756,417.6626975380228,221.3612296951521,1303.9988255652581,1272304.0755097177,6573.538026862609,1077.3533173171984,122454167.64273037
5379,5380.0,30.0,494.0,3001634.3848414747,44874.644360054284,443.6215462880914,912.7991778956806,2510.4970088345826,416.2512679276531,220.61317200165615,1303.9988255652581,1272304.0755097177,6573.538026862609,1077.3533173171984,122454167.64273037
5380,5381.0,30.0,494.0,3668747.5779513065,50562.36694337521,443.6215462880914,912.7991778956806,2509.726240684621,416.1234712329863,220.54543975348273,1303.9988255652581,1272304.0755097177,6573.538026862609,1077.3533173171984,122454167.64273037
5381,5382.0,30.0,494.0,4338633.68054309,54807.600847063586,443.6215462880914,912.7991778956806,2508.9559880507454,415.99576001311743,220.47775280695225,1303.9988255652581,1272304.0755097177,6573.538026862609,1077.3533173171984,122454167.64273037
5382,5383.0,30.0,494.0,5014060.041967619,56170.74981415948,443.6215462880914,912.7991778956806,2507.4170272638717,415.74059365499284,220.34251463714622,1303.9988255652581,1272304.0755097177,6573.538026862609,1077.3533173171984,122454167.64273037
5383,5384.0,30.0,494.0,5697782.91915787,53217.98794812523,443.6215462880914,912.7991778956806,2505.1124395511715,415.35848303941106,220.13999601088787,1303.9988255652581,1272304.0755097177,6573.538026862609,1077.3533173171984,122454167.64273037
5384,5385.0,30.0,494.0,6392541.999771357,44524.10881600343,443.6215462880914,912.7991778956806,2502.046827489163,414.85019129347603,219.8706013855423,1303.9988255652581,1272304.0755097177,6573.538026862609,1077.3533173171984,122454167.64273037
5385,5386.0,30.0,494.0,7103800.3014098,27247.208959197626,443.6215462880914,912.7991778956806,2497.463710537784,414.0902906700701,219.46785405513717,1303.9988255652581,1272304.0755097177,6573.538026862609,1077.3533173171984,122454167.64273037
5386,5387.0,30.0,494.0,7834224.621498419,0.0,443.6215462880914,912.7991778956806,2492.1398165238465,413.20756600407145,219.00000998215788,1303.9988255652581,1272304.0755097177,6573.538026862609,1077.3533173171984,122454167.64273037
5387,5388.0,30.0,494.0,8512271.376933355,0.0,447.33463358121276,912.7991778956806,2506.6891400387585,415.6199068032279,220.27855060571105,1303.9988255652581,1272304.0755097177,6573.538026862609,1077.3533173171984,122454167.64273037
5388,5389.0,30.0,494.0,8291057.433133803,0.0,496.73463358121273,1003.7607323957722,2756.483778715005,457.0369388509122,242.22957759098347,1433.9439034225318,1272304.0755097177,6573.538026862609,1077.3533173171984,122454167.64273037
5389,5390.0,30.0,494.0,7517215.94512761,0.0,526.81148,1059.6598287572572,2909.9914298835165,482.48917169987755,255.71926100093512,1513.7997553675102,1272304.0755097177,6573.538026862609,1077.3533173171984,122454167.64273037
5390,5391.0,30.0,494.0,6720794.8091701325,11746.105226951651,526.81148,1059.6598287572572,2916.2635543144297,483.52911707235955,256.2704320483506,1513.7997553675104,1272304.0755097177,6573.538026862609,1077.3533173171984,122454167.64273037
5391,5392.0,30.0,494.0,5869098.7356436215,0.0,526.81148,1069.8189005474278,2931.617703639161,486.07490147356737,257.6196977809907,1528.312715067754,1272304.0755097177,6573.538026862609,1077.3533173171984,122454167.64273037
5392,5393.0,30.0,494.0,4951565.9878080785,0.0,526.81148,1074.1944129699118,2949.905668725003,489.1071252236893,259.22677636855536,1534.563447099874,1272304.0755097177,6573.538026862609,1077.3533173171984,122454167.64273037
5393,5394.0,30.0,494.0,3974676.4589972585,11250.309130208807,526.81148,1077.3533173171984,2966.393663440357,491.84090609723705,260.5169960244648,1539.0761675959977,1272304.0755097177,6573.538026862609,1077.3533173171984,122454167.64273037
5394,5395.0,30.0,494.0,2997130.6086982707,26223.789358192364,523.7882,1077.3533173171984,2966.575974964849,491.87113413692816,260.691701092572,1539.0761675959977,1272304.0755097177,6573.538026862609,1077.3533173171984,122454167.64273037
5395,5396.0,30.0,494.0,2019584.758399283,41197.26958617685,522.0098,1077.3533173171984,2966.5759749648487,491.87113413692816,260.691701092572,1539.0761675959977,1272304.0755097177,6573.538026862609,1077.3533173171984,122454167.64273037
5396,5397.0,30.0,494.0,1042038.9081002972,56170.74981415948,521.29844,1077.3533173171984,2966.5759749648482,491.8711341369281,260.6917010925719,1539.0761675959977,1272304.0755097177,6573.538026862609,1077.3533173171984,122454167.64273037
5397,5398.0,30.0,494.0,67132.58646336198,56170.74981415948,521.29844,1077.3533173171984,2965.842772558723,491.7495660051505,259.9890895782664,1539.0761675959977,1272304.0755097177,6573.538026862609,1077.3533173171984,122454167.64273037
5398,5399.0,30.0,494.0,27441.226211072877,0.0,472.57860508560003,996.3215438776646,2706.0608388407654,448.67659722077605,237.7985965270113,1423.3164912538066,1272304.0755097177,6573.538026862609,1077.3533173171984,122454167.64273037
5399,5400.0,30.0,494.0,0.0,0.0,472.57860508560003,984.1603343948813,2702.658023829317,448.11239576662,237.49956975630863,1405.9433348498305,1272304.0755097177,6573.538026862609,1077.3533173171984,122454167.64273037
5400,5401.0,30.0,494.0,0.0,0.0,472.57860508560003,981.3846136326232,2695.0354609929077,446.8485418626529,236.82972718720603,1401.978019475176,1272304.0755097177,6573.538026862609,1077.3533173171984,122454167.64273037
5401,5402.0,30.0,494.0,42354.8105132319,0.0,472.57860508560003,977.1003616819709,2683.2702358503434,444.89781662147044,235.79584280937934,1395.8576595456727,1272304.0755097177,6573.538026862609,1077.3533173171984,122454167.64273037
5402,5403.0,30.0,494.0,147496.22296767868,19942.429243352264,472.57860508560003,966.8717091263762,2665.8295130888946,442.0060693150683,234.2632167369862,1381.2452987519662,1272304.0755097177,6573.538026862609,1077.3533173171984,122454167.64273037
5403,5404.0,30.0,494.0,299884.7127940208,15306.568175292146,472.57860508560003,966.8717091263763,2652.7053249300347,439.8300221250411,233.1099117262718,1381.2452987519664,1272304.0755097177,6573.538026862609,1077.3533173171984,122454167.64273037
5404,5405.0,30.0,494.0,472785.6027067937,0.0,472.57860508560003,966.8717091263763,2647.0074360171375,438.8852874863786,232.60920236778068,1381.2452987519664,1272304.0755097177,6573.538026862609,1077.3533173171984,122454167.64273037
5405,5406.0,30.0,494.0,1566727.4792528246,56053.70938136149,423.1786050856,859.8314367025155,2391.162717507899,396.46512602141786,210.12651679135146,1228.3306238607365,1272304.0755097177,6573.538026862609,1077.3533173171984,122454167.64273037
5406,5407.0,30.0,494.0,2854960.18672157,56170.74981415948,412.8619396720683,851.0552052866075,2337.1930422515898,387.5167203168793,205.38386176794603,1215.7931504094392,1272304.0755097177,6573.538026862609,1077.3533173171984,122454167.64273037
5407,5408.0,30.0,494.0,4145742.7418626323,54961.34002345521,412.8619396720682,851.0552052866075,2336.4847512315055,387.39928260070826,205.32161977837538,1215.7931504094392,1272304.0755097177,6573.538026862609,1077.3533173171984,122454167.64273037
5408,5409.0,30.0,494.0,5441619.910064466,51101.67362858355,412.8619396720682,851.0552052866075,2335.0695809368426,387.1646412418801,205.19725985819645,1215.7931504094392,1272304.0755097177,6573.538026862609,1077.3533173171984,122454167.64273037
5409,5410.0,30.0,494.0,6745126.317447387,43273.218773596454,412.8619396720682,851.0552052866075,2332.9503478309853,386.81326322221184,205.0110295077723,1215.7931504094392,1272304.0755097177,6573.538026862609,1077.3533173171984,122454167.64273037
5410,5411.0,30.0,494.0,8056246.78787763,31483.870199130848,412.8619396720682,851.0552052866075,2330.8353303178465,386.4625841660587,204.82516960801112,1215.7931504094392,1272304.0755097177,6573.538026862609,1077.3533173171984,122454167.64273037
5411,5412.0,30.0,494.0,9372434.891500957,17058.300153621472,412.8619396720682,851.0552052866075,2329.4276544308723,386.2291854124565,204.70146826860196,1215.7931504094392,1272304.0755097177,6573.538026862609,1077.3533173171984,122454167.64273037
5412,5413.0,30.0,494.0,10693683.916837767,0.0,412.8619396720682,851.0552052866075,2328.0218428437943,385.9960957678445,204.5779307569576,1215.7931504094392,1272304.0755097177,6573.538026862609,1077.3533173171984,122454167.64273037
5413,5414.0,30.0,494.0,11101070.287242852,0.0,462.26193967206916,940.1768775826188,2581.8725803248285,428.0856465496247,226.8853926713011,1343.109825118027,1272304.0755097177,6573.538026862609,1077.3533173171984,122454167.64273037
5414,5415.0,30.0,494.0,10572605.484413097,0.0,511.6619396720691,1034.8396128390823,2841.831239556728,471.18791718896836,249.72959611015324,1478.342304055832,1272304.0755097177,6573.538026862609,1077.3533173171984,122454167.64273037
5415,5416.0,30.0,494.0,9734110.409842722,0.0,526.27796,1066.199635003533,2927.9507594846787,485.46690626451044,257.29746032019057,1523.1423357193332,1272304.0755097177,6573.538026862609,1077.3533173171984,122454167.64273037
5416,5417.0,30.0,494.0,8839804.36986789,0.0,526.27796,1071.844996994402,2943.453805430361,488.03737836980355,258.6598105359959,1531.2071385634315,1272304.0755097177,6573.538026862609,1077.3533173171984,122454167.64273037
5417,5418.0,30.0,494.0,7899056.6654983945,0.0,526.27796,1076.5426402812777,2956.3542677622117,490.17633084956714,259.7934553502706,1537.9180575446826,1272304.0755097177,6573.538026862609,1077.3533173171984,122454167.64273037
5418,5419.0,30.0,494.0,6921510.815199407,14973.480227983082,526.27796,1077.3533173171984,2966.5759749648487,491.8711341369281,260.6917010925719,1539.0761675959977,1272304.0755097177,6573.538026862609,1077.3533173171984,122454167.64273037
5419,5420.0,30.0,494.0,5943964.964900419,29946.96045596525,524.85524,1077.3533173171984,2966.5759749648487,491.8711341369281,260.6917010925719,1539.0761675959977,1272304.0755097177,6573.538026862609,1077.3533173171984,122454167.64273037
5420,5421.0,30.0,494.0,4966419.114601431,44920.440683947876,524.1438800000001,1077.3533173171984,2966.5759749648487,491.87113413692805,260.6917010925719,1539.0761675959977,1272304.0755097177,6573.538026862609,1077.3533173171984,122454167.64273037
5421,5422.0,30.0,494.0,4001799.974364044,53169.347661301494,523.6396082378996,1077.3533173171984,2962.9852221699593,491.27577178500036,260.3761590460502,1539.0761675959977,1272304.0755097177,6573.538026862609,1077.3533173171984,122454167.64273037
5422,5423.0,30.0,494.0,3047268.16173614,56170.74981415948,523.6396082378996,1077.3533173171984,2960.183186722881,490.8111821824156,260.1299265566803,1539.0761675959977,1272304.0755097177,6573.538026862609,1077.3533173171984,122454167.64273037
5423,5424.0,30.0,494.0,2112849.60600394,48709.082194480114,523.6396082378996,1077.3533173171984,2954.596170918518,489.8848307849378,259.63896031601706,1539.0761675959977,1272304.0755097177,6573.538026862609,1077.3533173171984,122454167.64273037
5424,5425.0,30.0,494.0,1208448.3712521307,25632.1750623174,523.6396082378996,1077.3533173171984,2946.258026201743,488.5023303086145,258.9062350635657,1539.0761675959977,1272304.0755097177,6573.538026862609,1077.3533173171984,122454167.64273037
5425,5426.0,30.0,494.0,1273524.2972353846,36099.29435086995,474.2396082378996,972.7668139322333,2676.9588148864477,443.851355713769,235.2412185282976,1389.6668770460476,1272304.0755097177,6573.538026862609,1077.3533173171984,122454167.64273037
5426,5427.0,30.0,494.0,2312886.8288700264,53667.19617060013,424.8396082378996,872.8355699227334,2406.3236466499516,398.9788736802012,211.45880305050665,1246.9079570324764,1272304.0755097177,6573.538026862609,1077.3533173171984,122454167.64273037
5427,5428.0,30.0,494.0,3381207.6979162097,56170.74981415948,424.8396082378996,872.8355699227334,2398.279664035634,397.6451465534154,210.75192767331015,1246.9079570324764,1272304.0755097177,6573.538026862609,1077.3533173171984,122454167.64273037
5428,5429.0,30.0,494.0,4454770.981457146,55947.159419356845,424.8396082378996,872.8355699227334,2396.823437787092,397.40369793976953,210.62395990807786,1246.9079570324764,1272304.0755097177,6573.538026862609,1077.3533173171984,122454167.64273037
5429,5430.0,30.0,494.0,5533569.718096999,53000.04635744728,424.8396082378996,872.8355699227334,2395.369145259615,397.16256994544415,210.49616207108542,1246.9079570324764,1272304.0755097177,6573.538026862609,1077.3533173171984,122454167.64273037
5430,5431.0,30.0,494.0,6614983.5750945825,48692.52772281878,424.8396082378996,872.8355699227334,2394.642722938026,397.04212598102265,210.43232676994202,1246.9079570324764,1272304.0755097177,6573.538026862609,1077.3533173171984,122454167.64273037
5431,5432.0,30.0,494.0,7701622.46906741,41666.90496812295,424.8396082378996,872.8355699227334,2393.1913237782333,396.8014777195801,210.30478319137745,1246.9079570324764,1272304.0755097177,6573.538026862609,1077.3533173171984,122454167.64273037
5432,5433.0,30.0,494.0,8788261.363040237,34641.28221342713,424.8396082378996,872.8355699227334,2393.1913237782333,396.8014777195801,210.30478319137745,1246.9079570324764,1272304.0755097177,6573.538026862609,1077.3533173171984,122454167.64273037
5433,5434.0,30.0,494.0,9880118.367165718,24901.15872465633,424.8396082378996,872.8355699227334,2391.741848735829,396.5611484851269,210.17740869711727,1246.9079570324764,1272304.0755097177,6573.538026862609,1077.3533173171984,122454167.64273037
5434,5435.0,30.0,494.0,10974581.833112102,13805.133900116198,424.8396082378996,872.8355699227334,2391.017831563357,396.44110330483693,210.11378475156357,1246.9079570324764,1272304.0755097177,6573.538026862609,1077.3533173171984,122454167.64273037
5435,5436.0,30.0,494.0,12074253.044775577,0.0,424.8396082378996,872.8355699227334,2389.5712355308315,396.2012514226802,209.9866632540205,1246.9079570324764,1272304.0755097177,6573.538026862609,1077.3533173171984,122454167.64273037
5436,5437.0,30.0,494.0,12993743.74988648,0.0,434.7233803431998,888.3767640107362,2439.6213762398793,404.4997813379856,214.38488410913237,1269.1096628724804,1272304.0755097177,6573.538026862609,1077.3533173171984,122454167.64273037
5437,5438.0,30.0,494.0,12993743.74988648,0.0,484.12338034319976,981.3846136326231,2695.0354609929072,446.8485418626528,236.82972718720598,1401.9780194751759,1272304.0755097177,6573.538026862609,1077.3533173171984,122454167.64273037
5438,5439.0,30.0,494.0,12227521.506237801,0.0,523.7882,1058.8891308812513,2907.8749731175403,482.1382540093758,255.5332746249692,1512.6987584017875,1272304.0755097177,6573.538026862609,1077.3533173171984,122454167.64273037
5439,5440.0,30.0,494.0,11415843.888941972,0.0,523.7882,1063.487009395065,2920.5014657973047,484.23178113525404,256.64284400168464,1519.2671562786643,1272304.0755097177,6573.538026862609,1077.3533173171984,122454167.64273037
5440,5441.0,30.0,494.0,10538487.964316014,0.0,523.7882,1070.1304676678096,2938.7454400556735,487.2567110158161,258.2460568383826,1528.7578109540138,1272304.0755097177,6573.538026862609,1077.3533173171984,122454167.64273037
5441,5442.0,30.0,494.0,9604607.240186816,0.0,523.7882,1075.8480350373136,2954.4467732510184,489.8600600051665,259.6258318027382,1536.9257643390197,1272304.0755097177,6573.538026862609,1077.3533173171984,122454167.64273037
5442,5443.0,30.0,494.0,8627061.389887828,18723.583271386036,523.7882,1076.6241306143145,2966.575974964849,491.87113413692816,260.691701092572,1538.0344723061637,1272304.0755097177,6573.538026862609,1077.3533173171984,122454167.64273037
5443,5444.0,30.0,494.0,7649515.539588841,37447.16654277361,521.47628,1076.6241306143145,2966.575974964849,491.8711341369282,260.691701092572,1538.0344723061637,1272304.0755097177,6573.538026862609,1077.3533173171984,122454167.64273037
5444,5445.0,30.0,494.0,6671969.689289853,56170.74981415948,520.4092400000001,1076.6241306143145,2966.5759749648487,491.8711341369281,260.6917010925719,1538.0344723061637,1272304.0755097177,6573.538026862609,1077.3533173171984,122454167.64273037
5445,5446.0,30.0,494.0,6132059.598474346,0.0,497.48856084263275,1046.9194109487225,2845.0104862194376,471.71505004343913,250.00897652302277,1495.5991584981753,1272304.0755097177,6573.538026862609,1077.3533173171984,122454167.64273037
5446,5447.0,30.0,494.0,6549961.508402638,6049.243435807526,448.0885608426328,937.9369733724477,2578.951597123937,427.60133489472616,226.6287074942049,1339.9099619606397,1272304.0755097177,6573.538026862609,1077.3533173171984,122454167.64273037
5447,5448.0,30.0,494.0,6979502.495152213,6043.750261800364,448.088560842633,937.9369733724477,2575.718520229136,427.0652767548309,226.3445966800604,1339.9099619606397,1272304.0755097177,6573.538026862609,1077.3533173171984,122454167.64273037
5448,5449.0,30.0,494.0,7420650.879983742,0.0,448.088560842633,937.9369733724477,2572.4942429841494,426.5306776349542,226.06125914652574,1339.9099619606397,1272304.0755097177,6573.538026862609,1077.3533173171984,122454167.64273037
5449,5450.0,30.0,494.0,7884919.540687915,37954.48077017162,448.088560842633,927.0431115609575,2566.0719441306373,425.46583269334417,225.4968913274724,1324.3473022299395,1272304.0755097177,6573.538026862609,1077.3533173171984,122454167.64273037
5450,5451.0,30.0,494.0,8403599.04241124,47604.02669473365,448.088560842633,927.0431115609575,2550.957821625317,422.95984577748084,224.16871826206486,1324.3473022299395,1272304.0755097177,6573.538026862609,1077.3533173171984,122454167.64273037
5451,5452.0,30.0,494.0,8953462.14310491,54089.08046035003,448.088560842633,924.5041621590906,2542.2957108002206,421.523630318475,223.40752406879176,1320.7202316558437,1272304.0755097177,6573.538026862609,1077.3533173171984,122454167.64273037
5452,5453.0,30.0,494.0,9511789.910842827,56170.74981415948,448.088560842633,924.5041621590906,2539.944414399042,421.1337752002175,223.20090085611528,1320.7202316558437,1272304.0755097177,6573.538026862609,1077.3533173171984,122454167.64273037
5453,5454.0,30.0,494.0,10078565.321396584,53857.890889730304,448.088560842633,924.5041621590906,2537.5978469501974,420.7447041627209,222.9946932062421,1320.7202316558437,1272304.0755097177,6573.538026862609,1077.3533173171984,122454167.64273037
5454,5455.0,30.0,494.0,10648152.83860099,50082.15261930786,448.088560842633,924.5041621590906,2536.816706213911,420.6151876483554,222.92604945362837,1320.7202316558437,1272304.0755097177,6573.538026862609,1077.3533173171984,122454167.64273037
5455,5456.0,30.0,494.0,11217740.355805378,46306.41434888635,448.088560842633,924.5041621590906,2536.816706213911,420.6151876483554,222.92604945362837,1320.7202316558437,1272304.0755097177,6573.538026862609,1077.3533173171984,122454167.64273037
5456,5457.0,30.0,494.0,11795752.896630242,38147.91447832063,448.088560842633,924.5041621590906,2534.47642187489,420.22715837765696,222.7203939401582,1320.7202316558437,1272304.0755097177,6573.538026862609,1077.3533173171984,122454167.64273037
5457,5458.0,30.0,494.0,12387769.602306027,22704.341150925495,448.0885608426331,924.5041621590906,2530.586376082968,419.582171951668,222.37855113438405,1320.7202316558437,1272304.0755097177,6573.538026862609,1077.3533173171984,122454167.64273037
5458,5459.0,30.0,494.0,12993743.74988648,0.0,448.0885608426331,924.5041621590906,2526.7093088872266,418.93933743308907,222.03784883953722,1320.7202316558437,1272304.0755097177,6573.538026862609,1077.3533173171984,122454167.64273037
5459,5460.0,30.0,494.0,12993743.74988648,0.0,481.2371865288,981.3846136326232,2695.0354609929077,446.84854186265284,236.829727187206,1401.978019475176,1272304.0755097177,6573.538026862609,1077.3533173171984,122454167.64273037
5460,5461.0,30.0,494.0,12993743.74988648,0.0,481.7182188312,981.3846136326232,2695.0354609929077,446.84854186265284,236.829727187206,1401.978019475176,1272304.0755097177,6573.538026862609,1077.3533173171984,122454167.64273037
5461,5462.0,30.0,494.0,12211271.145232948,4371.016144625843,523.96604,1059.6829592114009,2912.3889622855554,482.8866929471582,255.92994726199385,1513.83279887343,1272304.0755097177,6573.538026862609,1077.3533173171984,122454167.64273037
5462,5463.0,30.0,494.0,11402797.999758938,22267.712100290693,523.96604,1059.6829592114009,2919.611334735688,484.0841935533067,256.56462258325257,1513.8327988734293,1272304.0755097177,6573.538026862609,1077.3533173171984,122454167.64273037
5463,5464.0,30.0,494.0,10564907.842207294,0.0,523.96604,1070.4682796576003,2927.7827269794757,485.43904574800814,257.2826942464443,1529.2403995108577,1272304.0755097177,6573.538026862609,1077.3533173171984,122454167.64273037
5464,5465.0,30.0,494.0,9684212.253392234,0.0,523.96604,1070.4682796576003,2939.6731245526466,487.4105251198533,258.3275783135222,1529.2403995108575,1272304.0755097177,6573.538026862609,1077.3533173171984,122454167.64273037
5465,5466.0,30.0,494.0,8750316.773931008,0.0,523.96604,1075.8495275610499,2954.4508719543596,489.8607395879172,259.6261919815961,1536.9278965157857,1272304.0755097177,6573.538026862609,1077.3533173171984,122454167.64273037
5466,5467.0,30.0,494.0,7772770.92363202,14973.480227983082,523.96604,1077.3533173171984,2966.5759749648487,491.8711341369281,260.6917010925719,1539.0761675959977,1272304.0755097177,6573.538026862609,1077.3533173171984,122454167.64273037
5467,5468.0,30.0,494.0,6795225.073333034,29946.96045596525,522.72116,1077.3533173171984,2966.5759749648482,491.8711341369281,260.6917010925719,1539.0761675959977,1272304.0755097177,6573.538026862609,1077.3533173171984,122454167.64273037
5468,5469.0,30.0,494.0,5817679.223034047,44920.44068394974,522.0098,1077.3533173171984,2966.5759749648487,491.87113413692816,260.691701092572,1539.0761675959977,1272304.0755097177,6573.538026862609,1077.3533173171984,122454167.64273037
5469,5470.0,30.0,494.0,4847290.459362995,56170.74981415948,521.8115147030485,1077.3533173171984,2964.5878953459774,491.54150193295254,260.516996024465,1539.0761675959977,1272304.0755097177,6573.538026862609,1077.3533173171984,122454167.64273037
5470,5471.0,30.0,494.0,4823026.542286474,0.0,472.41151470304845,994.7610351014838,2701.7754379586077,447.9660592099761,237.42201138128735,1421.0871930021199,1272304.0755097177,6573.538026862609,1077.3533173171984,122454167.64273037
5471,5472.0,30.0,494.0,4850197.514889004,11528.570290755792,470.34605474530713,976.3945629785821,2687.4879686033164,445.59713496362605,236.16648153072182,1394.8493756836888,1272304.0755097177,6573.538026862609,1077.3533173171984,122454167.64273037
5472,5473.0,30.0,494.0,4895545.292726424,13601.427744912915,470.34605474530713,976.3945629785821,2682.4388560380685,444.7599702509027,235.72278423297846,1394.8493756836888,1272304.0755097177,6573.538026862609,1077.3533173171984,122454167.64273037
5473,5474.0,30.0,494.0,4971023.895619879,0.0,470.34605474530713,976.3945629785821,2674.069182411393,443.37224214488054,234.9872883367867,1394.8493756836888,1272304.0755097177,6573.538026862609,1077.3533173171984,122454167.64273037
5474,5475.0,30.0,494.0,5100227.751137173,14844.03395532351,470.34605474530713,965.4291119340278,2659.1455011269927,440.8978312075564,233.67585054000492,1379.1844456200397,1272304.0755097177,6573.538026862609,1077.3533173171984,122454167.64273037
5475,5476.0,30.0,494.0,5264888.86838663,11242.929693073966,470.34605474530713,965.4291119340278,2649.2962617569474,439.2647846986472,232.81033589028303,1379.1844456200397,1272304.0755097177,6573.538026862609,1077.3533173171984,122454167.64273037
5476,5477.0,30.0,494.0,5444239.938143689,0.0,470.34605474530713,965.4291119340278,2645.2157193937246,438.58821311678645,232.45175295189682,1379.1844456200397,1272304.0755097177,6573.538026862609,1077.3533173171984,122454167.64273037
5477,5478.0,30.0,494.0,5632381.446282795,23128.933767141774,470.34605474530713,957.8565281489953,2642.7739309542667,438.1833540269892,232.2371776343043,1368.366468784279,1272304.0755097177,6573.538026862609,1077.3533173171984,122454167.64273037
5478,5479.0,30.0,494.0,5832216.193432761,40174.95534000173,470.34605474530713,957.8565281489953,2639.5258090068055,437.6448013522573,231.95174471669637,1368.366468784279,1272304.0755097177,6573.538026862609,1077.3533173171984,122454167.64273037
5479,5480.0,30.0,494.0,6043713.0420227945,51154.26272061095,470.34605474530713,957.8565281489953,2636.286336384572,437.10768277307704,231.66707186973085,1368.366468784279,1272304.0755097177,6573.538026862609,1077.3533173171984,122454167.64273037
5480,5481.0,30.0,494.0,6266840.978689576,56170.74981415948,470.34605474530713,957.8394636040468,2633.0554785854683,436.5719925688512,231.38315606149115,1368.3420908629241,1272304.0755097177,6573.538026862609,1077.3533173171984,122454167.64273037
5481,5482.0,30.0,494.0,6504464.351065157,53646.60060046986,470.34605474530713,957.8394636040468,2629.0289686663573,435.9043798000428,231.0293212940227,1368.3420908629241,1272304.0755097177,6573.538026862609,1077.3533173171984,122454167.64273037
5482,5483.0,30.0,494.0,6753649.482173897,45107.93623661995,470.34605474530713,957.8394636040468,2625.8173690182575,435.3718826805907,230.7470978207131,1368.3420908629241,1272304.0755097177,6573.538026862609,1077.3533173171984,122454167.64273037
5483,5484.0,30.0,494.0,7011485.835097147,32068.84024539776,470.34605474530713,957.8394636040468,2623.4142518475605,434.9734354544991,230.53592079088455,1368.3420908629241,1272304.0755097177,6573.538026862609,1077.3533173171984,122454167.64273037
5484,5485.0,30.0,494.0,7275080.127616708,16034.42012269888,470.34605474530696,957.8394636040468,2621.814824181919,434.7082434262119,230.3953690158923,1368.3420908629241,1272304.0755097177,6573.538026862609,1077.3533173171984,122454167.64273037
5485,5486.0,30.0,494.0,7538674.420136267,0.0,470.34605474530696,957.8394636040468,2621.8148241819194,434.7082434262119,230.3953690158923,1368.3420908629241,1272304.0755097177,6573.538026862609,1077.3533173171984,122454167.64273037
5486,5487.0,30.0,494.0,7677153.506566649,0.0,476.1666,967.3772484957021,2656.569048095579,440.47064414566864,233.4494413972044,1381.9674978510031,1272304.0755097177,6573.538026862609,1077.3533173171984,122454167.64273037
5487,5488.0,30.0,494.0,6851901.363018047,0.0,525.5666,1064.8600928742003,2924.272167534186,484.85697980047064,256.97419929424944,1521.2287041060004,1272304.0755097177,6573.538026862609,1077.3533173171984,122454167.64273037
5488,5489.0,30.0,494.0,5970913.692695079,0.0,525.5666,1070.4978241356616,2939.754258304843,487.42397744706363,258.3347080469437,1529.282605908088,1272304.0755097177,6573.538026862609,1077.3533173171984,122454167.64273037
5489,5490.0,30.0,494.0,5043547.132299945,0.0,525.5666,1075.1891177066411,2952.6372833248897,489.56003874507223,259.4668205348883,1535.9844538666302,1272304.0755097177,6573.538026862609,1077.3533173171984,122454167.64273037
5490,5491.0,30.0,494.0,4086134.0004949216,7393.394016310594,525.5666,1076.7907686108124,2960.9835531609697,490.94388640133667,260.20025979270844,1538.2725265868748,1272304.0755097177,6573.538026862609,1077.3533173171984,122454167.64273037
5491,5492.0,30.0,494.0,3108588.150195934,25259.981877135942,525.5666,1076.7907686108124,2966.5759749648487,491.8711341369281,260.6917010925719,1538.2725265868748,1272304.0755097177,6573.538026862609,1077.3533173171984,122454167.64273037
5492,5493.0,30.0,494.0,2131042.299896946,43126.56973795895,525.21092,1076.7907686108124,2966.5759749648487,491.8711341369281,260.6917010925719,1538.2725265868748,1272304.0755097177,6573.538026862609,1077.3533173171984,122454167.64273037
5493,5494.0,30.0,494.0,1163579.8342397157,55747.70393619556,525.21092,1076.7907686108126,2963.775034786583,491.40672613465216,260.44556485136565,1538.2725265868753,1272304.0755097177,6573.538026862609,1077.3533173171984,122454167.64273037
5494,5495.0,30.0,494.0,219565.86786193214,56170.74981415948,525.21092,1076.7907686108126,2957.261562764514,490.32676428715484,259.8731850721921,1538.2725265868753,1272304.0755097177,6573.538026862609,1077.3533173171984,122454167.64273037
5495,5496.0,30.0,494.0,114035.2102330178,0.0,482.03890703279995,1002.9812865325696,2724.349532556495,451.7089417808864,239.4057391438698,1432.8304093322424,1272304.0755097177,6573.538026862609,1077.3533173171984,122454167.64273037
5496,5497.0,30.0,494.0,38909.0104576014,9420.229174282402,482.03890703279995,987.1520290213809,2715.903849819412,450.30861103543873,238.66356384878253,1410.2171843162587,1272304.0755097177,6573.538026862609,1077.3533173171984,122454167.64273037
5497,5498.0,30.0,494.0,0.0,0.0,482.03890703279995,987.1520290213809,2705.8435194533527,448.64056472592034,237.7794993047378,1410.2171843162582,1272304.0755097177,6573.538026862609,1077.3533173171984,122454167.64273037
5498,5499.0,30.0,494.0,0.0,20810.10653355252,482.03890703279995,977.3382040288768,2695.0354609929077,446.8485418626529,236.82972718720603,1396.197434326967,1272304.0755097177,6573.538026862609,1077.3533173171984,122454167.64273037
5499,5500.0,30.0,494.0,26740.47007051669,39770.35094896052,482.03890703279995,974.9930612022296,2687.6075526399864,445.616962514391,236.17699013262722,1392.8472302888995,1272304.0755097177,6573.538026862609,1077.3533173171984,122454167.64273037
5500,5501.0,30.0,494.0,68267.89515626803,51038.308488599956,482.03890703279995,974.9930612022296,2683.5000651357545,444.9359233115492,235.81603935512106,1392.8472302888995,1272304.0755097177,6573.538026862609,1077.3533173171984,122454167.64273037
5501,5502.0,30.0,494.0,121589.68045219965,56170.74981415948,482.03890703279995,974.9930612022296,2680.22385396626,444.3927133222515,235.5281380607933,1392.8472302888995,1272304.0755097177,6573.538026862609,1077.3533173171984,122454167.64273037
5502,5503.0,30.0,494.0,186674.6680234652,55183.883521190335,482.03890703279995,974.9930612022296,2676.9562977786672,443.8509383664065,235.24099733419547,1392.8472302888995,1272304.0755097177,6573.538026862609,1077.3533173171984,122454167.64273037
5503,5504.0,30.0,494.0,257629.61106510088,51143.42158397859,482.03890703279995,974.9930612022295,2675.3257545924534,443.5805872501599,235.09771124258472,1392.8472302888993,1272304.0755097177,6573.538026862609,1077.3533173171984,122454167.64273037
5504,5505.0,30.0,494.0,334446.76628193446,44053.39212378958,482.03890703279995,974.9930612022296,2673.6973623215654,443.31059276498206,234.9546141654405,1392.8472302888995,1272304.0755097177,6573.538026862609,1077.3533173171984,122454167.64273037
5505,5506.0,30.0,494.0,414192.1286371406,35440.08695762387,482.03890703279995,974.9930612022296,2672.883971449795,443.1757290385949,234.8831363904553,1392.8472302888995,1272304.0755097177,6573.538026862609,1077.3533173171984,122454167.64273037
5506,5507.0,30.0,494.0,493937.4909923468,26826.781791458157,482.03890703279995,974.9930612022295,2672.883971449795,443.1757290385949,234.8831363904553,1392.8472302888993,1272304.0755097177,6573.538026862609,1077.3533173171984,122454167.64273037
5507,5508.0,30.0,494.0,573682.8533475529,18213.476625294203,482.03890703279995,974.9930612022295,2672.883971449795,443.1757290385949,234.8831363904553,1392.8472302888993,1272304.0755097177,6573.538026862609,1077.3533173171984,122454167.64273037
5508,5509.0,30.0,494.0,653428.2157027591,9600.171459131421,482.03890703279995,974.9930612022293,2672.883971449795,443.1757290385949,234.8831363904553,1392.8472302888993,1272304.0755097177,6573.538026862609,1077.3533173171984,122454167.64273037
5509,5510.0,30.0,494.0,733173.5780579653,986.8662929686383,482.03890703279995,974.9930612022293,2672.883971449795,443.1757290385949,234.8831363904553,1392.8472302888993,1272304.0755097177,6573.538026862609,1077.3533173171984,122454167.64273037
5510,5511.0,30.0,494.0,798258.5656292308,0.0,482.03890703279995,974.9930612022293,2676.9562977786672,443.8509383664065,235.24099733419547,1392.847230288899,1272304.0755097177,6573.538026862609,1077.3533173171984,122454167.64273037
5511,5512.0,30.0,494.0,839785.9907149822,0.0,482.03890703279995,977.1840529460484,2683.5000651357545,444.9359233115492,235.81603935512106,1395.977218494355,1272304.0755097177,6573.538026862609,1077.3533173171984,122454167.64273037
5512,5513.0,30.0,494.0,810391.5703928539,0.0,484.1031048070971,984.3579028783403,2703.2005777490544,448.202353554347,237.54724738380392,1406.2255755404863,1272304.0755097177,6573.538026862609,1077.3533173171984,122454167.64273037
5513,5514.0,30.0,494.0,748021.2029717467,0.0,484.10310480709705,987.6934688735956,2712.3605630543266,449.72111875665576,238.35219294102757,1410.9906698194225,1272304.0755097177,6573.538026862609,1077.3533173171984,122454167.64273037
5514,5515.0,30.0,494.0,655462.0317142601,0.0,484.1031048070971,990.7471111908823,2720.7463418977645,451.1115171773105,239.08910410397456,1415.3530159869747,1272304.0755097177,6573.538026862609,1077.3533173171984,122454167.64273037
5515,5516.0,30.0,494.0,541650.1968343314,7427.031887247227,484.1031048070971,991.4527045724326,2726.64985957067,452.090345954215,239.60788335573397,1416.3610065320468,1272304.0755097177,6573.538026862609,1077.3533173171984,122454167.64273037
5516,5517.0,30.0,494.0,415649.1135082096,21195.00386333838,484.1031048070971,991.4527045724326,2730.0357619168303,452.65174321527877,239.90542390409777,1416.3610065320468,1272304.0755097177,6573.538026862609,1077.3533173171984,122454167.64273037
5517,5518.0,30.0,494.0,283541.1154274717,38139.839512165636,484.1031048070971,991.4527045724326,2731.732127126446,452.93300790784207,240.0544941911563,1416.3610065320468,1272304.0755097177,6573.538026862609,1077.3533173171984,122454167.64273037
5518,5519.0,30.0,494.0,157540.0321013499,51907.81148825586,484.1031048070972,991.4527045724326,2730.035761916831,452.6517432152788,239.9054239040978,1416.3610065320468,1272304.0755097177,6573.538026862609,1077.3533173171984,122454167.64273037
5519,5520.0,30.0,494.0,49810.5638714257,56170.74981415948,484.1031048070972,991.4527045724326,2724.960313278997,451.81021186775473,239.45941228991,1416.3610065320468,1272304.0755097177,6573.538026862609,1077.3533173171984,122454167.64273037
5520,5521.0,30.0,494.0,9908.69606751593,25149.252633605152,481.60892263541774,991.4527045724326,2706.1193131606597,448.68629251605483,237.80373503350907,1416.3610065320468,1272304.0755097177,6573.538026862609,1077.3533173171984,122454167.64273037
5521,5522.0,30.0,494.0,0.0,36441.20624741446,481.60892263541774,980.1912353001991,2697.7878765672176,447.3049042756088,237.07159926607267,1400.2731932859988,1272304.0755097177,6573.538026862609,1077.3533173171984,122454167.64273037
5522,5523.0,30.0,494.0,28784.812465547846,53222.87140254397,481.6089226354178,975.2098855684982,2687.0396797524777,445.5228067322429,236.12708756808874,1393.156979383569,1272304.0755097177,6573.538026862609,1077.3533173171984,122454167.64273037
5523,5524.0,30.0,494.0,84162.44258991256,56170.74981415948,481.6089226354178,975.2098855684982,2679.6527859583593,444.298027775316,235.47795472091747,1393.156979383569,1272304.0755097177,6573.538026862609,1077.3533173171984,122454167.64273037
5524,5525.0,30.0,494.0,145428.09347221628,56055.63488104567,481.6089226354178,975.2098855684982,2678.0172246367124,444.0268446304991,235.33422765416455,1393.156979383569,1272304.0755097177,6573.538026862609,1077.3533173171984,122454167.64273037
5525,5526.0,30.0,494.0,212573.98258725926,52881.575132215396,481.6089226354178,975.2098855684982,2676.383825127618,443.7560199235585,235.190690559486,1393.156979383569,1272304.0755097177,6573.538026862609,1077.3533173171984,122454167.64273037
5526,5527.0,30.0,494.0,282657.07719197683,48179.5586663736,481.6089226354178,975.2098855684982,2675.5679347138193,443.6207417622866,235.11899313401193,1393.156979383569,1272304.0755097177,6573.538026862609,1077.3533173171984,122454167.64273037
5527,5528.0,30.0,494.0,352740.1717966944,43477.54220053181,481.6089226354178,975.2098855684982,2675.5679347138193,443.6207417622866,235.11899313401193,1393.156979383569,1272304.0755097177,6573.538026862609,1077.3533173171984,122454167.64273037
5528,5529.0,30.0,494.0,425758.53203899413,37248.57814354636,481.6089226354178,975.2098855684982,2674.752583147824,443.48555294431236,235.04734306048556,1393.156979383569,1272304.0755097177,6573.538026862609,1077.3533173171984,122454167.64273037
5529,5530.0,30.0,494.0,501710.2199878916,29493.674621907994,481.6089226354178,975.2098855684982,2673.9377698959916,443.3504533811557,234.97574029201255,1393.156979383569,1272304.0755097177,6573.538026862609,1077.3533173171984,122454167.64273037
5530,5531.0,30.0,494.0,577661.9079367891,21738.77110026218,481.6089226354178,975.2098855684982,2673.9377698959916,443.3504533811557,234.97574029201255,1393.156979383569,1272304.0755097177,6573.538026862609,1077.3533173171984,122454167.64273037
5531,5532.0,30.0,494.0,653613.5958856903,13983.867578623816,481.6089226354178,975.2098855684982,2673.9377698959916,443.3504533811557,234.97574029201255,1393.156979383569,1272304.0755097177,6573.538026862609,1077.3533173171984,122454167.64273037
5532,5533.0,30.0,494.0,729565.2838345878,6228.964056985453,481.6089226354178,975.2098855684982,2673.9377698959916,443.3504533811557,234.97574029201255,1393.156979383569,1272304.0755097177,6573.538026862609,1077.3533173171984,122454167.64273037
5533,5534.0,30.0,494.0,802583.6440768875,0.0,481.6089226354178,975.2098855684982,2674.752583147824,443.48555294431236,235.04734306048556,1393.156979383569,1272304.0755097177,6573.538026862609,1077.3533173171984,122454167.64273037
5534,5535.0,30.0,494.0,857961.2742012609,0.0,481.6089226354178,975.7830841485345,2679.6527859583593,444.298027775316,235.47795472091747,1393.9758344979066,1272304.0755097177,6573.538026862609,1077.3533173171984,122454167.64273037
5535,5536.0,30.0,494.0,892669.3207052238,0.0,481.6089226354178,977.8738432115988,2685.3943369640288,445.25000177790224,235.9825009422882,1396.962633159427,1272304.0755097177,6573.538026862609,1077.3533173171984,122454167.64273037
5536,5537.0,30.0,494.0,891719.6275902782,0.0,481.6089226354178,981.4806765008285,2695.299264635946,446.89228164824596,236.85290927357036,1402.1152521440408,1272304.0755097177,6573.538026862609,1077.3533173171984,122454167.64273037
5537,5538.0,30.0,494.0,842780.6510867476,0.0,481.6089226354178,986.3348637460709,2708.629621132777,449.10251244087675,238.0243315936647,1409.04980535153,1272304.0755097177,6573.538026862609,1077.3533173171984,122454167.64273037
5538,5539.0,30.0,494.0,748382.4891701471,0.0,481.6089226354178,990.9331278256652,2721.2571726364076,451.19621512433383,239.13399401589695,1415.6187540366648,1272304.0755097177,6573.538026862609,1077.3533173171984,122454167.64273037
5539,5540.0,30.0,494.0,623422.4365807474,1635.277957267128,481.6089226354178,993.7065377163157,2729.7465867121855,452.603796714979,239.88001225893888,1419.5807681661654,1272304.0755097177,6573.538026862609,1077.3533173171984,122454167.64273037
5540,5541.0,30.0,494.0,473863.9040036034,16066.872977690771,481.6089226354178,993.7065377163157,2736.579497819892,453.7367229452079,240.4804631609602,1419.5807681661654,1272304.0755097177,6573.538026862609,1077.3533173171984,122454167.64273037
5541,5542.0,30.0,494.0,311956.10533639044,36922.650486811996,481.6089226354178,993.7065377163157,2740.0098495115776,454.3054901001087,240.78190975305765,1419.5807681661654,1272304.0755097177,6573.538026862609,1077.3533173171984,122454167.64273037
5542,5543.0,30.0,494.0,153138.76147628576,56170.74981415948,481.6089226354178,993.7065377163157,2739.1513898429366,454.16315377217086,240.70647149925057,1419.5807681661654,1272304.0755097177,6573.538026862609,1077.3533173171984,122454167.64273037
5543,5544.0,30.0,494.0,65637.39817786962,38319.73165977467,478.65146957635875,993.7065377163157,2719.341395242467,450.87857094213064,238.96564259932924,1419.5807681661654,1272304.0755097177,6573.538026862609,1077.3533173171984,122454167.64273037
5544,5545.0,30.0,494.0,8633.46242263302,4603.718894030899,478.65146957635875,993.7065377163157,2710.8698875915843,449.4739583142208,238.22119790653704,1419.5807681661654,1272304.0755097177,6573.538026862609,1077.3533173171984,122454167.64273037
5545,5546.0,30.0,494.0,0.0,41455.513465077616,478.65146957635966,975.0922744491717,2697.4336449991947,447.24617114873763,237.04047070883095,1392.9889634988167,1272304.0755097177,6573.538026862609,1077.3533173171984,122454167.64273037
5546,5547.0,30.0,494.0,48136.62736588492,48775.07397126686,478.65146957635966,975.0922744491717,2681.664175613495,444.6315248841755,235.65470818861303,1392.9889634988167,1272304.0755097177,6573.538026862609,1077.3533173171984,122454167.64273037
5547,5548.0,30.0,494.0,131759.1813268736,55533.271904636174,478.65146957635966,971.6119741359247,2671.806973781521,442.9971581646219,234.78849382724962,1388.017105908464,1272304.0755097177,6573.538026862609,1077.3533173171984,122454167.64273037
5548,5549.0,30.0,494.0,227147.65264320746,56170.74981415948,478.65146957635903,971.6119741359247,2668.5386634050524,442.45525816099763,234.50128682532875,1388.017105908464,1272304.0755097177,6573.538026862609,1077.3533173171984,122454167.64273037
5549,5550.0,30.0,494.0,325472.73052059114,55280.58257388603,478.65146957635903,971.6119741359247,2667.722939360301,442.32000758443377,234.42960401974992,1388.017105908464,1272304.0755097177,6573.538026862609,1077.3533173171984,122454167.64273037
5550,5551.0,30.0,494.0,426732.46972132474,52863.782111342065,478.65146957635903,971.6119741359247,2666.9077556593707,442.18484659921364,234.35796869758323,1388.017105908464,1272304.0755097177,6573.538026862609,1077.3533173171984,122454167.64273037
5551,5552.0,30.0,494.0,530924.926939832,48921.35934892949,478.65146957635903,971.6119741359247,2666.0931117655446,442.04977511634735,234.28638081166412,1388.017105908464,1272304.0755097177,6573.538026862609,1077.3533173171984,122454167.64273037
5552,5553.0,30.0,494.0,638048.160800159,43454.32420523465,478.65146957635903,971.6119741359247,2665.2790071428167,441.9147930469628,234.2148403148903,1388.017105908464,1272304.0755097177,6573.538026862609,1077.3533173171984,122454167.64273037
5553,5554.0,30.0,494.0,748100.2318534143,36463.68559637666,478.65146957635903,971.6119741359247,2664.4654412558925,441.7799003023058,234.14334716022208,1388.017105908464,1272304.0755097177,6573.538026862609,1077.3533173171984,122454167.64273037
5554,5555.0,30.0,494.0,858152.3029066697,29473.046987518668,478.65146957635903,971.6119741359247,2664.4654412558925,441.7799003023058,234.14334716022208,1388.017105908464,1272304.0755097177,6573.538026862609,1077.3533173171984,122454167.64273037
5555,5556.0,30.0,494.0,971131.273628477,20959.81282846816,478.65146957635903,971.6119741359247,2663.652413570184,441.6450967937393,234.07190130068184,1388.017105908464,1272304.0755097177,6573.538026862609,1077.3533173171984,122454167.64273037
5556,5557.0,30.0,494.0,1087035.208416434,10924.990034370683,478.65146957635903,971.6119741359247,2662.8399235518086,441.5103824327434,234.00050268935402,1388.017105908464,1272304.0755097177,6573.538026862609,1077.3533173171984,122454167.64273037
5557,5558.0,30.0,494.0,1202939.143204391,890.1672402732074,478.65146957635903,971.6119741359247,2662.8399235518086,441.5103824327434,234.00050268935402,1388.017105908464,1272304.0755097177,6573.538026862609,1077.3533173171984,122454167.64273037
5558,5559.0,30.0,494.0,1301264.2210817747,0.0,478.6514695763591,971.6119741359247,2667.722939360301,442.32000758443377,234.42960401974992,1388.017105908464,1272304.0755097177,6573.538026862609,1077.3533173171984,122454167.64273037
5559,5560.0,30.0,494.0,1376041.8169711325,0.0,478.65146957635903,973.8207488160396,2674.2639065791964,443.4045282545469,235.00439997490986,1391.172498308628,1272304.0755097177,6573.538026862609,1077.3533173171984,122454167.64273037
5560,5561.0,30.0,494.0,1319269.634486802,0.0,483.8026921416,987.1272041578553,2710.8055116829987,449.46328450999863,238.2155407902993,1410.1817202255077,1272304.0755097177,6573.538026862609,1077.3533173171984,122454167.64273037
5561,5562.0,30.0,494.0,1217166.4990163948,0.0,483.8026921416,991.7124973371239,2723.397443068021,451.5510812236488,239.32207304853387,1416.7321390530342,1272304.0755097177,6573.538026862609,1077.3533173171984,122454167.64273037
5562,5563.0,30.0,494.0,1075406.191411972,0.0,483.8026921416,995.7238791616145,2734.4133242163584,453.3775619878958,240.29010785358477,1422.4626845165922,1272304.0755097177,6573.538026862609,1077.3533173171984,122454167.64273037
5563,5564.0,30.0,494.0,905986.9493590351,10028.071085011587,483.8026921416,996.5717187242595,2742.096361563168,454.6514428273832,240.96526469851312,1423.6738838917995,1272304.0755097177,6573.538026862609,1077.3533173171984,122454167.64273037
5564,5565.0,30.0,494.0,724220.8089424465,26479.092949362937,483.8026921416,996.5717187242595,2745.5260555530713,455.2201009324824,241.2666534942157,1423.6738838917995,1272304.0755097177,6573.538026862609,1077.3533173171984,122454167.64273037
5565,5566.0,30.0,494.0,539362.723308159,44538.56831845641,483.8026921416,996.5717187242595,2746.3849292246546,455.36250590389966,241.34212812906682,1423.6738838917995,1272304.0755097177,6573.538026862609,1077.3533173171984,122454167.64273037
5566,5567.0,30.0,494.0,366859.88480784,56170.74981415948,483.8026921416,996.5717187242595,2742.952916131885,454.7934632815097,241.04053553920014,1423.6738838917995,1272304.0755097177,6573.538026862609,1077.3533173171984,122454167.64273037
5567,5568.0,30.0,494.0,218967.6422662586,55000.31142610684,483.8026921416,996.5717187242595,2736.11663947668,453.6599790289416,240.43978888533908,1423.6738838917995,1272304.0755097177,6573.538026862609,1077.3533173171984,122454167.64273037
5568,5569.0,30.0,494.0,101652.71896354482,37923.31815674063,483.8026921416,996.5717187242595,2727.622939688106,452.2516868485688,239.69339402974148,1423.6738838917995,1272304.0755097177,6573.538026862609,1077.3533173171984,122454167.64273037
5569,5570.0,30.0,494.0,26802.69281200438,0.0,483.8026921416,996.3297834082117,2715.827134923891,450.29589137378724,238.65682242810726,1423.328262011731,1272304.0755097177,6573.538026862609,1077.3533173171984,122454167.64273037
5570,5571.0,30.0,494.0,0.0,10843.245447352529,483.8026921416,981.9873369568054,2702.480653440687,448.08298698863695,237.4839831039776,1402.8390527954364,1272304.0755097177,6573.538026862609,1077.3533173171984,122454167.64273037
5571,5572.0,30.0,494.0,1.862645149230957e-09,7743.525494417176,483.8026921416,981.9873369568054,2695.0354609929072,446.848541862653,236.82972718720612,1402.8390527954364,1272304.0755097177,6573.538026862609,1077.3533173171984,122454167.64273037
5572,5573.0,30.0,494.0,0.0,4643.805541480891,483.8026921416,981.9873369568054,2695.035460992908,446.848541862653,236.82972718720612,1402.8390527954364,1272304.0755097177,6573.538026862609,1077.3533173171984,122454167.64273037
5573,5574.0,30.0,494.0,2968.210170293585,0.0,483.8026921416,981.9873369568054,2694.2109581678264,446.71183572632117,236.75727293495024,1402.8390527954364,1272304.0755097177,6573.538026862609,1077.3533173171984,122454167.64273037
5574,5575.0,30.0,494.0,566016.8399024867,56170.74981415948,453.6971528651791,913.5093187605711,2538.6330638450763,420.9163476036639,223.08566422994187,1305.0133125151017,1272304.0755097177,6573.538026862609,1077.3533173171984,122454167.64273037
5575,5576.0,30.0,494.0,2045707.946418805,52365.23011037707,404.29715286517904,832.4516240678289,2284.0101536272637,378.6987672406446,200.71034663754165,1189.2166058111843,1272304.0755097177,6573.538026862609,1077.3533173171984,122454167.64273037
5576,5577.0,30.0,494.0,3527874.559075365,47271.933215562254,404.29715286517904,832.4516240678289,2283.322513032752,378.58475345439564,200.6499193308297,1189.2166058111843,1272304.0755097177,6573.538026862609,1077.3533173171984,122454167.64273037
5577,5578.0,30.0,494.0,5012515.039699683,40891.71131954342,404.29715286517904,832.4516240678289,2282.6353274861526,378.47081511705966,200.58953201204162,1189.2166058111843,1272304.0755097177,6573.538026862609,1077.3533173171984,122454167.64273037
5578,5579.0,30.0,494.0,6502098.34824217,31940.192609207705,404.29715286517904,832.4516240678289,2281.2623197311054,378.2431644897529,200.46887717956906,1189.2166058111843,1272304.0755097177,6573.538026862609,1077.3533173171984,122454167.64273037
5579,5580.0,30.0,494.0,7991681.656784669,22988.67389887385,404.29715286517904,832.4516240678289,2281.2623197311054,378.2431644897529,200.46887717956906,1189.2166058111843,1272304.0755097177,6573.538026862609,1077.3533173171984,122454167.64273037
5580,5581.0,30.0,494.0,9483733.928522237,12752.781687522307,404.29715286517904,832.4516240678289,2280.576496621361,378.1294520503433,200.40860958668193,1189.2166058111843,1272304.0755097177,6573.538026862609,1077.3533173171984,122454167.64273037
5581,5582.0,30.0,494.0,10975786.200259805,2516.8894761707634,404.29715286517904,832.4516240678289,2280.576496621361,378.1294520503433,200.40860958668193,1189.2166058111843,1272304.0755097177,6573.538026862609,1077.3533173171984,122454167.64273037
5582,5583.0,30.0,494.0,12453000.160835689,0.0,404.29715286517916,832.4516240678289,2284.6982497218287,378.8128565507736,200.77081397191,1189.2166058111843,1272304.0755097177,6573.538026862609,1077.3533173171984,122454167.64273037
5583,5584.0,30.0,494.0,12993743.74988648,0.0,453.6971528651792,926.6875969745055,2544.828908478799,421.94364545568044,223.63013209151063,1323.8394242492936,1272304.0755097177,6573.538026862609,1077.3533173171984,122454167.64273037
5584,5585.0,30.0,494.0,12586790.833879199,0.0,503.0971528651791,1022.5485051269131,2808.077937661596,465.5914736715488,246.76348104592086,1460.783578752733,1272304.0755097177,6573.538026862609,1077.3533173171984,122454167.64273037
5585,5586.0,30.0,494.0,11920127.836283702,0.0,515.1527581332151,1048.8185653671976,2880.2196269916567,477.55287794664116,253.10302531171982,1498.3122362388538,1272304.0755097177,6573.538026862609,1077.3533173171984,122454167.64273037
5586,5587.0,30.0,494.0,11217925.68737851,0.0,515.1527581332151,1052.4134032729303,2890.0916134665717,479.18969602397306,253.97053889270572,1503.4477189613292,1272304.0755097177,6573.538026862609,1077.3533173171984,122454167.64273037
5587,5588.0,30.0,494.0,10489711.605107987,7495.5072213970125,515.1527581332155,1053.5870892048488,2897.317150512498,480.3877213337984,254.6054923069132,1505.124413149784,1272304.0755097177,6573.538026862609,1077.3533173171984,122454167.64273037
5588,5589.0,30.0,494.0,9748438.958584942,21784.179250055924,515.1527581332155,1053.5870892048488,2900.9445294715315,480.9891564622365,254.92425292498535,1505.124413149784,1272304.0755097177,6573.538026862609,1077.3533173171984,122454167.64273037
5589,5590.0,30.0,494.0,9000623.818460796,39476.306392407045,515.1527581332155,1053.5870892048488,2902.76188880517,481.29048250414985,255.08395572719942,1505.124413149784,1272304.0755097177,6573.538026862609,1077.3533173171984,122454167.64273037
5590,5591.0,30.0,494.0,8262619.112531429,52064.970778270625,515.1527581332155,1053.5870892048488,2900.0367681955095,480.8386457144483,254.84448222865763,1505.124413149784,1272304.0755097177,6573.538026862609,1077.3533173171984,122454167.64273037
5591,5592.0,30.0,494.0,7540921.136459554,56170.74981415948,515.1527581332155,1053.5870892048488,2895.507121012873,480.08761061008363,254.44643362334435,1505.124413149784,1272304.0755097177,6573.538026862609,1077.3533173171984,122454167.64273037
5592,5593.0,30.0,494.0,6848437.483615655,45079.01489808783,515.1527581332155,1053.5870892048488,2887.392031227324,478.74209360660006,253.73330961149804,1505.124413149784,1272304.0755097177,6573.538026862609,1077.3533173171984,122454167.64273037
5593,5594.0,30.0,494.0,6191421.648604754,15536.65040020924,515.1527581332155,1053.5870892048488,2877.5398596070463,477.1085609179134,252.8675372864941,1505.124413149784,1272304.0755097177,6573.538026862609,1077.3533173171984,122454167.64273037
5594,5595.0,30.0,494.0,5575987.693730557,20816.606969877455,515.1527581332155,1042.6100134347976,2865.9893373468512,475.1934343437277,251.8525202021757,1489.4428763354251,1272304.0755097177,6573.538026862609,1077.3533173171984,122454167.64273037
5595,5596.0,30.0,494.0,4985964.314675836,12877.78802555427,515.1527581332155,1042.6100134347976,2858.9308440636632,474.0231056126253,251.2322459746914,1489.4428763354251,1272304.0755097177,6573.538026862609,1077.3533173171984,122454167.64273037
5596,5597.0,30.0,494.0,4405435.1620852705,0.0,515.1527581332155,1042.6100134347976,2856.2935589347317,473.58583232572573,251.00049113263466,1489.4428763354251,1272304.0755097177,6573.538026862609,1077.3533173171984,122454167.64273037
5597,5598.0,30.0,494.0,3834381.374992093,0.0,515.1527581332155,1039.1475518121504,2853.6615129632337,473.1494277138005,250.76919668831428,1484.4965025887864,1272304.0755097177,6573.538026862609,1077.3533173171984,122454167.64273037
5598,5599.0,30.0,494.0,4182891.951649243,56170.74981415948,465.7527581332154,935.2101612679124,2598.2269674770323,430.79727471103195,228.32255559684694,1336.0145160970178,1272304.0755097177,6573.538026862609,1077.3533173171984,122454167.64273037
5599,5600.0,30.0,494.0,5160716.9754912,51549.13015788514,431.99753062959996,883.3748093519675,2423.417398814587,401.81309176017965,212.96093863289522,1261.9640133599537,1272304.0755097177,6573.538026862609,1077.3533173171984,122454167.64273037
5600,5601.0,30.0,494.0,6143816.503763355,44183.673033876345,431.99753062959996,883.3748093519675,2421.952258695091,401.57016518815595,212.83218754972268,1261.9640133599537,1272304.0755097177,6573.538026862609,1077.3533173171984,122454167.64273037
5601,5602.0,30.0,494.0,7126916.032035496,36818.2159098601,431.99753062959996,883.3748093519675,2421.952258695091,401.57016518815595,212.83218754972268,1261.9640133599537,1272304.0755097177,6573.538026862609,1077.3533173171984,122454167.64273037
5602,5603.0,30.0,494.0,8112650.199033903,28082.199608821422,431.99753062959996,883.3748093519675,2421.2204146044614,401.4488222709655,212.7678758036117,1261.9640133599537,1272304.0755097177,6573.538026862609,1077.3533173171984,122454167.64273037
5603,5604.0,30.0,494.0,9098384.36603231,19346.183307782747,431.99753062959996,883.3748093519675,2421.2204146044614,401.4488222709655,212.7678758036117,1261.9640133599537,1272304.0755097177,6573.538026862609,1077.3533173171984,122454167.64273037
5604,5605.0,30.0,494.0,10084118.533030717,10610.167006744072,431.99753062959996,883.3748093519675,2421.2204146044614,401.4488222709655,212.7678758036117,1261.9640133599537,1272304.0755097177,6573.538026862609,1077.3533173171984,122454167.64273037
5605,5606.0,30.0,494.0,11069852.700029124,1874.1507057053968,431.99753062959996,883.3748093519675,2421.2204146044614,401.4488222709655,212.7678758036117,1261.9640133599537,1272304.0755097177,6573.538026862609,1077.3533173171984,122454167.64273037
5606,5607.0,30.0,494.0,12042396.23860747,0.0,431.99753062959996,883.3748093519675,2424.884478054478,402.05633984675615,213.08986011878076,1261.9640133599537,1272304.0755097177,6573.538026862609,1077.3533173171984,122454167.64273037
5607,5608.0,30.0,494.0,12993743.74988648,0.0,431.99753062959996,885.1544007817798,2430.772263415405,403.0325601382551,213.60725687327522,1264.506286831114,1272304.0755097177,6573.538026862609,1077.3533173171984,122454167.64273037
5608,5609.0,30.0,494.0,12993743.74988648,0.0,481.3975306296,981.3846136326232,2695.035460992908,446.8485418626529,236.82972718720603,1401.978019475176,1272304.0755097177,6573.538026862609,1077.3533173171984,122454167.64273037
5609,5610.0,30.0,494.0,12952860.40975228,0.0,481.6614503765748,985.5200241703333,2706.391944363519,448.73149594926645,237.82769285311122,1407.8857488147619,1272304.0755097177,6573.538026862609,1077.3533173171984,122454167.64273037
5610,5611.0,30.0,494.0,12878748.403179388,0.0,481.66145037657475,988.8811531019115,2715.622129485377,450.26190058494615,238.63880731002146,1412.6873615741595,1272304.0755097177,6573.538026862609,1077.3533173171984,122454167.64273037
5611,5612.0,30.0,494.0,12780315.560982432,8056.89140832983,481.66145037657475,989.7746239508566,2722.377917158729,451.3820394160169,239.23248089048897,1413.9637485012238,1272304.0755097177,6573.538026862609,1077.3533173171984,122454167.64273037
5612,5613.0,30.0,494.0,12669673.122896874,22465.307800376788,481.66145037657475,989.7746239508566,2725.769471572229,451.94437381430424,239.53051812158125,1413.9637485012238,1272304.0755097177,6573.538026862609,1077.3533173171984,122454167.64273037
5613,5614.0,30.0,494.0,12555973.14067206,38464.281993554905,481.66145037657475,989.7746239508566,2726.6187893886895,452.0851943835903,239.60515302330288,1413.9637485012238,1272304.0755097177,6573.538026862609,1077.3533173171984,122454167.64273037
5614,5615.0,30.0,494.0,12448386.186578862,51283.212288608775,481.66145037657475,989.7746239508566,2724.920726018796,451.8036481287044,239.45593350821335,1413.9637485012238,1272304.0755097177,6573.538026862609,1077.3533173171984,122454167.64273037
5615,5616.0,30.0,494.0,12356045.82299703,56170.74981415948,481.66145037657475,989.7746239508566,2720.685561987861,451.10143960523095,239.0837629907724,1413.9637485012238,1272304.0755097177,6573.538026862609,1077.3533173171984,122454167.64273037
5616,5617.0,30.0,494.0,12287993.630689468,48423.39523805585,481.66145037657475,989.7746239508566,2713.9388477450084,449.98280518820104,238.49088674974655,1413.9637485012238,1272304.0755097177,6573.538026862609,1077.3533173171984,122454167.64273037
5617,5618.0,30.0,494.0,12256130.268123448,25877.102903864346,481.66145037657475,988.9916413381701,2703.88639503904,448.31606502881544,237.6075144652722,1412.8452019116717,1272304.0755097177,6573.538026862609,1077.3533173171984,122454167.64273037
5618,5619.0,30.0,494.0,12269096.93867011,45782.00306745153,481.66145037657475,976.2026184063701,2691.433608063279,446.2513390603508,236.51320970198594,1394.5751691519574,1272304.0755097177,6573.538026862609,1077.3533173171984,122454167.64273037
5619,5620.0,30.0,494.0,12308747.677130247,51805.647408494726,481.66145037657475,976.2026184063701,2684.021366976203,445.0223574125643,235.8618494286591,1394.5751691519574,1272304.0755097177,6573.538026862609,1077.3533173171984,122454167.64273037
5620,5621.0,30.0,494.0,12354306.604710283,54755.80666895397,481.66145037657475,976.2026184063701,2682.3802033317866,444.75024537838885,235.7176300505461,1394.5751691519574,1272304.0755097177,6573.538026862609,1077.3533173171984,122454167.64273037
5621,5622.0,30.0,494.0,12402816.692589143,56170.74981415948,481.66145037657475,976.2026184063701,2681.560436582113,444.61432450385456,235.64559198704293,1394.5751691519574,1272304.0755097177,6573.538026862609,1077.3533173171984,122454167.64273037
5622,5623.0,30.0,494.0,12454275.987182606,56051.49311354291,481.66145037657475,976.2026184063701,2680.7412124947236,444.4784936050753,235.57360161068993,1394.5751691519574,1272304.0755097177,6573.538026862609,1077.3533173171984,122454167.64273037
5623,5624.0,30.0,494.0,12508682.536845604,54399.05182773806,481.66145037657475,976.2026184063701,2679.922530530957,444.34275259273863,235.50165887415147,1394.5751691519574,1272304.0755097177,6573.538026862609,1077.3533173171984,122454167.64273037
5624,5625.0,30.0,494.0,12568977.749456549,49683.28312506806,481.66145037657475,976.2026184063701,2678.286790823201,444.071539870733,235.35791613148848,1394.5751691519574,1272304.0755097177,6573.538026862609,1077.3533173171984,122454167.64273037
5625,5626.0,30.0,494.0,12632214.373811409,43437.3695798239,481.66145037657475,976.2026184063701,2677.4697320054465,443.93606798302915,235.28611603100546,1394.5751691519574,1272304.0755097177,6573.538026862609,1077.3533173171984,122454167.64273037
5626,5627.0,30.0,494.0,12698390.465996267,35662.32243086491,481.66145037657475,976.2026184063701,2676.65321316378,443.8006856256973,235.2143633816196,1394.5751691519574,1272304.0755097177,6573.538026862609,1077.3533173171984,122454167.64273037
5627,5628.0,30.0,494.0,12770439.66980242,24832.03778386116,481.66145037657475,976.2026184063701,2675.021793268976,443.5301891473726,235.07100024810748,1394.5751691519574,1272304.0755097177,6573.538026862609,1077.3533173171984,122454167.64273037
5628,5629.0,30.0,494.0,12845422.521245038,12475.647242244333,481.66145037657475,976.2026184063701,2674.206891147736,443.3950748492836,234.99938967012034,1394.5751691519574,1272304.0755097177,6573.538026862609,1077.3533173171984,122454167.64273037
5629,5630.0,30.0,494.0,12920405.372687656,119.25670062936842,481.66145037657475,976.2026184063701,2674.206891147736,443.3950748492836,234.99938967012034,1394.5751691519574,1272304.0755097177,6573.538026862609,1077.3533173171984,122454167.64273037
5630,5631.0,30.0,494.0,12971864.667281132,0.0,481.66145037657407,976.2026184063701,2680.74121249472,444.47849360507473,235.57360161068962,1394.5751691519574,1272304.0755097177,6573.538026862609,1077.3533173171984,122454167.64273037
5631,5632.0,30.0,494.0,12993743.74988648,0.0,481.66145037657407,979.1715119519731,2688.9579380469777,445.84086225849467,236.2956569970022,1398.816445645676,1272304.0755097177,6573.538026862609,1077.3533173171984,122454167.64273037
5632,5633.0,30.0,494.0,12979866.209559262,0.0,481.66145037657407,982.7883474351524,2698.8903333060234,447.48769637364694,237.1684790780329,1403.9833534787892,1272304.0755097177,6573.538026862609,1077.3533173171984,122454167.64273037
5633,5634.0,30.0,494.0,12929944.775073227,0.0,481.66145037657407,986.4342408292636,2708.9025261279176,449.14776127003336,238.0483134731177,1409.1917726132338,1272304.0755097177,6573.538026862609,1077.3533173171984,122454167.64273037
5634,5635.0,30.0,494.0,12843688.699303428,0.0,481.66145037657407,990.1095437266191,2718.9954820400735,450.8212170362776,238.93524502922713,1414.4422053237417,1272304.0755097177,6573.538026862609,1077.3533173171984,122454167.64273037
5635,5636.0,30.0,494.0,12729988.717078624,8812.66850607656,481.66145037657407,991.1719611677918,2726.618789388686,452.08519438358974,239.60515302330256,1415.9599445254169,1272304.0755097177,6573.538026862609,1077.3533173171984,122454167.64273037
5636,5637.0,30.0,494.0,12597900.090016969,27191.25042677764,481.66145037657407,991.1719611677918,2731.7267462878117,452.9321157415116,240.05402134300115,1415.9599445254169,1272304.0755097177,6573.538026862609,1077.3533173171984,122454167.64273037
5637,5638.0,30.0,494.0,12462739.439270308,47167.92251884099,481.66145037657407,991.1719611677918,2732.5800862003125,453.07360319172636,240.12900969161498,1415.9599445254169,1272304.0755097177,6573.538026862609,1077.3533173171984,122454167.64273037
5638,5639.0,30.0,494.0,12348673.913026193,56170.74981415948,481.1937001682081,991.1719611677918,2726.7203293940506,452.1020301558809,239.6140759826169,1415.9599445254169,1272304.0755097177,6573.538026862609,1077.3533173171984,122454167.64273037
5639,5640.0,30.0,494.0,12252942.033551509,55636.274109355174,481.1937001682081,991.1719611677918,2721.6276497358754,451.25764183061904,239.1665501702281,1415.9599445254169,1272304.0755097177,6573.538026862609,1077.3533173171984,122454167.64273037
5640,5641.0,30.0,494.0,12187602.132776441,39291.65908656269,481.1937001682085,991.1719611677918,2713.185433430426,449.8578858345369,238.42467949230456,1415.9599445254169,1272304.0755097177,6573.538026862609,1077.3533173171984,122454167.64273037
5641,5642.0,30.0,494.0,12164469.847580396,33645.92592664529,481.1937001682085,984.8222600632125,2701.4610957695872,447.9139399147599,237.39438815482276,1406.8889429474466,1272304.0755097177,6573.538026862609,1077.3533173171984,122454167.64273037
5642,5643.0,30.0,494.0,12189093.95176547,50821.864526071586,481.1937001682085,975.5540831059712,2688.1954320526092,445.71443546497875,236.22865079643876,1393.6486901513877,1272304.0755097177,6573.538026862609,1077.3533173171984,122454167.64273037
5643,5644.0,30.0,494.0,12240358.522519032,54139.229055447504,481.1937001682085,975.5540831059712,2680.7953024502513,444.48746195376935,235.57835483549778,1393.6486901513877,1272304.0755097177,6573.538026862609,1077.3533173171984,122454167.64273037
5644,5645.0,30.0,494.0,12294573.34127282,55921.852054262534,481.1937001682085,975.5540831059712,2679.9757891168556,444.35158309675046,235.50633904127776,1393.6486901513877,1272304.0755097177,6573.538026862609,1077.3533173171984,122454167.64273037
5645,5646.0,30.0,494.0,12351736.454399887,56170.74981415948,481.1937001682085,975.5540831059712,2679.156818457606,444.21579421745344,235.43437093525034,1393.6486901513877,1272304.0755097177,6573.538026862609,1077.3533173171984,122454167.64273037
5646,5647.0,30.0,494.0,12414790.30314969,53355.24193594139,481.1937001682085,975.5540831059712,2677.5205030068514,443.94448603476724,235.29057759842664,1393.6486901513877,1272304.0755097177,6573.538026862609,1077.3533173171984,122454167.64273037
5647,5648.0,30.0,494.0,12480786.597020948,49009.05164426472,481.1937001682085,975.5540831059712,2676.7031571397806,443.80896655304457,235.21875227311364,1393.6486901513877,1272304.0755097177,6573.538026862609,1077.3533173171984,122454167.64273037
5648,5649.0,30.0,494.0,12549723.390130818,43133.19120224193,481.1937001682085,975.5540831059712,2675.886351795722,443.6735366923763,235.14697444695943,1393.6486901513877,1272304.0755097177,6573.538026862609,1077.3533173171984,122454167.64273037
5649,5650.0,30.0,494.0,12621598.738526074,35728.67186916992,481.1937001682085,975.5540831059712,2675.07008643867,443.53819636389045,235.07524407286195,1393.6486901513877,1272304.0755097177,6573.538026862609,1077.3533173171984,122454167.64273037
5650,5651.0,30.0,494.0,12696410.700180577,26796.50390187744,481.1937001682085,975.5540831059712,2674.2543605333235,443.4029454788319,235.00356110378092,1393.6486901513877,1272304.0755097177,6573.538026862609,1077.3533173171984,122454167.64273037
5651,5652.0,30.0,494.0,12771222.66183508,17864.33593458496,481.1937001682085,975.5540831059712,2674.2543605333235,443.4029454788319,235.00356110378092,1393.6486901513877,1272304.0755097177,6573.538026862609,1077.3533173171984,122454167.64273037
5652,5653.0,30.0,494.0,12846034.623489583,8932.16796729248,481.1937001682085,975.5540831059712,2674.2543605333235,443.4029454788319,235.00356110378092,1393.6486901513877,1272304.0755097177,6573.538026862609,1077.3533173171984,122454167.64273037
5653,5654.0,30.0,494.0,12920846.585144086,0.0,481.1937001682085,975.5540831059712,2674.2543605333235,443.4029454788319,235.00356110378092,1393.6486901513877,1272304.0755097177,6573.538026862609,1077.3533173171984,122454167.64273037
5654,5655.0,30.0,494.0,12975061.403897874,0.0,481.1937001682085,975.9007042446299,2679.9757891168556,444.35158309675046,235.50633904127776,1394.1438632066142,1272304.0755097177,6573.538026862609,1077.3533173171984,122454167.64273037
5655,5656.0,30.0,494.0,12993743.74988648,0.0,481.19370016820847,979.4948666056724,2689.845920440517,445.98809358197667,236.37368959844764,1399.2783808652464,1272304.0755097177,6573.538026862609,1077.3533173171984,122454167.64273037
5656,5657.0,30.0,494.0,12967621.964894865,0.0,481.3538567093803,984.0268709570865,2702.291512379467,448.05162658220235,237.46736208856726,1405.752672795838,1272304.0755097177,6573.538026862609,1077.3533173171984,122454167.64273037
5657,5658.0,30.0,494.0,12899278.516289685,0.0,481.35385670938035,988.2976549012078,2714.019752272124,449.9962195089011,238.4979963397176,1411.8537927160112,1272304.0755097177,6573.538026862609,1077.3533173171984,122454167.64273037
5658,5659.0,30.0,494.0,12800532.973569434,410.2160731423646,481.35385670938035,991.2931076103267,2722.4647784151994,451.396441388221,239.24011393575714,1416.1330108718955,1272304.0755097177,6573.538026862609,1077.3533173171984,122454167.64273037
5659,5660.0,30.0,494.0,12677317.917296717,13549.659885342233,481.35385670938035,991.2931076103267,2729.261865513107,452.5234278426012,239.83741675657865,1416.1330108718955,1272304.0755097177,6573.538026862609,1077.3533173171984,122454167.64273037
5660,5661.0,30.0,494.0,12544892.673338516,31480.313637885265,481.35385670938035,991.2931076103267,2731.8202509812972,452.9476192243214,240.06223818889035,1416.1330108718955,1272304.0755097177,6573.538026862609,1077.3533173171984,122454167.64273037
5661,5662.0,30.0,494.0,12415539.566814993,47812.81804561801,481.35385670938035,991.2931076103267,2730.966879471664,452.8061265351654,239.98724706363768,1416.1330108718955,1272304.0755097177,6573.538026862609,1077.3533173171984,122454167.64273037
5662,5663.0,30.0,494.0,12301516.055870205,56170.74981415948,481.35385670938035,991.2931076103267,2726.70865847756,452.1000950674224,239.61305038573389,1416.1330108718955,1272304.0755097177,6573.538026862609,1077.3533173171984,122454167.64273037
5663,5664.0,30.0,494.0,12211912.621341066,51825.17141961772,481.35385670938035,991.2931076103267,2719.9253039176688,450.97538552727104,239.01695432945365,1416.1330108718955,1272304.0755097177,6573.538026862609,1077.3533173171984,122454167.64273037
5664,5665.0,30.0,494.0,12152650.043383796,31696.04782818444,481.35385670938035,991.2931076103267,2711.4972882032603,449.5779840506347,238.27633154683642,1416.1330108718955,1272304.0755097177,6573.538026862609,1077.3533173171984,122454167.64273037
5665,5666.0,30.0,494.0,12132527.705020089,10309.43650082592,481.35385670938035,987.5785257837936,2700.6249994272707,447.77531152310115,237.32091510724362,1410.8264654054194,1272304.0755097177,6573.538026862609,1077.3533173171984,122454167.64273037
5666,5667.0,30.0,494.0,12154178.20425223,32105.874816881493,481.35385670938035,974.956437160226,2689.0214334284237,445.85139006750677,236.3012367357786,1392.7949102288944,1272304.0755097177,6573.538026862609,1077.3533173171984,122454167.64273037
5667,5668.0,30.0,494.0,12199524.850689286,41575.39647140447,481.35385670938035,974.956437160226,2682.4391703159476,444.7600223595351,235.72281185055363,1392.7949102288944,1272304.0755097177,6573.538026862609,1077.3533173171984,122454167.64273037
5668,5669.0,30.0,494.0,12247824.683283018,49508.64814395271,481.35385670938035,974.956437160226,2681.6188408279822,444.62400818055676,235.6507243356951,1392.7949102288944,1272304.0755097177,6573.538026862609,1077.3533173171984,122454167.64273037
5669,5670.0,30.0,494.0,12302025.021472454,54372.41176385805,481.35385670938035,974.956437160226,2679.979811495842,444.3522500245928,235.5066925130342,1392.7949102288944,1272304.0755097177,6573.538026862609,1077.3533173171984,122454167.64273037
5670,5671.0,30.0,494.0,12362118.055908449,56170.74981415948,481.35385670938035,974.956437160226,2678.3429514273535,444.0808515419295,235.36285131722266,1392.7949102288944,1272304.0755097177,6573.538026862609,1077.3533173171984,122454167.64273037
5671,5672.0,30.0,494.0,12428095.992735174,54907.716718152165,481.35385670938035,974.956437160226,2676.7082563188173,443.8098120189949,235.21920037006728,1392.7949102288944,1272304.0755097177,6573.538026862609,1077.3533173171984,122454167.64273037
5672,5673.0,30.0,494.0,12499951.05354916,50587.35886069946,481.35385670938035,974.956437160226,2675.0757218779113,443.5391307441034,235.0757392943748,1392.7949102288944,1272304.0755097177,6573.538026862609,1077.3533173171984,122454167.64273037
5673,5674.0,30.0,494.0,12577675.475358477,43213.71460945904,481.35385670938035,974.956437160226,2673.445343823653,443.2688070074495,234.93246771394823,1392.7949102288944,1272304.0755097177,6573.538026862609,1077.3533173171984,122454167.64273037
5674,5675.0,30.0,494.0,12658331.671348466,34314.93904961353,481.35385670938035,974.956437160226,2672.6309621068,443.1337789946599,234.86090286716976,1392.7949102288944,1272304.0755097177,6573.538026862609,1077.3533173171984,122454167.64273037
5675,5676.0,30.0,494.0,12741917.706532052,23892.038776215166,481.35385670938035,974.956437160226,2671.81711788636,442.99884010110156,234.78938525358384,1392.7949102288944,1272304.0755097177,6573.538026862609,1077.3533173171984,122454167.64273037
5676,5677.0,30.0,494.0,12828431.647837145,11946.019388107583,481.35385670938035,974.956437160226,2671.003810630382,442.8639902385746,234.71791482644457,1392.7949102288944,1272304.0755097177,6573.538026862609,1077.3533173171984,122454167.64273037
5677,5678.0,30.0,494.0,12914945.589142239,0.0,481.35385670938035,974.956437160226,2671.003810630382,442.8639902385746,234.71791482644457,1392.7949102288944,1272304.0755097177,6573.538026862609,1077.3533173171984,122454167.64273037
5678,5679.0,30.0,494.0,12972093.250654321,0.0,481.35385670937944,975.6040428464103,2679.161110572885,444.2165058687402,235.43474811043234,1393.7200612091576,1272304.0755097177,6573.538026862609,1077.3533173171984,122454167.64273037
5679,5680.0,30.0,494.0,12993743.74988648,0.0,481.35385670937944,979.1946334994576,2689.021433428419,445.851390067506,236.3012367357782,1398.8494764277966,1272304.0755097177,6573.538026862609,1077.3533173171984,122454167.64273037
5680,5681.0,30.0,494.0,12967621.964894881,0.0,481.35385670937944,984.026870957085,2702.2915123794623,448.05162658220155,237.46736208856683,1405.7526727958357,1272304.0755097177,6573.538026862609,1077.3533173171984,122454167.64273037
5681,5682.0,30.0,494.0,12893214.435663637,0.0,481.35385670937944,988.9110456574512,2715.7042191127052,450.27551140038975,238.64602104220657,1412.7300652249303,1272304.0755097177,6573.538026862609,1077.3533173171984,122454167.64273037
5682,5683.0,30.0,494.0,12779190.924718905,4026.830927594565,481.35385670937944,992.1352661071757,2726.708658477555,452.1000950674216,239.61305038573346,1417.3360944388226,1272304.0755097177,6573.538026862609,1077.3533173171984,122454167.64273037
5683,5684.0,30.0,494.0,12631373.786186595,25633.36489132652,481.35385670937944,992.1352661071757,2736.095777251883,453.6565199817915,240.4379555903495,1417.3360944388226,1272304.0755097177,6573.538026862609,1077.3533173171984,122454167.64273037
5684,5685.0,30.0,494.0,12471205.556137677,53665.03094457369,481.35385670937944,992.1352661071757,2739.5266360064957,454.2253712099199,240.73944674125755,1417.3360944388226,1272304.0755097177,6573.538026862609,1077.3533173171984,122454167.64273037
5685,5686.0,30.0,494.0,12360106.093130596,56170.74981415948,479.0884013599207,992.1352661071757,2725.896422939319,451.965422900334,239.541674137177,1417.3360944388226,1272304.0755097177,6573.538026862609,1077.3533173171984,122454167.64273037
5686,5687.0,30.0,494.0,12264346.83652759,50696.376212232746,479.0884013599207,992.1352661071757,2721.635254493742,451.258902732382,239.1672184481625,1417.3360944388226,1272304.0755097177,6573.538026862609,1077.3533173171984,122454167.64273037
5687,5688.0,30.0,494.0,12186927.471182525,35681.4511795938,479.0884013599207,992.1352661071757,2716.540840255426,450.4142268062265,238.71954020730007,1417.3360944388226,1272304.0755097177,6573.538026862609,1077.3533173171984,122454167.64273037
5688,5689.0,30.0,494.0,12127773.85353083,11164.544764509425,479.0884013599207,992.1352661071757,2711.467021451712,449.5729656922523,238.27367181689374,1417.3360944388226,1272304.0755097177,6573.538026862609,1077.3533173171984,122454167.64273037
5689,5690.0,30.0,494.0,12098899.602302613,37082.42816200014,479.0884013599207,979.2656985640031,2703.0560863340784,448.1783962524754,237.53455001381198,1398.9509979485758,1272304.0755097177,6573.538026862609,1077.3533173171984,122454167.64273037
5690,5691.0,30.0,494.0,12118051.661069842,38016.65848900098,479.0884013599207,979.2656985640031,2689.7154446686777,445.966460134388,236.36222387122567,1398.9509979485758,1272304.0755097177,6573.538026862609,1077.3533173171984,122454167.64273037
5691,5692.0,30.0,494.0,12175848.802926123,49702.64917303156,479.0884013599207,973.2660709792318,2678.9806993661628,444.1865929099588,235.41889424227816,1390.3801013989028,1272304.0755097177,6573.538026862609,1077.3533173171984,122454167.64273037
5692,5693.0,30.0,494.0,12245469.610763144,55237.87855742872,479.0884013599207,973.2660709792318,2675.696347704846,443.64203319189005,235.13027759170174,1390.3801013989028,1272304.0755097177,6573.538026862609,1077.3533173171984,122454167.64273037
5693,5694.0,30.0,494.0,12323937.574679611,56170.74981415948,479.0884013599207,973.2660709792318,2673.2388043494443,443.23456186885187,234.9143177904915,1390.3801013989028,1272304.0755097177,6573.538026862609,1077.3533173171984,122454167.64273037
5694,5695.0,30.0,494.0,12408293.865525581,54040.468453377485,479.0884013599207,973.2660709792318,2671.6031579801406,442.9633646227656,234.77058325006578,1390.3801013989028,1272304.0755097177,6573.538026862609,1077.3533173171984,122454167.64273037
5695,5696.0,30.0,494.0,12501468.019939354,47323.067153085954,479.0884013599207,973.2660709792318,2669.1537514335264,442.55724241783537,234.55533848145276,1390.3801013989028,1272304.0755097177,6573.538026862609,1077.3533173171984,122454167.64273037
5696,5697.0,30.0,494.0,12594642.174353126,40605.665852794154,479.0884013599207,973.2660709792318,2669.1537514335264,442.55724241783537,234.55533848145276,1390.3801013989028,1272304.0755097177,6573.538026862609,1077.3533173171984,122454167.64273037
5697,5698.0,30.0,494.0,12690751.723884394,32361.249604919925,479.0884013599207,973.2660709792318,2668.338363900889,442.42204763643616,234.48368524731117,1390.3801013989028,1272304.0755097177,6573.538026862609,1077.3533173171984,122454167.64273037
5698,5699.0,30.0,494.0,12792726.23613511,21065.83497994952,479.0884013599207,973.2660709792318,2666.7092075899313,442.15192647010855,234.34052102915754,1390.3801013989028,1272304.0755097177,6573.538026862609,1077.3533173171984,122454167.64273037
5699,5700.0,30.0,494.0,12894700.748385832,9770.420354975387,479.08840135992034,973.2660709792318,2666.7092075899295,442.15192647010826,234.3405210291574,1390.3801013989028,1272304.0755097177,6573.538026862609,1077.3533173171984,122454167.64273037
5700,5701.0,30.0,494.0,12993743.74988648,0.0,479.08840135992034,973.2660709792318,2667.523516131617,442.2869423501387,234.4120794455735,1390.3801013989028,1272304.0755097177,6573.538026862609,1077.3533173171984,122454167.64273037
5701,5702.0,30.0,494.0,12993743.74988648,0.0,484.2837244439999,981.3846136326232,2695.0354609929077,446.84854186265284,236.829727187206,1401.978019475176,1272304.0755097177,6573.538026862609,1077.3533173171984,122454167.64273037
5702,5703.0,30.0,494.0,12270869.758323042,0.0,520.58708,1054.5043908410246,2895.8337919827513,480.1417740705173,254.47514025737416,1506.4348440586066,1272304.0755097177,6573.538026862609,1077.3533173171984,122454167.64273037
5703,5704.0,30.0,494.0,11486375.578397991,0.0,520.58708,1060.7373643566386,2912.9505109720885,482.9798001494173,255.9792940791912,1515.3390919380552,1272304.0755097177,6573.538026862609,1077.3533173171984,122454167.64273037
5704,5705.0,30.0,494.0,10626230.940522917,0.0,520.58708,1068.3895204662472,2933.9645270693172,486.4640149538732,257.8259279255528,1526.2707435232103,1272304.0755097177,6573.538026862609,1077.3533173171984,122454167.64273037
5705,5706.0,30.0,494.0,9692617.528644616,0.0,520.58708,1075.820996006364,2954.3725198479915,489.8477484696223,259.6193066888998,1536.8871371519488,1272304.0755097177,6573.538026862609,1077.3533173171984,122454167.64273037
5706,5707.0,30.0,494.0,8715071.678345628,18723.583271386036,520.58708,1076.6241306143145,2966.575974964849,491.87113413692816,260.6917010925719,1538.0344723061635,1272304.0755097177,6573.538026862609,1077.3533173171984,122454167.64273037
5707,5708.0,30.0,494.0,7737525.82804664,37447.16654277298,519.52004,1076.6241306143145,2966.5759749648487,491.8711341369281,260.6917010925719,1538.0344723061637,1272304.0755097177,6573.538026862609,1077.3533173171984,122454167.64273037
5708,5709.0,30.0,494.0,6759979.977747653,56170.74981415948,519.3421999999999,1076.6241306143145,2966.575974964849,491.87113413692816,260.6917010925719,1538.0344723061637,1272304.0755097177,6573.538026862609,1077.3533173171984,122454167.64273037
5709,5710.0,30.0,494.0,5876615.606083887,25900.408961220644,514.4196651485994,1076.6241306143145,2940.414453121731,487.53344060461455,258.3927235204457,1538.0344723061637,1272304.0755097177,6573.538026862609,1077.3533173171984,122454167.64273037
5710,5711.0,30.0,494.0,5944496.726586163,0.0,465.0196651485993,979.5545281692292,2676.17959418672,443.7221575497736,235.17274350138004,1399.3636116703276,1272304.0755097177,6573.538026862609,1077.3533173171984,122454167.64273037
5711,5712.0,30.0,494.0,6021495.957249235,0.0,465.01966514860123,973.5960271611066,2673.6467858087203,443.3022069602888,234.95016968895308,1390.8514673730094,1272304.0755097177,6573.538026862609,1077.3533173171984,122454167.64273037
5712,5713.0,30.0,494.0,6113650.5490072,0.0,465.01966514860123,972.0630398912581,2669.436963282362,442.60420016793637,234.5802260890063,1388.6614855589403,1272304.0755097177,6573.538026862609,1077.3533173171984,122454167.64273037
5713,5714.0,30.0,494.0,6241967.850915711,5040.072694098577,465.01966514860123,967.4251139482609,2659.3917660183206,440.9386629922192,233.69749138587616,1382.0358770689443,1272304.0755097177,6573.538026862609,1077.3533173171984,122454167.64273037
5714,5715.0,30.0,494.0,6444684.704839524,39379.10736292694,465.01966514860123,954.202468446694,2638.7252237918483,437.5120608591847,231.8813922553679,1363.1463834952772,1272304.0755097177,6573.538026862609,1077.3533173171984,122454167.64273037
5715,5716.0,30.0,494.0,6688520.277761495,52327.87052744068,465.01966514860123,954.202468446694,2627.303357403471,435.61826598528864,230.877680972203,1363.1463834952772,1272304.0755097177,6573.538026862609,1077.3533173171984,122454167.64273037
5716,5717.0,30.0,494.0,6949860.1764385365,56170.74981415948,465.01966514860123,954.202468446694,2622.4410446937295,434.81207349696126,230.45039895338948,1363.1463834952772,1272304.0755097177,6573.538026862609,1077.3533173171984,122454167.64273037
5717,5718.0,30.0,494.0,7222830.613693723,53963.33415032923,465.01966514860123,954.202468446694,2619.2103395331337,434.2764086008606,230.16649655845612,1363.1463834952772,1272304.0755097177,6573.538026862609,1077.3533173171984,122454167.64273037
5718,5719.0,30.0,494.0,7504503.562543485,47228.80552399345,465.01966514860123,954.202468446694,2616.792975201302,433.87559913380005,229.95406754091402,1363.1463834952772,1272304.0755097177,6573.538026862609,1077.3533173171984,122454167.64273037
5719,5720.0,30.0,494.0,7794861.602156885,35976.226384418085,465.01966514860123,954.202468446694,2614.3804499891858,433.47559201372906,229.74206376727642,1363.1463834952772,1272304.0755097177,6573.538026862609,1077.3533173171984,122454167.64273037
5720,5721.0,30.0,494.0,8085219.641770285,24723.647244842723,465.01966514860123,954.202468446694,2614.3804499891858,433.47559201372906,229.74206376727642,1363.1463834952772,1272304.0755097177,6573.538026862609,1077.3533173171984,122454167.64273037
5721,5722.0,30.0,494.0,8372684.583546946,14976.079684523866,465.01966514860123,954.202468446694,2615.1840882771685,433.60883871952115,229.81268452134623,1363.1463834952772,1272304.0755097177,6573.538026862609,1077.3533173171984,122454167.64273037
5722,5723.0,30.0,494.0,8657254.495714223,6734.528626335785,465.01966514860123,954.202468446694,2615.988263168664,433.7421743964977,229.8833524301438,1363.1463834952772,1272304.0755097177,6573.538026862609,1077.3533173171984,122454167.64273037
5723,5724.0,30.0,494.0,8938927.444564003,0.0,465.01966514860123,954.202468446694,2616.792975201302,433.87559913380005,229.95406754091402,1363.1463834952772,1272304.0755097177,6573.538026862609,1077.3533173171984,122454167.64273037
5724,5725.0,30.0,494.0,8302007.173380405,0.0,514.4196651486013,1045.8100444435095,2871.9577585439065,476.1830244057983,252.3770029350731,1494.0143492050136,1272304.0755097177,6573.538026862609,1077.3533173171984,122454167.64273037
5725,5726.0,30.0,494.0,7533455.296665397,0.0,521.47628,1059.1247767237846,2908.5220934137433,482.2455493548187,255.59014115805394,1513.0353953196923,1272304.0755097177,6573.538026862609,1077.3533173171984,122454167.64273037
5726,5727.0,30.0,494.0,6732318.731363285,16950.803739601746,521.47628,1059.1247767237846,2917.5733957990496,483.7462944586853,256.38553606310325,1513.0353953196925,1272304.0755097177,6573.538026862609,1077.3533173171984,122454167.64273037
5727,5728.0,30.0,494.0,5885195.125707362,0.0,521.47628,1070.3684133461977,2930.3475736751084,485.8643084291984,257.50808346747516,1529.097733351711,1272304.0755097177,6573.538026862609,1077.3533173171984,122454167.64273037
5728,5729.0,30.0,494.0,4971618.904331796,0.0,521.47628,1073.7942044458136,2948.8066335972317,488.9249004435674,259.13019723509075,1533.9917206368768,1272304.0755097177,6573.538026862609,1077.3533173171984,122454167.64273037
5729,5730.0,30.0,494.0,3994073.054032808,14973.480227983082,521.47628,1077.3533173171984,2966.575974964849,491.8711341369282,260.691701092572,1539.0761675959982,1272304.0755097177,6573.538026862609,1077.3533173171984,122454167.64273037
5730,5731.0,30.0,494.0,3016527.2037338205,29946.96045596525,519.52004,1077.3533173171984,2966.5759749648487,491.8711341369281,260.6917010925719,1539.0761675959977,1272304.0755097177,6573.538026862609,1077.3533173171984,122454167.64273037
5731,5732.0,30.0,494.0,2038981.3534348346,44920.440683947876,518.27516,1077.3533173171984,2966.5759749648482,491.87113413692805,260.69170109257186,1539.0761675959977,1272304.0755097177,6573.538026862609,1077.3533173171984,122454167.64273037
5732,5733.0,30.0,494.0,1062091.8246240132,56170.74981415948,517.74164,1077.3533173171984,2966.393663440358,491.84090609723717,260.5169960244656,1539.0761675959977,1272304.0755097177,6573.538026862609,1077.3533173171984,122454167.64273037
5733,5734.0,30.0,494.0,113329.63542977965,56170.74981415948,516.2418556775945,1077.3533173171984,2958.5805135468613,490.54545203446315,259.98908957826546,1539.0761675959977,1272304.0755097177,6573.538026862609,1077.3533173171984,122454167.64273037
5734,5735.0,30.0,494.0,0.0,0.0,472.8736764713345,1003.7701647131489,2726.5159152789574,452.06813741102195,239.59611282784164,1433.9573781616414,1272304.0755097177,6573.538026862609,1077.3533173171984,122454167.64273037
5735,5736.0,30.0,494.0,845566.6465598341,4332.862221494317,423.4736764713345,895.0117912711336,2460.155836948509,407.9044837837957,216.18937640541174,1278.5882732444766,1272304.0755097177,6573.538026862609,1077.3533173171984,122454167.64273037
5736,5737.0,30.0,494.0,1707791.49627594,0.0,423.4736764713345,895.0117912711336,2455.528558293989,407.1372609589046,215.78274830821945,1278.5882732444766,1272304.0755097177,6573.538026862609,1077.3533173171984,122454167.64273037
5737,5738.0,30.0,494.0,2605875.491626785,28167.06391007267,423.4736764713345,885.065155383317,2445.567684506562,405.4857049805094,214.90742363967,1264.3787934047386,1272304.0755097177,6573.538026862609,1077.3533173171984,122454167.64273037
5738,5739.0,30.0,494.0,3577430.5062288065,52635.85652390588,423.4736764713345,878.3525610406409,2425.1590680479053,402.10186805592036,213.1139900696378,1254.7893729152013,1272304.0755097177,6573.538026862609,1077.3533173171984,122454167.64273037
5739,5740.0,30.0,494.0,4589226.951317022,56170.74981415948,423.4736764713345,878.3525610406409,2413.9808929128476,400.24847824636817,212.13169347057513,1254.7893729152013,1272304.0755097177,6573.538026862609,1077.3533173171984,122454167.64273037
5740,5741.0,30.0,494.0,5614347.249754688,52774.4728838345,423.4736764713345,878.3525610406409,2410.279822538,399.6348247622978,211.80645712401784,1254.7893729152013,1272304.0755097177,6573.538026862609,1077.3533173171984,122454167.64273037
5741,5742.0,30.0,494.0,6639467.548192354,49378.19595350884,423.4736764713345,878.3525610406409,2410.279822538,399.6348247622978,211.80645712401784,1254.7893729152013,1272304.0755097177,6573.538026862609,1077.3533173171984,122454167.64273037
5742,5743.0,30.0,494.0,7664587.84663002,45981.919023183174,423.4736764713345,878.3525610406409,2410.279822538,399.6348247622978,211.80645712401784,1254.7893729152013,1272304.0755097177,6573.538026862609,1077.3533173171984,122454167.64273037
5743,5744.0,30.0,494.0,8689708.145067686,42585.64209285751,423.4736764713345,878.3525610406409,2410.279822538,399.6348247622978,211.80645712401784,1254.7893729152013,1272304.0755097177,6573.538026862609,1077.3533173171984,122454167.64273037
5744,5745.0,30.0,494.0,9720145.483733587,36423.40024795476,423.4736764713345,878.3525610406409,2408.8028669190467,399.3899391293339,211.676667738547,1254.7893729152013,1272304.0755097177,6573.538026862609,1077.3533173171984,122454167.64273037
5745,5746.0,30.0,494.0,10755892.740664361,27498.89838817995,423.4736764713345,878.3525610406409,2407.327889623248,399.14538151091017,211.5470522007824,1254.7893729152013,1272304.0755097177,6573.538026862609,1077.3533173171984,122454167.64273037
5746,5747.0,30.0,494.0,11799591.552581498,14437.936925968155,423.4736764713347,878.3525610406409,2405.1191243492585,398.77915867032624,211.3529540952729,1254.7893729152013,1272304.0755097177,6573.538026862609,1077.3533173171984,122454167.64273037
5747,5748.0,30.0,494.0,12845937.337312898,0.0,423.4736764713347,878.3525610406409,2404.383854123075,398.65724768503475,211.28834127306843,1254.7893729152013,1272304.0755097177,6573.538026862609,1077.3533173171984,122454167.64273037
5748,5749.0,30.0,494.0,12993743.74988648,0.0,471.7206,966.4337756117687,2653.9781241669125,440.04105774639544,233.2217606055896,1380.619679445384,1272304.0755097177,6573.538026862609,1077.3533173171984,122454167.64273037
5749,5750.0,30.0,494.0,12222080.715913458,0.0,521.1206,1059.439474898323,2909.3863037631913,482.38883917051976,255.6660847603755,1513.4849641404614,1272304.0755097177,6573.538026862609,1077.3533173171984,122454167.64273037
5750,5751.0,30.0,494.0,11417789.782878678,16973.282158368267,521.1206,1059.439474898323,2918.449609058124,483.8915744087436,256.46253443663414,1513.4849641404614,1272304.0755097177,6573.538026862609,1077.3533173171984,122454167.64273037
5751,5752.0,30.0,494.0,10564144.654883152,0.0,521.1206,1071.032445814392,2932.159107658332,486.1646686028043,257.66727435948627,1530.0463511634173,1272304.0755097177,6573.538026862609,1077.3533173171984,122454167.64273037
5752,5753.0,30.0,494.0,9643912.468153264,0.0,521.1206,1074.4674652208514,2950.655512862321,489.2314526265137,259.2926698920523,1534.9535217440737,1272304.0755097177,6573.538026862609,1077.3533173171984,122454167.64273037
5753,5754.0,30.0,494.0,8666710.595546512,13022.168523143286,521.1206,1077.3533173171984,2966.4804256058947,491.8552916397356,260.6001382727768,1539.0761675959977,1272304.0755097177,6573.538026862609,1077.3533173171984,122454167.64273037
5754,5755.0,30.0,494.0,7689164.745247524,27995.648751127774,519.3421999999999,1077.3533173171984,2966.575974964849,491.87113413692816,260.6917010925719,1539.0761675959977,1272304.0755097177,6573.538026862609,1077.3533173171984,122454167.64273037
5755,5756.0,30.0,494.0,6711618.8949485365,42969.1289791104,518.63084,1077.3533173171984,2966.575974964849,491.87113413692816,260.6917010925719,1539.0761675959977,1272304.0755097177,6573.538026862609,1077.3533173171984,122454167.64273037
5756,5757.0,30.0,494.0,5737479.1065346245,56170.74981415948,518.63084,1077.3533173171984,2965.629846663439,491.71426197030206,260.6085588442601,1539.0761675959977,1272304.0755097177,6573.538026862609,1077.3533173171984,122454167.64273037
5757,5758.0,30.0,494.0,4773303.702866228,56170.74981415948,518.5470785508758,1077.3533173171984,2962.8619620119066,491.2553347174022,259.98908957826546,1539.0761675959977,1272304.0755097177,6573.538026862609,1077.3533173171984,122454167.64273037
5758,5759.0,30.0,494.0,3824541.513671996,56170.74981415948,518.5470785508758,1077.3533173171984,2958.580513546861,490.5454520344631,259.98908957826546,1539.0761675959977,1272304.0755097177,6573.538026862609,1077.3533173171984,122454167.64273037
5759,5760.0,30.0,494.0,3444929.3489035023,0.0,490.0959677075144,1030.7050377988787,2800.483284539711,464.33224731902544,246.0960910790835,1472.4357682841126,1272304.0755097177,6573.538026862609,1077.3533173171984,122454167.64273037
5760,5761.0,30.0,494.0,4037988.7188515486,0.0,440.69596770751446,921.3957780844422,2530.2967471184506,419.53415021601774,222.35309961448942,1316.2796829777747,1272304.0755097177,6573.538026862609,1077.3533173171984,122454167.64273037
5761,5762.0,30.0,494.0,4676279.7922356,26756.290779771283,440.69596770751446,911.6179120484129,2517.732385052893,417.4509246148376,221.24899004586396,1302.3113029263043,1272304.0755097177,6573.538026862609,1077.3533173171984,122454167.64273037
5762,5763.0,30.0,494.0,5367652.295405669,25899.216585526243,440.6959677075149,911.6179120484129,2502.9875434456662,415.00616606989524,219.95326801704448,1302.3113029263043,1272304.0755097177,6573.538026862609,1077.3533173171984,122454167.64273037
5763,5764.0,30.0,494.0,6094955.140657407,41675.90180124063,440.6959677075149,904.7491625079587,2493.0068928674245,413.3513310140015,219.0762054374208,1292.4988035827982,1272304.0755097177,6573.538026862609,1077.3533173171984,122454167.64273037
5764,5765.0,30.0,494.0,6835994.3290689355,50306.83644827735,440.6959677075149,904.7491625079587,2489.191241989705,412.71867958672203,218.74090018096268,1292.4988035827982,1272304.0755097177,6573.538026862609,1077.3533173171984,122454167.64273037
5765,5766.0,30.0,494.0,7585253.339934974,54661.756708119065,440.6959677075149,904.7491625079587,2486.9079579745644,412.34010121638477,218.54025364468393,1292.4988035827982,1272304.0755097177,6573.538026862609,1077.3533173171984,122454167.64273037
5766,5767.0,30.0,494.0,8339983.103189673,56170.74981415948,440.6959677075149,904.7491625079587,2485.3883045332686,412.08813609970707,218.40671213284475,1292.4988035827982,1272304.0755097177,6573.538026862609,1077.3533173171984,122454167.64273037
5767,5768.0,30.0,494.0,9102905.337620843,53417.95687662717,440.6959677075149,904.7491625079587,2483.1126180953606,411.7108174405525,218.20673324349283,1292.4988035827982,1272304.0755097177,6573.538026862609,1077.3533173171984,122454167.64273037
5768,5769.0,30.0,494.0,9871280.1357658,47828.698672806844,440.6959677075149,904.7491625079587,2481.5980170637526,411.45969003526477,218.07363571869033,1292.4988035827982,1272304.0755097177,6573.538026862609,1077.3533173171984,122454167.64273037
5769,5770.0,30.0,494.0,10647820.190098582,37991.811870253645,440.6959677075149,904.7491625079587,2479.3298903449127,411.0836248102454,217.87432114943007,1292.4988035827982,1272304.0755097177,6573.538026862609,1077.3533173171984,122454167.64273037
5770,5771.0,30.0,494.0,11429794.710027881,25327.874580169097,440.6959677075149,904.7491625079587,2477.820316568102,410.83333094555786,217.74166540114567,1292.4988035827982,1272304.0755097177,6573.538026862609,1077.3533173171984,122454167.64273037
5771,5772.0,30.0,494.0,12211769.22995718,12663.937290084548,440.6959677075149,904.7491625079587,2477.820316568102,410.83333094555786,217.74166540114567,1292.4988035827982,1272304.0755097177,6573.538026862609,1077.3533173171984,122454167.64273037
5772,5773.0,30.0,494.0,12993743.74988648,0.0,440.6959677075149,904.7491625079587,2477.820316568102,410.83333094555786,217.74166540114567,1292.4988035827982,1272304.0755097177,6573.538026862609,1077.3533173171984,122454167.64273037
5773,5774.0,30.0,494.0,12859124.29466012,0.0,490.09596770751483,995.0015713444071,2732.4297541113406,453.04867748083143,240.11579906484067,1421.430816206296,1272304.0755097177,6573.538026862609,1077.3533173171984,122454167.64273037
5774,5775.0,30.0,494.0,12037182.883866962,0.0,525.3887599999999,1064.525207341867,2923.3525195465627,484.70449818446065,256.8933840377642,1520.7502962026672,1272304.0755097177,6573.538026862609,1077.3533173171984,122454167.64273037
5775,5776.0,30.0,494.0,11172691.641982492,0.0,525.3887599999999,1068.8291859134613,2935.171917071927,486.6642054411356,257.9320288838019,1526.8988370192305,1272304.0755097177,6573.538026862609,1077.3533173171984,122454167.64273037
5776,5777.0,30.0,494.0,10248670.367580948,0.0,525.3887599999999,1074.8507370629816,2951.7080372155583,489.40596571894844,259.3851618310427,1535.5010529471167,1272304.0755097177,6573.538026862609,1077.3533173171984,122454167.64273037
5777,5778.0,30.0,494.0,9271124.51728196,14973.480227983082,525.3887599999999,1077.3533173171984,2966.575974964849,491.87113413692816,260.6917010925719,1539.0761675959977,1272304.0755097177,6573.538026862609,1077.3533173171984,122454167.64273037
5778,5779.0,30.0,494.0,8293578.666982973,29946.96045596525,523.61036,1077.3533173171984,2966.5759749648487,491.8711341369281,260.6917010925719,1539.0761675959977,1272304.0755097177,6573.538026862609,1077.3533173171984,122454167.64273037
5779,5780.0,30.0,494.0,7316032.816683985,44920.44068394974,522.54332,1077.3533173171984,2966.5759749648487,491.87113413692816,260.6917010925719,1539.0761675959977,1272304.0755097177,6573.538026862609,1077.3533173171984,122454167.64273037
5780,5781.0,30.0,494.0,6339143.287873166,56170.74981415948,522.36548,1077.3533173171984,2966.3936634403576,491.8409060972371,260.51699602446536,1539.0761675959977,1272304.0755097177,6573.538026862609,1077.3533173171984,122454167.64273037
5781,5782.0,30.0,494.0,5390381.098678938,56170.74981415948,521.029626260563,1077.3533173171984,2958.58051354686,490.5454520344629,259.98908957826535,1539.0761675959977,1272304.0755097177,6573.538026862609,1077.3533173171984,122454167.64273037
5782,5783.0,30.0,494.0,4651982.053398102,0.0,510.14047333988776,1066.9968633100166,2900.146306904251,480.8568077063727,254.85410808437754,1524.2812333000238,1272304.0755097177,6573.538026862609,1077.3533173171984,122454167.64273037
5783,5784.0,30.0,494.0,4867503.014931743,0.0,460.7404733398879,959.5843484757636,2635.168527233563,436.92234517865984,231.56884294468972,1370.8347835368052,1272304.0755097177,6573.538026862609,1077.3533173171984,122454167.64273037
5784,5785.0,30.0,494.0,5112619.574756808,0.0,460.7404733398879,956.5907097798439,2626.9475277081674,435.55926788199855,230.84641197745924,1366.5581568283485,1272304.0755097177,6573.538026862609,1077.3533173171984,122454167.64273037
5785,5786.0,30.0,494.0,5404674.592942319,38695.29086648347,460.7404733398879,944.3187307107886,2613.909067052488,433.39743468297365,229.70064038197606,1349.0267581582696,1272304.0755097177,6573.538026862609,1077.3533173171984,122454167.64273037
5786,5787.0,30.0,494.0,5751816.404672882,48734.011223487556,460.7404733398879,944.3187307107886,2598.6071799566485,430.8603155854744,228.35596726030144,1349.0267581582696,1272304.0755097177,6573.538026862609,1077.3533173171984,122454167.64273037
5787,5788.0,30.0,494.0,6133390.514735039,54680.19454807788,460.7404733398879,941.6316237163252,2589.042652642308,429.274475567457,227.5154720507522,1345.1880338804647,1272304.0755097177,6573.538026862609,1077.3533173171984,122454167.64273037
5788,5789.0,30.0,494.0,6523529.7202921845,56170.74981415948,460.7404733398879,941.6316237163252,2586.663459449256,428.87999504038703,227.30639737140513,1345.1880338804647,1272304.0755097177,6573.538026862609,1077.3533173171984,122454167.64273037
5789,5790.0,30.0,494.0,6919369.492613021,54695.82673425507,460.7404733398879,941.6316237163252,2585.079968681564,428.61744541874475,227.16724607193473,1345.1880338804647,1272304.0755097177,6573.538026862609,1077.3533173171984,122454167.64273037
5790,5791.0,30.0,494.0,7320902.251856618,50259.36839947384,460.7404733398879,941.6316237163252,2583.498583425242,428.355244899999,227.02827979699947,1345.1880338804647,1272304.0755097177,6573.538026862609,1077.3533173171984,122454167.64273037
5791,5792.0,30.0,494.0,7728120.433289969,42865.31004168093,460.7404733398879,941.6316237163252,2581.919299483648,428.0933927883283,226.889498177814,1345.1880338804647,1272304.0755097177,6573.538026862609,1077.3533173171984,122454167.64273037
5792,5793.0,30.0,494.0,8138178.493753545,33993.924934020266,460.7404733398879,941.6316237163252,2581.13044419747,427.962597168207,226.82017649914974,1345.1880338804647,1272304.0755097177,6573.538026862609,1077.3533173171984,122454167.64273037
5793,5794.0,30.0,494.0,8551074.547711404,23646.193946689367,460.7404733398879,941.6316237163252,2580.34211267128,427.8318883897583,226.7509008465719,1345.1880338804647,1272304.0755097177,6573.538026862609,1077.3533173171984,122454167.64273037
5794,5795.0,30.0,494.0,8966806.711504819,11823.096973339096,460.7404733398879,941.6316237163252,2579.554304383626,427.7012663665231,226.68167117425725,1345.1880338804647,1272304.0755097177,6573.538026862609,1077.3533173171984,122454167.64273037
5795,5796.0,30.0,494.0,9382538.875298213,0.0,460.7404733398891,941.6316237163252,2579.5543043836315,427.70126636652407,226.68167117425776,1345.1880338804647,1272304.0755097177,6573.538026862609,1077.3533173171984,122454167.64273037
5796,5797.0,30.0,494.0,8879145.240106786,0.0,510.14047333988924,1032.3036270193352,2834.8670263238596,470.0332204981941,249.1176068640429,1474.719467170479,1272304.0755097177,6573.538026862609,1077.3533173171984,122454167.64273037
5797,5798.0,30.0,494.0,8096283.950130859,0.0,525.03308,1060.5721951145863,2912.496930430665,482.90459453283603,255.9394351024031,1515.1031358779805,1272304.0755097177,6573.538026862609,1077.3533173171984,122454167.64273037
5798,5799.0,30.0,494.0,7280964.0048485845,16885.24026487395,525.03308,1060.5721951145863,2921.513223571317,484.3995349524409,256.7317535247937,1515.1031358779805,1272304.0755097177,6573.538026862609,1077.3533173171984,122454167.64273037
5799,5800.0,30.0,494.0,6423123.0340473205,0.0,525.03308,1071.4397422850132,2933.3246195488146,486.3579155178538,257.76969522446257,1530.6282032643046,1272304.0755097177,6573.538026862609,1077.3533173171984,122454167.64273037
5800,5801.0,30.0,494.0,5505792.331632957,0.0,525.03308,1074.1739757756636,2949.8495449968977,489.09781966670107,259.22184442335157,1534.534251108091,1272304.0755097177,6573.538026862609,1077.3533173171984,122454167.64273037
5801,5802.0,30.0,494.0,4528246.481333969,14973.480227983082,525.03308,1077.3533173171984,2966.5759749648487,491.8711341369281,260.6917010925719,1539.0761675959977,1272304.0755097177,6573.538026862609,1077.3533173171984,122454167.64273037
5802,5803.0,30.0,494.0,3550700.6310349815,29946.960455967113,522.36548,1077.3533173171984,2966.5759749648487,491.8711341369282,260.691701092572,1539.0761675959977,1272304.0755097177,6573.538026862609,1077.3533173171984,122454167.64273037
5803,5804.0,30.0,494.0,2573154.7807359956,44920.44068394974,521.29844,1077.3533173171984,2966.5759749648482,491.8711341369281,260.6917010925719,1539.0761675959977,1272304.0755097177,6573.538026862609,1077.3533173171984,122454167.64273037
5804,5805.0,30.0,494.0,1596265.2519251779,56170.74981415948,521.29844,1077.3533173171984,2966.393663440357,491.84090609723705,260.5169960244652,1539.0761675959977,1272304.0755097177,6573.538026862609,1077.3533173171984,122454167.64273037
5805,5806.0,30.0,494.0,647503.0627309439,56170.74981415948,520.3203269149383,1077.3533173171984,2958.5805135468613,490.54545203446315,259.98908957826546,1539.0761675959977,1272304.0755097177,6573.538026862609,1077.3533173171984,122454167.64273037
5806,5807.0,30.0,494.0,0.0,0.0,505.3587499334788,1057.8025997582017,2874.8974228626143,476.670433470871,252.63532973956163,1511.1465710831453,1272304.0755097177,6573.538026862609,1077.3533173171984,122454167.64273037
5807,5808.0,30.0,494.0,312136.1779995384,0.0,455.95874993347877,949.8115759242867,2608.3309671041466,432.47256157300654,229.2104576336935,1356.8736798918383,1272304.0755097177,6573.538026862609,1077.3533173171984,122454167.64273037
5808,5809.0,30.0,494.0,656435.1151153129,0.0,455.95874993347877,946.5582651004992,2599.396867349633,430.991249172505,228.42536206142765,1352.2260930007133,1272304.0755097177,6573.538026862609,1077.3533173171984,122454167.64273037
5809,5810.0,30.0,494.0,1047091.4234746117,29663.989544402808,455.95874993347877,936.1011502240116,2586.5198197819914,428.85617896197175,227.29377484984505,1337.2873574628738,1272304.0755097177,6573.538026862609,1077.3533173171984,122454167.64273037
5810,5811.0,30.0,494.0,1489306.9945467282,32506.457045794155,455.95874993347877,936.1011502240116,2572.197802361764,426.4815264969529,226.03520904338504,1337.2873574628738,1272304.0755097177,6573.538026862609,1077.3533173171984,122454167.64273037
5811,5812.0,30.0,494.0,1957070.2017740812,22058.849200275727,455.95874993347877,936.1011502240116,2565.1012367630874,425.30488521118923,225.4115891619303,1337.2873574628738,1272304.0755097177,6573.538026862609,1077.3533173171984,122454167.64273037
5812,5813.0,30.0,494.0,2430489.8606811557,36089.03167791106,455.95874993347877,930.7694214001242,2563.530000185387,425.0443673872761,225.27351471525634,1329.6706020001775,1272304.0755097177,6573.538026862609,1077.3533173171984,122454167.64273037
5813,5814.0,30.0,494.0,2909558.4400713034,47180.60259898007,455.95874993347877,930.7694214001242,2561.9608556067556,424.7841964258614,225.13562410570657,1329.6706020001775,1272304.0755097177,6573.538026862609,1077.3533173171984,122454167.64273037
5814,5815.0,30.0,494.0,3397086.3120616004,53871.584935083054,455.95874993347877,930.7694214001242,2559.611052106714,424.3945888370728,224.92913208364857,1329.6706020001775,1272304.0755097177,6573.538026862609,1077.3533173171984,122454167.64273037
5815,5816.0,30.0,494.0,3893056.6158307698,56170.74981415948,455.95874993347877,930.7694214001242,2557.265932168138,424.0057578030427,224.72305163561262,1329.6706020001775,1272304.0755097177,6573.538026862609,1077.3533173171984,122454167.64273037
5816,5817.0,30.0,494.0,4394645.865206776,55546.89629610162,455.95874993347877,930.7694214001242,2555.705113944017,423.7469673872371,224.58589271523567,1329.6706020001775,1272304.0755097177,6573.538026862609,1077.3533173171984,122454167.64273037
5817,5818.0,30.0,494.0,4901846.6037492715,52003.90327809751,455.95874993347877,930.7694214001242,2554.1463669533255,423.4885203908971,224.4489158071755,1329.6706020001775,1272304.0755097177,6573.538026862609,1077.3533173171984,122454167.64273037
5818,5819.0,30.0,494.0,5417450.627650997,44089.45706939511,455.95874993347877,930.7694214001242,2551.81212102021,423.1014923140282,224.24379092643494,1329.6706020001775,1272304.0755097177,6573.538026862609,1077.3533173171984,122454167.64273037
5819,5820.0,30.0,494.0,5941441.243178479,31812.241877567023,455.95874993347877,930.7694214001242,2549.4825122352736,422.7152330963941,224.0390735410889,1329.6706020001775,1272304.0755097177,6573.538026862609,1077.3533173171984,122454167.64273037
5820,5821.0,30.0,494.0,6471013.670042612,16631.32581942249,455.9587499334787,930.7694214001242,2547.9320090862043,422.45815296466935,223.90282107127476,1329.6706020001775,1272304.0755097177,6573.538026862609,1077.3533173171984,122454167.64273037
5821,5822.0,30.0,494.0,7003374.233158035,0.0,455.95874993347803,930.7694214001242,2547.1575267941785,422.3297404491759,223.83476243806325,1329.6706020001775,1272304.0755097177,6573.538026862609,1077.3533173171984,122454167.64273037
5822,5823.0,30.0,494.0,6601104.456509529,0.0,505.35874993347807,1022.0747986295904,2806.777065617493,465.37578345727485,246.64916523235567,1460.1068551851292,1272304.0755097177,6573.538026862609,1077.3533173171984,122454167.64273037
5823,5824.0,30.0,494.0,5752591.198567871,0.0,527.16716,1067.2129891215266,2930.733588198924,485.92831130767667,257.54200499306864,1524.5899844593237,1272304.0755097177,6573.538026862609,1077.3533173171984,122454167.64273037
5824,5825.0,30.0,494.0,4854848.601267368,0.0,527.16716,1072.1926098687752,2944.408404687492,488.1956550575452,258.74369718049894,1531.7037283839645,1272304.0755097177,6573.538026862609,1077.3533173171984,122454167.64273037
5825,5826.0,30.0,494.0,3917365.256106559,0.0,527.16716,1076.2124455020307,2955.447501315354,490.0259850487593,259.7137720758424,1537.446350717187,1272304.0755097177,6573.538026862609,1077.3533173171984,122454167.64273037
5826,5827.0,30.0,494.0,2956551.4689399563,7950.812992259412,527.16716,1077.0263629251274,2961.9281796502974,491.1005095610206,260.28327006734094,1538.609089893039,1272304.0755097177,6573.538026862609,1077.3533173171984,122454167.64273037
5827,5828.0,30.0,494.0,1979005.6186409686,24605.772950893363,527.16716,1077.0263629251274,2966.575974964849,491.87113413692816,260.6917010925719,1538.6090898930393,1272304.0755097177,6573.538026862609,1077.3533173171984,122454167.64273037
5828,5829.0,30.0,494.0,1001459.7683419809,41260.732909525694,526.63364,1077.0263629251274,2966.5759749648487,491.8711341369281,260.6917010925719,1538.6090898930393,1272304.0755097177,6573.538026862609,1077.3533173171984,122454167.64273037
5829,5830.0,30.0,494.0,27268.23839795962,56170.74981415948,526.63364,1077.0263629251274,2965.6442193106914,491.7166450174123,260.60982185922853,1538.6090898930393,1272304.0755097177,6573.538026862609,1077.3533173171984,122454167.64273037
5830,5831.0,30.0,494.0,0.0,0.0,477.23364000000004,995.0649266624612,2702.6099716590074,448.10442850884294,237.49534710968678,1421.521323803516,1272304.0755097177,6573.538026862609,1077.3533173171984,122454167.64273037
5831,5832.0,30.0,494.0,646915.7753782982,5801.470398378093,442.32188512853963,914.8200590475442,2515.336634498936,417.0536988056797,221.03846036701026,1306.8857986393489,1272304.0755097177,6573.538026862609,1077.3533173171984,122454167.64273037
5832,5833.0,30.0,494.0,1316135.9923845483,0.0,442.32188512853963,914.8200590475442,2509.1409562689487,416.0264285441225,220.49400712838494,1306.8857986393489,1272304.0755097177,6573.538026862609,1077.3533173171984,122454167.64273037
5833,5834.0,30.0,494.0,2013068.9903346226,9571.426035568118,442.3218851285395,909.0276958143991,2501.442961562331,414.75006770965274,219.81753588611596,1298.6109940205702,1272304.0755097177,6573.538026862609,1077.3533173171984,122454167.64273037
5834,5835.0,30.0,494.0,2748490.043544952,35037.22247323394,442.3218851285396,902.0439998743794,2490.7518351011495,412.97743267787166,218.878039319272,1288.6342855348278,1272304.0755097177,6573.538026862609,1077.3533173171984,122454167.64273037
5835,5836.0,30.0,494.0,3508464.6253775274,47730.08589121327,442.3218851285395,902.0439998743794,2483.9314104838586,411.8465767617875,218.2786856837474,1288.6342855348278,1272304.0755097177,6573.538026862609,1077.3533173171984,122454167.64273037
5836,5837.0,30.0,494.0,4282016.80559354,53359.77898495924,442.32188512853946,902.0439998743794,2480.159855377349,411.2212366041935,217.94725540022256,1288.6342855348278,1272304.0755097177,6573.538026862609,1077.3533173171984,122454167.64273037
5837,5838.0,30.0,494.0,5060987.441985125,56170.74981415948,442.3218851285396,902.0439998743794,2478.654728661912,410.97168008152585,217.8149904432087,1288.6342855348278,1272304.0755097177,6573.538026862609,1077.3533173171984,122454167.64273037
5838,5839.0,30.0,494.0,5845369.365570039,56166.727738100104,442.3218851285395,902.0439998743794,2477.1515933304313,410.7224537389356,217.68290048163587,1288.6342855348278,1272304.0755097177,6573.538026862609,1077.3533173171984,122454167.64273037
5839,5840.0,30.0,494.0,6635155.421584202,53351.43471967429,442.3218851285395,902.0439998743794,2475.650445433418,410.4735569215804,217.55098516843762,1288.6342855348278,1272304.0755097177,6573.538026862609,1077.3533173171984,122454167.64273037
5840,5841.0,30.0,494.0,7424941.477598365,50536.14170124475,442.3218851285395,902.0439998743794,2475.650445433418,410.4735569215804,217.55098516843762,1288.6342855348278,1272304.0755097177,6573.538026862609,1077.3533173171984,122454167.64273037
5841,5842.0,30.0,494.0,8217426.921223521,46316.606641691185,442.3218851285395,902.0439998743794,2474.9006155414754,410.34923188070087,217.48509289677148,1288.6342855348278,1272304.0755097177,6573.538026862609,1077.3533173171984,122454167.64273037
5842,5843.0,30.0,494.0,9015305.791708708,39291.36975859292,442.3218851285395,902.0439998743794,2473.4024414136893,410.10082812715217,217.35343890739065,1288.6342855348278,1272304.0755097177,6573.538026862609,1077.3533173171984,122454167.64273037
5843,5844.0,30.0,494.0,9818570.969671138,29464.134609233588,442.3218851285395,902.0439998743794,2471.9062448922327,409.8527522692907,217.2219587027241,1288.6342855348278,1272304.0755097177,6573.538026862609,1077.3533173171984,122454167.64273037
5844,5845.0,30.0,494.0,10627215.349815233,16838.597422607243,442.3218851285395,902.0439998743794,2470.4120220639934,409.6050036583056,217.09065193890197,1288.6342855348278,1272304.0755097177,6573.538026862609,1077.3533173171984,122454167.64273037
5845,5846.0,30.0,494.0,11438546.6709564,2815.293018425815,442.3218851285395,902.0439998743794,2469.665649564806,409.4812518681063,217.02506349009636,1288.6342855348278,1272304.0755097177,6573.538026862609,1077.3533173171984,122454167.64273037
5846,5847.0,30.0,494.0,12228332.726970563,0.0,442.3218851285395,902.0439998743794,2475.650445433418,410.4735569215804,217.55098516843762,1288.6342855348278,1272304.0755097177,6573.538026862609,1077.3533173171984,122454167.64273037
5847,5848.0,30.0,494.0,12993743.74988648,0.0,442.3218851285395,903.9621525652087,2482.421287960708,411.5961919125821,218.14598171366853,1291.374503664584,1272304.0755097177,6573.538026862609,1077.3533173171984,122454167.64273037
5848,5849.0,30.0,494.0,12975168.273660408,0.0,482.71702030282836,983.2635506244667,2700.1953155001493,447.70406806858074,237.2831560763478,1404.6622151778097,1272304.0755097177,6573.538026862609,1077.3533173171984,122454167.64273037
5849,5850.0,30.0,494.0,12920590.291224502,0.0,482.7170203028284,986.9052575661065,2710.196011669548,449.3622267702331,238.16198018822357,1409.8646536658664,1272304.0755097177,6573.538026862609,1077.3533173171984,122454167.64273037
5850,5851.0,30.0,494.0,12832755.404883044,0.0,482.71702030282853,990.2692427593705,2719.434040532201,450.8939319320795,238.97378392400216,1414.6703467991008,1272304.0755097177,6573.538026862609,1077.3533173171984,122454167.64273037
5851,5852.0,30.0,494.0,12723628.955172852,8372.596725879237,482.71702030282853,990.7949110782625,2725.348363690186,451.87455230516963,239.4935127217399,1415.4213015403752,1272304.0755097177,6573.538026862609,1077.3533173171984,122454167.64273037
5852,5853.0,30.0,494.0,12599232.78345424,24688.619402600452,482.71702030282853,990.7949110782625,2729.5899531369664,452.57782619039546,239.8662478809096,1415.4213015403752,1272304.0755097177,6573.538026862609,1077.3533173171984,122454167.64273037
5853,5854.0,30.0,494.0,12474836.611735627,41004.642079320736,482.71702030282853,990.7949110782625,2729.5899531369664,452.57782619039546,239.8662478809096,1415.4213015403752,1272304.0755097177,6573.538026862609,1077.3533173171984,122454167.64273037
5854,5855.0,30.0,494.0,12359608.438078847,52551.40218004515,482.71702030282853,990.7949110782625,2727.0432870087184,452.15557792595166,239.6424563007544,1415.4213015403752,1272304.0755097177,6573.538026862609,1077.3533173171984,122454167.64273037
5855,5856.0,30.0,494.0,12259619.203559818,56170.74981415948,482.71702030282853,990.7949110782625,2722.8102483593048,451.45372179993177,239.27047255396386,1415.4213015403752,1272304.0755097177,6573.538026862609,1077.3533173171984,122454167.64273037
5856,5857.0,30.0,494.0,12183906.093959484,47161.47195274662,482.71702030282853,990.7949110782625,2716.066880326334,450.33564219898057,238.67789036545972,1415.4213015403752,1272304.0755097177,6573.538026862609,1077.3533173171984,122454167.64273037
5857,5858.0,30.0,494.0,12141360.98891039,20897.944934420288,482.71702030282853,990.7949110782625,2706.853545728767,448.80803145314695,237.8682566701679,1415.4213015403752,1272304.0755097177,6573.538026862609,1077.3533173171984,122454167.64273037
5858,5859.0,30.0,494.0,12140679.12703301,37105.690498925745,482.71702030282853,978.3020788916206,2695.224867069958,446.87994620985893,236.84637149122526,1397.5743984166008,1272304.0755097177,6573.538026862609,1077.3533173171984,122454167.64273037
5859,5860.0,30.0,494.0,12163744.75380526,40959.81119044032,482.71702030282853,978.3020788916206,2688.6283424450608,445.78621388141295,236.26669335714888,1397.5743984166008,1272304.0755097177,6573.538026862609,1077.3533173171984,122454167.64273037
5860,5861.0,30.0,494.0,12198636.980019432,38661.644573420286,482.71702030282853,978.3020788916206,2685.3431759334153,445.2415190576335,235.97800510054577,1397.5743984166008,1272304.0755097177,6573.538026862609,1077.3533173171984,122454167.64273037
5861,5862.0,30.0,494.0,12245324.54192432,49594.84100164287,482.71702030282853,974.5361981421145,2682.0666937971055,444.6982641408653,235.69007999465862,1392.1945687744494,1272304.0755097177,6573.538026862609,1077.3533173171984,122454167.64273037
5862,5863.0,30.0,494.0,12300838.163261836,55936.65393891744,482.71702030282853,974.5361981421145,2679.6150106213754,444.2917644609759,235.47463516431725,1392.1945687744494,1272304.0755097177,6573.538026862609,1077.3533173171984,122454167.64273037
5863,5864.0,30.0,494.0,12368092.706239516,56170.74981415948,482.71702030282853,974.5361981421145,2676.353643499108,443.75101567894427,235.18803830984046,1392.1945687744494,1272304.0755097177,6573.538026862609,1077.3533173171984,122454167.64273037
5864,5865.0,30.0,494.0,12438277.642841313,54880.4325568527,482.71702030282853,974.5361981421145,2675.539645270186,443.6160512501132,235.11650716256,1392.1945687744494,1272304.0755097177,6573.538026862609,1077.3533173171984,122454167.64273037
5865,5866.0,30.0,494.0,12514317.575929416,50544.30143300723,482.71702030282853,974.5361981421145,2673.9132573573233,443.34638909616956,234.97358622096988,1392.1945687744494,1272304.0755097177,6573.538026862609,1077.3533173171984,122454167.64273037
5866,5867.0,30.0,494.0,12596204.797194166,43166.36636415031,482.71702030282853,974.5361981421145,2672.2890106415884,443.0770819619755,234.83085343984703,1392.1945687744494,1272304.0755097177,6573.538026862609,1077.3533173171984,122454167.64273037
5867,5868.0,30.0,494.0,12683931.613538284,32750.629358205013,482.71702030282853,974.5361981421145,2670.6669008973195,442.808129146898,234.68830844785595,1392.1945687744494,1272304.0755097177,6573.538026862609,1077.3533173171984,122454167.64273037
5868,5869.0,30.0,494.0,12777490.347036863,19301.084530330263,482.71702030282853,974.5361981421145,2669.0469239099693,442.53952995214684,234.54595087463784,1392.1945687744494,1272304.0755097177,6573.538026862609,1077.3533173171984,122454167.64273037
5869,5870.0,30.0,494.0,12873962.164621294,4336.1311238454655,482.71702030282853,974.5361981421145,2668.2377338861215,442.4053627445239,234.4748422545977,1392.1945687744494,1272304.0755097177,6573.538026862609,1077.3533173171984,122454167.64273037
5870,5871.0,30.0,494.0,12950002.097709397,0.0,482.71702030282853,974.5361981421145,2673.9132573573233,443.34638909616956,234.97358622096988,1392.1945687744494,1272304.0755097177,6573.538026862609,1077.3533173171984,122454167.64273037
5871,5872.0,30.0,494.0,12993743.74988648,0.0,482.7170203028285,976.9600805891835,2682.8850020548293,444.8339431911229,235.76198989129514,1395.6572579845479,1272304.0755097177,6573.538026862609,1077.3533173171984,122454167.64273037
5872,5873.0,30.0,494.0,12711888.50484695,0.0,497.8658788556207,1009.8946900260704,2773.3285846149984,459.82988056292896,243.70983669835238,1442.7067000372435,1272304.0755097177,6573.538026862609,1077.3533173171984,122454167.64273037
5873,5874.0,30.0,494.0,12383756.726907682,0.0,497.86587885562074,1014.57563001713,2786.1831770871486,461.9612276214581,244.83945063937279,1449.3937571673287,1272304.0755097177,6573.538026862609,1077.3533173171984,122454167.64273037
5874,5875.0,30.0,494.0,12021393.162275339,2110.784688472748,497.86587885562074,1017.627795695281,2795.6920067241203,463.537832723543,245.67505134347778,1453.7539938504015,1272304.0755097177,6573.538026862609,1077.3533173171984,122454167.64273037
5875,5876.0,30.0,494.0,11637114.032687342,15622.213560248725,497.86587885562074,1017.627795695281,2801.7796636562402,464.54719258646503,246.21001207082648,1453.7539938504015,1272304.0755097177,6573.538026862609,1077.3533173171984,122454167.64273037
5876,5877.0,30.0,494.0,11243410.939410243,34036.0602813242,497.86587885562074,1017.627795695281,2804.397431347657,464.98122979776537,246.44005179281567,1453.7539938504015,1272304.0755097177,6573.538026862609,1077.3533173171984,122454167.64273037
5877,5878.0,30.0,494.0,10855992.599498495,49180.53032681439,497.86587885562074,1017.627795695281,2802.6516665239487,464.69177443541486,246.28664045076988,1453.7539938504015,1272304.0755097177,6573.538026862609,1077.3533173171984,122454167.64273037
5878,5879.0,30.0,494.0,10484249.251709841,56170.74981415948,497.86587885562074,1017.627795695281,2798.297502045312,463.9698351227528,245.90401261505897,1453.7539938504015,1272304.0755097177,6573.538026862609,1077.3533173171984,122454167.64273037
5879,5880.0,30.0,494.0,10134362.76860016,51790.86145022791,497.86587885562074,1017.627795695281,2792.226150745609,462.9631788042461,245.37048476625046,1453.7539938504015,1272304.0755097177,6573.538026862609,1077.3533173171984,122454167.64273037
5880,5881.0,30.0,494.0,9809330.50788309,34481.61687188409,497.86587885562074,1017.627795695281,2785.3222000809824,461.8184739080651,244.7637911712745,1453.7539938504015,1272304.0755097177,6573.538026862609,1077.3533173171984,122454167.64273037
5881,5882.0,30.0,494.0,9518256.887896528,17375.80616354011,497.86587885562074,1014.1532721947511,2775.889244322508,460.2544490233698,243.93485798238598,1448.7903888496446,1272304.0755097177,6573.538026862609,1077.3533173171984,122454167.64273037
5882,5883.0,30.0,494.0,9270045.725240815,37347.80351514928,497.86587885562074,1002.6080972255613,2763.98300617505,458.28034321575973,242.88858190435266,1432.297281750802,1272304.0755097177,6573.538026862609,1077.3533173171984,122454167.64273037
5883,5884.0,30.0,494.0,9040082.826474888,47826.914692401886,497.86587885562074,1002.6080972255613,2758.9140439834428,457.43988734908925,242.44314029501732,1432.297281750802,1272304.0755097177,6573.538026862609,1077.3533173171984,122454167.64273037
5884,5885.0,30.0,494.0,8819216.960756151,53573.67983592022,497.86587885562074,1002.6080972255613,2756.3870903592237,457.02090750311675,242.22108097665188,1432.297281750802,1272304.0755097177,6573.538026862609,1077.3533173171984,122454167.64273037
5885,5886.0,30.0,494.0,8604405.783516001,56170.74981415948,497.86587885562074,1002.6080972255613,2754.705232448505,456.7420481834892,242.0732855372493,1432.297281750802,1272304.0755097177,6573.538026862609,1077.3533173171984,122454167.64273037
5886,5887.0,30.0,494.0,8398661.678200385,54051.059763379395,497.86587885562074,1002.6080972255613,2752.1866013583567,456.32444824968053,241.8519575723307,1432.297281750802,1272304.0755097177,6573.538026862609,1077.3533173171984,122454167.64273037
5887,5888.0,30.0,494.0,8195935.948531805,50361.18766011484,497.86587885562074,1002.6080972255613,2751.348163678624,456.1854316541463,241.77827877669756,1432.297281750802,1272304.0755097177,6573.538026862609,1077.3533173171984,122454167.64273037
5888,5889.0,30.0,494.0,7996226.60695702,45102.16744473949,497.86587885562074,1002.6080972255613,2750.5102780970137,456.0465065988699,241.70464849740105,1432.297281750802,1272304.0755097177,6573.538026862609,1077.3533173171984,122454167.64273037
5889,5890.0,30.0,494.0,7799531.667885305,38275.032036691904,497.86587885562074,1002.6080972255613,2749.6729440683844,455.9076729934645,241.63106668653617,1432.297281750802,1272304.0755097177,6573.538026862609,1077.3533173171984,122454167.64273037
5890,5891.0,30.0,494.0,7605849.147685856,29880.8133358676,497.86587885562074,1002.6080972255613,2748.8361610483103,455.768930747662,241.55753329626089,1432.297281750802,1272304.0755097177,6573.538026862609,1077.3533173171984,122454167.64273037
5891,5892.0,30.0,494.0,7415177.064685233,19920.542223911732,497.86587885562074,1002.6080972255613,2747.9999284930805,455.63027977131276,241.48404827879577,1432.297281750802,1272304.0755097177,6573.538026862609,1077.3533173171984,122454167.64273037
5892,5893.0,30.0,494.0,7224504.98168461,9960.271111955866,497.86587885562074,1002.6080972255613,2747.9999284930805,455.63027977131276,241.48404827879577,1432.297281750802,1272304.0755097177,6573.538026862609,1077.3533173171984,122454167.64273037
5893,5894.0,30.0,494.0,7033832.898683988,0.0,497.86587885562074,1002.6080972255613,2747.9999284930805,455.63027977131276,241.48404827879577,1432.297281750802,1272304.0755097177,6573.538026862609,1077.3533173171984,122454167.64273037
5894,5895.0,30.0,494.0,6819021.721443809,0.0,497.86587885562216,1003.1130830546659,2754.705232448512,456.74204818349034,242.0732855372499,1433.0186900780943,1272304.0755097177,6573.538026862609,1077.3533173171984,122454167.64273037
5895,5896.0,30.0,494.0,6567762.13257139,0.0,497.8658788556221,1006.7998939916391,2764.829791235246,458.420743843097,242.9629942368414,1438.285562845199,1272304.0755097177,6573.538026862609,1077.3533173171984,122454167.64273037
5896,5897.0,30.0,494.0,5739000.96115453,0.0,526.4558000000001,1065.215036251524,2925.246897497591,485.01859424642555,257.05985495060554,1521.7357660736056,1272304.0755097177,6573.538026862609,1077.3533173171984,122454167.64273037
5897,5898.0,30.0,494.0,4851263.824148525,0.0,526.4558000000001,1071.1805427088832,2941.6291101612424,487.7348359980423,258.49946307896244,1530.2579181555475,1272304.0755097177,6573.538026862609,1077.3533173171984,122454167.64273037
5898,5899.0,30.0,494.0,3910503.7351591215,0.0,526.4558000000001,1076.5438930039638,2956.3577079344086,490.17690124500433,259.7937576598523,1537.91984714852,1272304.0755097177,6573.538026862609,1077.3533173171984,122454167.64273037
5899,5900.0,30.0,494.0,2932957.8848601338,17534.93256776905,526.4558000000001,1076.8552571400178,2966.5759749648487,491.8711341369281,260.6917010925719,1538.3646530571684,1272304.0755097177,6573.538026862609,1077.3533173171984,122454167.64273037
5900,5901.0,30.0,494.0,1955412.034561146,35069.8651355381,525.5666,1076.8552571400178,2966.5759749648487,491.8711341369281,260.6917010925719,1538.3646530571684,1272304.0755097177,6573.538026862609,1077.3533173171984,122454167.64273037
5901,5902.0,30.0,494.0,984586.1675668973,49109.011090905355,525.5666,1076.8552571400178,2964.7093129357545,491.5616334947571,260.52766575222125,1538.3646530571684,1272304.0755097177,6573.538026862609,1077.3533173171984,122454167.64273037
5902,5903.0,30.0,494.0,27173.03576187417,56170.74981415948,525.5666,1076.8552571400178,2960.9835531609697,490.94388640133667,260.20025979270844,1538.3646530571684,1272304.0755097177,6573.538026862609,1077.3533173171984,122454167.64273037
5903,5904.0,30.0,494.0,0.0,0.0,477.2285840088,995.0552967745118,2702.583526482317,448.1000437841095,237.49302320557806,1421.5075668207312,1272304.0755097177,6573.538026862609,1077.3533173171984,122454167.64273037
5904,5905.0,30.0,494.0,0.0,0.0,477.2285840088,981.3846136326232,2695.0354609929077,446.8485418626529,236.82972718720603,1401.978019475176,1272304.0755097177,6573.538026862609,1077.3533173171984,122454167.64273037
5905,5906.0,30.0,494.0,41944.04950834811,0.0,477.2285840088,977.1419107673072,2683.3843361294776,444.9167349415056,235.80586951899798,1395.9170153818675,1272304.0755097177,6573.538026862609,1077.3533173171984,122454167.64273037
5906,5907.0,30.0,494.0,143131.39419092238,15229.796991672367,477.2285840088,968.1880141105725,2666.927865247748,442.1881808559883,234.35973585367384,1383.1257344436751,1272304.0755097177,6573.538026862609,1077.3533173171984,122454167.64273037
5907,5908.0,30.0,494.0,282406.552611148,10646.0225320875,477.2285840088,968.1880141105723,2656.3479169872894,440.4339796509969,233.43000921502838,1383.125734443675,1272304.0755097177,6573.538026862609,1077.3533173171984,122454167.64273037
5908,5909.0,30.0,494.0,433335.22720764764,0.0,477.2285840088,968.1880141105723,2653.1108291605465,439.89725648122885,233.1455459350513,1383.125734443675,1272304.0755097177,6573.538026862609,1077.3533173171984,122454167.64273037
5909,5910.0,30.0,494.0,1030439.3417778304,56170.74981415948,453.05410824693985,910.0645559206572,2529.173206945635,419.3478623933849,222.25436706849402,1300.0922227437961,1272304.0755097177,6573.538026862609,1077.3533173171984,122454167.64273037
5910,5911.0,30.0,494.0,2539292.9789363723,54716.44769855216,403.65410824693987,829.0446096097277,2275.9094506710912,377.3556356357289,199.99848688693632,1184.349442299611,1272304.0755097177,6573.538026862609,1077.3533173171984,122454167.64273037
5911,5912.0,30.0,494.0,4055522.206426181,49425.30719073862,403.6541082469398,829.0446096097277,2273.860675579072,377.01593985965326,199.81844812561624,1184.349442299611,1272304.0755097177,6573.538026862609,1077.3533173171984,122454167.64273037
5912,5913.0,30.0,494.0,5576660.3862711,41580.492195102386,403.6541082469398,829.0446096097277,2272.497077702652,376.78984943094304,199.69862019839982,1184.349442299611,1272304.0755097177,6573.538026862609,1077.3533173171984,122454167.64273037
5913,5914.0,30.0,494.0,7102701.047142247,31185.369146326557,403.65410824693987,829.0446096097277,2271.135277417589,376.56405705065856,199.57895023684904,1184.349442299611,1272304.0755097177,6573.538026862609,1077.3533173171984,122454167.64273037
5914,5915.0,30.0,494.0,8628741.708013393,20790.246097549796,403.6541082469399,829.0446096097277,2271.1352774175894,376.5640570506586,199.57895023684907,1184.349442299611,1272304.0755097177,6573.538026862609,1077.3533173171984,122454167.64273037
5915,5916.0,30.0,494.0,10154782.36888454,10395.123048774898,403.6541082469399,829.0446096097277,2271.1352774175894,376.5640570506586,199.57895023684907,1184.349442299611,1272304.0755097177,6573.538026862609,1077.3533173171984,122454167.64273037
5916,5917.0,30.0,494.0,11680823.029755685,0.0,403.6541082469399,829.0446096097277,2271.1352774175894,376.5640570506586,199.57895023684907,1184.349442299611,1272304.0755097177,6573.538026862609,1077.3533173171984,122454167.64273037
5917,5918.0,30.0,494.0,12808164.333654389,0.0,425.16604000000007,867.3523674307369,2381.8850987988235,394.9268566917146,209.31123404660875,1239.0748106153385,1272304.0755097177,6573.538026862609,1077.3533173171984,122454167.64273037
5918,5919.0,30.0,494.0,12993743.74988648,0.0,474.56604000000004,962.6129802252468,2643.48562315066,438.3013556729105,232.2997185066426,1375.1614003217812,1272304.0755097177,6573.538026862609,1077.3533173171984,122454167.64273037
5919,5920.0,30.0,494.0,12214511.482993292,0.0,523.96604,1060.2051140432088,2911.4888684632374,482.73745349637403,255.85085035307824,1514.5787343474412,1272304.0755097177,6573.538026862609,1077.3533173171984,122454167.64273037
5920,5921.0,30.0,494.0,11363490.14438702,0.0,523.96604,1067.4666852034961,2931.4302772724277,486.0438253708988,257.6032274465764,1524.9524074335661,1272304.0755097177,6573.538026862609,1077.3533173171984,122454167.64273037
5921,5922.0,30.0,494.0,10436276.090322945,0.0,523.96604,1075.1736914648893,2952.5949204551507,489.5530147979495,259.46309784291327,1535.9624163784133,1272304.0755097177,6573.538026862609,1077.3533173171984,122454167.64273037
5922,5923.0,30.0,494.0,9458730.240023958,14973.480227983082,523.96604,1077.3533173171984,2966.5759749648487,491.8711341369281,260.6917010925719,1539.0761675959977,1272304.0755097177,6573.538026862609,1077.3533173171984,122454167.64273037
5923,5924.0,30.0,494.0,8481184.389724972,29946.96045596525,522.72116,1077.3533173171984,2966.5759749648482,491.8711341369281,260.6917010925719,1539.0761675959977,1272304.0755097177,6573.538026862609,1077.3533173171984,122454167.64273037
5924,5925.0,30.0,494.0,7503638.539425984,44920.44068394974,522.36548,1077.3533173171984,2966.5759749648487,491.8711341369282,260.691701092572,1539.0761675959977,1272304.0755097177,6573.538026862609,1077.3533173171984,122454167.64273037
5925,5926.0,30.0,494.0,6526749.010615164,56170.74981415948,522.36548,1077.3533173171984,2966.3936634403576,491.8409060972371,260.51699602446536,1539.0761675959977,1272304.0755097177,6573.538026862609,1077.3533173171984,122454167.64273037
5926,5927.0,30.0,494.0,5577986.821420932,56170.74981415948,521.3842759333756,1077.3533173171984,2958.580513546861,490.5454520344631,259.98908957826546,1539.0761675959977,1272304.0755097177,6573.538026862609,1077.3533173171984,122454167.64273037
5927,5928.0,30.0,494.0,4646044.174785167,47421.09538255818,521.3842759333756,1077.3533173171984,2953.908418391731,489.7707984398332,259.5785231731116,1539.0761675959977,1272304.0755097177,6573.538026862609,1077.3533173171984,122454167.64273037
5928,5929.0,30.0,494.0,3740894.3358367346,24733.617867980152,521.3842759333756,1077.3533173171984,2946.465971811917,488.53680859063996,258.9245085530392,1539.0761675959977,1272304.0755097177,6573.538026862609,1077.3533173171984,122454167.64273037
5929,5930.0,30.0,494.0,2878974.576426048,0.0,521.3842759333756,1073.3783912298272,2934.4576163847646,486.5457712961569,257.86925878696314,1533.3977017568961,1272304.0755097177,6573.538026862609,1077.3533173171984,122454167.64273037
5930,5931.0,30.0,494.0,2411293.2256569555,17397.780213472433,504.5033937885472,1025.3083747341007,2824.946947317651,468.3884284710592,248.2458670896614,1464.7262496201438,1272304.0755097177,6573.538026862609,1077.3533173171984,122454167.64273037
5931,5932.0,30.0,494.0,1987539.8695100052,11943.882298315875,504.5033937885472,1025.3083747341007,2812.7447265892824,466.36524747070655,247.17358115947448,1464.7262496201438,1272304.0755097177,6573.538026862609,1077.3533173171984,122454167.64273037
5932,5933.0,30.0,494.0,1576262.2710503684,0.0,504.5033937885472,1025.3083747341007,2809.279238342807,465.79065452297243,246.8690468971754,1464.7262496201438,1272304.0755097177,6573.538026862609,1077.3533173171984,122454167.64273037
5933,5934.0,30.0,494.0,2082492.7195604285,56170.74981415948,455.10339378854724,919.2565621264077,2554.415891962335,423.5332088037268,224.4726006659752,1313.2236601805826,1272304.0755097177,6573.538026862609,1077.3533173171984,122454167.64273037
5934,5935.0,30.0,494.0,3506231.2150401874,48890.691172664985,405.7033937885472,838.7869185180733,2299.5525455818633,381.2757630844811,202.07615443477502,1198.2670264543906,1272304.0755097177,6573.538026862609,1077.3533173171984,122454167.64273037
5935,5936.0,30.0,494.0,4929969.710519946,41610.6325311698,405.7033937885472,838.7869185180733,2299.5525455818633,381.2757630844811,202.07615443477502,1198.2670264543906,1272304.0755097177,6573.538026862609,1077.3533173171984,122454167.64273037
5936,5937.0,30.0,494.0,6356212.177004619,33027.98905875161,405.7033937885472,838.7869185180733,2298.8569980804987,381.16043829885973,202.01503229839568,1198.2670264543906,1272304.0755097177,6573.538026862609,1077.3533173171984,122454167.64273037
5937,5938.0,30.0,494.0,7782454.643489291,24445.345586333424,405.7033937885472,838.7869185180733,2298.8569980804987,381.16043829885973,202.01503229839568,1198.2670264543906,1272304.0755097177,6573.538026862609,1077.3533173171984,122454167.64273037
5938,5939.0,30.0,494.0,9208697.109973963,15862.702113917097,405.7033937885472,838.7869185180733,2298.8569980804987,381.16043829885973,202.01503229839568,1198.2670264543906,1272304.0755097177,6573.538026862609,1077.3533173171984,122454167.64273037
5939,5940.0,30.0,494.0,10634939.57645864,7280.058641496114,405.70339378854703,838.7869185180733,2298.8569980804978,381.16043829885956,202.01503229839557,1198.2670264543906,1272304.0755097177,6573.538026862609,1077.3533173171984,122454167.64273037
5940,5941.0,30.0,494.0,12058678.071938403,0.0,405.70339378854703,838.7869185180733,2299.5525455818624,381.27576308448096,202.0761544347749,1198.2670264543906,1272304.0755097177,6573.538026862609,1077.3533173171984,122454167.64273037
5941,5942.0,30.0,494.0,12993743.74988648,0.0,432.15787473039995,886.801332390326,2435.294994896219,403.7824485893308,214.00469775234532,1266.8590462718944,1272304.0755097177,6573.538026862609,1077.3533173171984,122454167.64273037
5942,5943.0,30.0,494.0,12993743.74988648,0.0,481.55787473039993,981.3846136326232,2695.0354609929077,446.84854186265284,236.829727187206,1401.978019475176,1272304.0755097177,6573.538026862609,1077.3533173171984,122454167.64273037
5943,5944.0,30.0,494.0,12142510.78071072,0.0,524.85524,1067.488091949723,2931.48906354173,486.0535723887393,257.60839336603186,1524.9829884996043,1272304.0755097177,6573.538026862609,1077.3533173171984,122454167.64273037
5944,5945.0,30.0,494.0,11235168.665455814,0.0,524.85524,1073.163615358426,2947.0749374526035,488.63777772908884,258.9780221964171,1533.0908790834658,1272304.0755097177,6573.538026862609,1077.3533173171984,122454167.64273037
5945,5946.0,30.0,494.0,10257622.815156827,14973.480227983082,524.85524,1077.3533173171984,2966.5759749648487,491.8711341369281,260.6917010925719,1539.0761675959977,1272304.0755097177,6573.538026862609,1077.3533173171984,122454167.64273037
5946,5947.0,30.0,494.0,9280076.964857839,29946.960455967113,522.36548,1077.3533173171984,2966.5759749648487,491.8711341369282,260.691701092572,1539.0761675959977,1272304.0755097177,6573.538026862609,1077.3533173171984,122454167.64273037
5947,5948.0,30.0,494.0,8302531.114558851,44920.44068394974,520.76492,1077.3533173171984,2966.575974964849,491.8711341369282,260.6917010925719,1539.0761675959977,1272304.0755097177,6573.538026862609,1077.3533173171984,122454167.64273037
5948,5949.0,30.0,494.0,7325641.58574803,56170.74981415948,520.0535600000001,1077.3533173171984,2966.393663440358,491.84090609723717,260.5169960244652,1539.0761675959977,1272304.0755097177,6573.538026862609,1077.3533173171984,122454167.64273037
5949,5950.0,30.0,494.0,6376879.396553797,56170.74981415948,518.5470785508758,1077.3533173171984,2958.5805135468613,490.54545203446315,259.98908957826546,1539.0761675959977,1272304.0755097177,6573.538026862609,1077.3533173171984,122454167.64273037
5950,5951.0,30.0,494.0,5794769.918998516,0.0,499.6987061133062,1051.1879415539943,2856.732538091597,473.65861696956154,251.03906699386764,1501.6970593628491,1272304.0755097177,6573.538026862609,1077.3533173171984,122454167.64273037
5951,5952.0,30.0,494.0,6167615.312599056,0.0,450.29870611330625,943.6707486555655,2591.467296103868,429.6764919457261,227.72854073123486,1348.1010695079508,1272304.0755097177,6573.538026862609,1077.3533173171984,122454167.64273037
5952,5953.0,30.0,494.0,6560922.59859429,0.0,450.2987061133062,941.6009978682582,2585.7834371053427,428.7340835275792,227.22906426961697,1345.1442826689404,1272304.0755097177,6573.538026862609,1077.3533173171984,122454167.64273037
5953,5954.0,30.0,494.0,6994862.473651062,44530.179693703074,450.2987061133062,928.8323051221844,2574.496606810471,426.8626782223382,226.23721945783927,1326.903293031692,1272304.0755097177,6573.538026862609,1077.3533173171984,122454167.64273037
5954,5955.0,30.0,494.0,7494725.474202173,54766.646278294735,450.2987061133062,928.8323051221844,2556.184627506487,423.8264728109297,224.62803058979276,1326.903293031692,1272304.0755097177,6573.538026862609,1077.3533173171984,122454167.64273037
5955,5956.0,30.0,494.0,8031400.336766565,56170.74981415948,450.2987061133062,926.826134565841,2545.9591102805757,422.1310378052225,223.72945003676793,1324.0373350940588,1272304.0755097177,6573.538026862609,1077.3533173171984,122454167.64273037
5956,5957.0,30.0,494.0,8579337.554163773,51716.09039433487,450.2987061133062,926.826134565841,2542.8306783825724,421.6123302586344,223.45453503707625,1324.0373350940588,1272304.0755097177,6573.538026862609,1077.3533173171984,122454167.64273037
5957,5958.0,30.0,494.0,9127274.771560993,47261.4309745105,450.2987061133062,926.826134565841,2542.8306783825724,421.6123302586344,223.45453503707625,1324.0373350940588,1272304.0755097177,6573.538026862609,1077.3533173171984,122454167.64273037
5958,5959.0,30.0,494.0,9675211.9889582,42806.77155468613,450.2987061133062,926.826134565841,2542.8306783825724,421.6123302586344,223.45453503707625,1324.0373350940588,1272304.0755097177,6573.538026862609,1077.3533173171984,122454167.64273037
5959,5960.0,30.0,494.0,10225960.090305367,36889.86884708423,450.2987061133062,926.826134565841,2542.049877285361,421.4828700578974,223.38592113068563,1324.0373350940588,1272304.0755097177,6573.538026862609,1077.3533173171984,122454167.64273037
5960,5961.0,30.0,494.0,10776708.191652535,30972.966139489785,450.2987061133062,926.826134565841,2542.049877285361,421.4828700578974,223.38592113068563,1324.0373350940588,1272304.0755097177,6573.538026862609,1077.3533173171984,122454167.64273037
5961,5962.0,30.0,494.0,11330265.29881862,23594.797162229195,450.2987061133062,926.826134565841,2541.269597891217,421.35349635778647,223.31735306962685,1324.0373350940588,1272304.0755097177,6573.538026862609,1077.3533173171984,122454167.64273037
5962,5963.0,30.0,494.0,11886629.535554308,14756.33795452118,450.2987061133062,926.826134565841,2540.489839677439,421.2242090716355,223.24883080796684,1324.0373350940588,1272304.0755097177,6573.538026862609,1077.3533173171984,122454167.64273037
5963,5964.0,30.0,494.0,12440186.642720394,7378.16897726059,450.2987061133062,926.826134565841,2541.269597891217,421.35349635778647,223.31735306962685,1324.0373350940588,1272304.0755097177,6573.538026862609,1077.3533173171984,122454167.64273037
5964,5965.0,30.0,494.0,12993743.74988648,0.0,450.2987061133062,926.826134565841,2541.269597891217,421.35349635778647,223.31735306962685,1324.0373350940588,1272304.0755097177,6573.538026862609,1077.3533173171984,122454167.64273037
5965,5966.0,30.0,494.0,12993743.74988648,0.0,479.79408962159994,981.3846136326232,2695.0354609929077,446.84854186265284,236.829727187206,1401.978019475176,1272304.0755097177,6573.538026862609,1077.3533173171984,122454167.64273037
5966,5967.0,30.0,494.0,12229506.246147085,0.0,518.80868,1058.6883714934781,2907.3236564760728,482.04684332446647,255.48482696196723,1512.4119592763973,1272304.0755097177,6573.538026862609,1077.3533173171984,122454167.64273037
5967,5968.0,30.0,494.0,11399600.33147051,0.0,518.80868,1065.3308287313869,2925.564881736401,485.0713174092575,257.0877982269065,1521.9011839019813,1272304.0755097177,6573.538026862609,1077.3533173171984,122454167.64273037
5968,5969.0,30.0,494.0,10503132.94622895,0.0,518.80868,1072.063620276216,2944.054179115564,488.1369229248524,258.71256915017176,1531.5194575374514,1272304.0755097177,6573.538026862609,1077.3533173171984,122454167.64273037
5969,5970.0,30.0,494.0,9525587.095929962,14973.480227983082,518.80868,1077.3533173171984,2966.5759749648487,491.8711341369281,260.6917010925719,1539.0761675959977,1272304.0755097177,6573.538026862609,1077.3533173171984,122454167.64273037
5970,5971.0,30.0,494.0,8548041.245630976,29946.96045596525,516.14108,1077.3533173171984,2966.5759749648482,491.87113413692805,260.6917010925719,1539.0761675959977,1272304.0755097177,6573.538026862609,1077.3533173171984,122454167.64273037
5971,5972.0,30.0,494.0,7570837.542218711,42979.514746264555,515.6075599999999,1077.3533173171984,2966.480934162981,491.8553759607013,260.6006256116907,1539.0761675959977,1272304.0755097177,6573.538026862609,1077.3533173171984,122454167.64273037
5972,5973.0,30.0,494.0,6596717.718462147,56170.74981415948,515.6075599999999,1077.3533173171984,2965.6243009252867,491.7133424629179,260.60807150534646,1539.0761675959977,1272304.0755097177,6573.538026862609,1077.3533173171984,122454167.64273037
5973,5974.0,30.0,494.0,6583552.4743353315,0.0,466.20755999999994,993.6383878588628,2698.6924732503567,447.4548903202026,237.1510918697074,1419.4834112269468,1272304.0755097177,6573.538026862609,1077.3533173171984,122454167.64273037
5974,5975.0,30.0,494.0,6884232.969945712,8239.57877041089,450.3643254851148,949.3681948851494,2611.5131011011367,433.0001731599956,229.4900917747977,1356.2402784073563,1272304.0755097177,6573.538026862609,1077.3533173171984,122454167.64273037
5975,5976.0,30.0,494.0,7199783.572364945,8743.614467266947,450.3643254851148,949.3681948851494,2607.3825158764544,432.3153042551506,229.1271112552298,1356.2402784073563,1272304.0755097177,6573.538026862609,1077.3533173171984,122454167.64273037
5976,5977.0,30.0,494.0,7533111.019197544,0.0,450.3643254851148,949.3681948851494,2602.444503539408,431.4965604410354,228.69317703374878,1356.2402784073563,1272304.0755097177,6573.538026862609,1077.3533173171984,122454167.64273037
5977,5978.0,30.0,494.0,7901773.682438951,0.0,450.3643254851148,944.0938380398177,2592.6291656480726,429.8691349440007,227.83064152032037,1348.7054829140254,1272304.0755097177,6573.538026862609,1077.3533173171984,122454167.64273037
5978,5979.0,30.0,494.0,8340245.316836435,12948.894548873417,450.3643254851148,934.5147163832095,2573.237784771384,426.6539600808622,226.12659884285696,1335.021023404585,1272304.0755097177,6573.538026862609,1077.3533173171984,122454167.64273037
5979,5980.0,30.0,494.0,8810334.947188534,9449.866244854406,450.3643254851148,934.5147163832095,2564.4550081173247,425.19773770524785,225.35480098378136,1335.021023404585,1272304.0755097177,6573.538026862609,1077.3533173171984,122454167.64273037
5980,5981.0,30.0,494.0,9291863.928978663,0.0,450.3643254851148,934.5147163832095,2561.2774104956497,424.6708782689165,225.07556548252577,1335.021023404585,1272304.0755097177,6573.538026862609,1077.3533173171984,122454167.64273037
5981,5982.0,30.0,494.0,9776247.932915399,21436.77784353774,450.3643254851148,928.2201903048507,2560.484348788259,424.53938520595545,225.0058741591564,1326.0288432926438,1272304.0755097177,6573.538026862609,1077.3533173171984,122454167.64273037
5982,5983.0,30.0,494.0,10263485.0366047,41389.35141653381,450.3643254851148,928.2201903048507,2559.6918210792123,424.4079806822307,224.93622976158227,1326.0288432926438,1272304.0755097177,6573.538026862609,1077.3533173171984,122454167.64273037
5983,5984.0,30.0,494.0,10764958.87098913,53935.869005237706,450.3643254851148,928.2201903048507,2555.7371736638993,423.752283027528,224.58871000458984,1326.0288432926438,1272304.0755097177,6573.538026862609,1077.3533173171984,122454167.64273037
5984,5985.0,30.0,494.0,11291938.602052584,56170.74981415948,450.3643254851148,927.6452714823271,2548.652202364171,422.57756412670284,223.96610898715252,1325.2075306890388,1272304.0755097177,6573.538026862609,1077.3533173171984,122454167.64273037
5985,5986.0,30.0,494.0,11844270.850732269,45217.057429606095,450.3643254851148,927.6452714823271,2541.609836359662,421.40990936819423,223.34725196514296,1325.2075306890388,1272304.0755097177,6573.538026862609,1077.3533173171984,122454167.64273037
5986,5987.0,30.0,494.0,12413420.24908121,25514.95541268494,450.3643254851147,927.6452714823271,2536.9384058959795,420.6353659822826,222.9367439706098,1325.2075306890388,1272304.0755097177,6573.538026862609,1077.3533173171984,122454167.64273037
5987,5988.0,30.0,494.0,12993743.74988648,0.0,450.3643254851147,927.6452714823271,2533.834488546999,420.12072305400625,222.66398321862331,1325.2075306890388,1272304.0755097177,6573.538026862609,1077.3533173171984,122454167.64273037
5988,5989.0,30.0,494.0,12993743.74988648,0.0,482.19925113359983,981.3846136326232,2695.0354609929077,446.84854186265284,236.829727187206,1401.978019475176,1272304.0755097177,6573.538026862609,1077.3533173171984,122454167.64273037
5989,5990.0,30.0,494.0,12993743.74988648,0.0,482.6802834359999,981.3846136326232,2695.0354609929077,446.84854186265284,236.829727187206,1401.978019475176,1272304.0755097177,6573.538026862609,1077.3533173171984,122454167.64273037
5990,5991.0,30.0,494.0,12158464.603981469,0.0,526.4558000000001,1065.874339045629,2927.0574459665218,485.3187910174971,257.2189592392735,1522.6776272080417,1272304.0755097177,6573.538026862609,1077.3533173171984,122454167.64273037
5991,5992.0,30.0,494.0,11280606.101000996,0.0,526.4558000000001,1070.1813042143458,2938.88504515415,487.2798581452671,258.2583248169916,1528.8304345919225,1272304.0755097177,6573.538026862609,1077.3533173171984,122454167.64273037
5992,5993.0,30.0,494.0,10349831.269232411,0.0,526.4558000000001,1075.533869414962,2953.58402537307,489.7170126735688,259.5500167169915,1536.4769563070888,1272304.0755097177,6573.538026862609,1077.3533173171984,122454167.64273037
5993,5994.0,30.0,494.0,9372285.418933423,18723.583271386036,526.4558000000001,1076.6241306143145,2966.5759749648487,491.8711341369281,260.6917010925719,1538.0344723061635,1272304.0755097177,6573.538026862609,1077.3533173171984,122454167.64273037
5994,5995.0,30.0,494.0,8394739.568634436,37447.166542772364,524.1438800000001,1076.6241306143145,2966.5759749648487,491.87113413692805,260.6917010925719,1538.0344723061637,1272304.0755097177,6573.538026862609,1077.3533173171984,122454167.64273037
5995,5996.0,30.0,494.0,7417193.718335448,56170.74981415948,522.36548,1076.6241306143145,2966.5759749648487,491.8711341369282,260.691701092572,1538.0344723061637,1272304.0755097177,6573.538026862609,1077.3533173171984,122454167.64273037
5996,5997.0,30.0,494.0,6771395.598888861,0.0,504.06574159349503,1057.630142214342,2874.4238275058487,476.59190931129433,252.593711934986,1510.9002031633456,1272304.0755097177,6573.538026862609,1077.3533173171984,122454167.64273037
5997,5998.0,30.0,494.0,7063930.382781172,4604.746508885175,454.66574159349494,950.8989186558512,2613.7757988005983,433.37533823010864,229.68892926195758,1358.427026651216,1272304.0755097177,6573.538026862609,1077.3533173171984,122454167.64273037
5998,5999.0,30.0,494.0,7362374.152231235,6135.593624136411,454.66574159349483,950.8989186558512,2612.1344139234457,433.1031895145882,229.54469044273176,1358.427026651216,1272304.0755097177,6573.538026862609,1077.3533173171984,122454167.64273037
5999,6000.0,30.0,494.0,7675555.192426806,0.0,454.66574159349483,950.8989186558512,2608.0407276052492,432.424438608114,229.18495246230043,1358.427026651216,1272304.0755097177,6573.538026862609,1077.3533173171984,122454167.64273037
6000,6001.0,30.0,494.0,8015137.312424187,13368.314180550165,454.66574159349483,944.4359837292013,2600.707094326969,431.20849047519124,228.54049995185136,1349.1942624702876,1272304.0755097177,6573.538026862609,1077.3533173171984,122454167.64273037
6001,6002.0,30.0,494.0,8398364.73507398,48241.46162538696,454.66574159349483,935.8397012262487,2588.583399145743,429.19832935036425,227.47511455569307,1336.9138588946412,1272304.0755097177,6573.538026862609,1077.3533173171984,122454167.64273037
6002,6003.0,30.0,494.0,8833386.590405593,56170.74981415948,454.66574159349483,935.8397012262487,2574.1960567341266,426.8128457190873,226.2108082311163,1336.9138588946412,1272304.0755097177,6573.538026862609,1077.3533173171984,122454167.64273037
6003,6004.0,30.0,494.0,9291227.906511111,52229.18031503167,454.66574159349483,935.8397012262487,2567.857317630264,425.7618553455635,225.65378333314868,1336.9138588946412,1272304.0755097177,6573.538026862609,1077.3533173171984,122454167.64273037
6004,6005.0,30.0,494.0,9754755.009765813,45329.820938210934,454.66574159349483,935.8397012262487,2566.27793231105,425.4999864250447,225.51499280527372,1336.9138588946412,1272304.0755097177,6573.538026862609,1077.3533173171984,122454167.64273037
6005,6006.0,30.0,494.0,10218282.113020502,38430.46156138926,454.66574159349483,935.8397012262487,2566.27793231105,425.4999864250447,225.51499280527372,1336.9138588946412,1272304.0755097177,6573.538026862609,1077.3533173171984,122454167.64273037
6006,6007.0,30.0,494.0,10678967.273730848,33009.50239022076,454.66574159349483,935.8397012262487,2567.0673607955896,425.63087708393476,225.58436485448544,1336.9138588946412,1272304.0755097177,6573.538026862609,1077.3533173171984,122454167.64273037
6007,6008.0,30.0,494.0,11136808.589836366,29067.932891093194,454.66574159349483,935.8397012262487,2567.857317630264,425.7618553455635,225.65378333314868,1336.9138588946412,1272304.0755097177,6573.538026862609,1077.3533173171984,122454167.64273037
6008,6009.0,30.0,494.0,11594649.905941885,25126.363391965628,454.66574159349483,935.8397012262487,2567.857317630264,425.7618553455635,225.65378333314868,1336.9138588946412,1272304.0755097177,6573.538026862609,1077.3533173171984,122454167.64273037
6009,6010.0,30.0,494.0,12055335.06665223,19705.40422079712,454.66574159349483,935.8397012262487,2567.0673607955896,425.63087708393476,225.58436485448544,1336.9138588946412,1272304.0755097177,6573.538026862609,1077.3533173171984,122454167.64273037
6010,6011.0,30.0,494.0,12521702.212298378,11328.633112356067,454.66574159349483,935.8397012262487,2565.489031646756,425.3691832810355,225.4456671389488,1336.9138588946412,1272304.0755097177,6573.538026862609,1077.3533173171984,122454167.64273037
6011,6012.0,30.0,494.0,12993743.74988648,0.0,454.66574159349483,935.8397012262487,2563.91281166288,425.10783918681335,225.30715476901108,1336.9138588946412,1272304.0755097177,6573.538026862609,1077.3533173171984,122454167.64273037
6012,6013.0,30.0,494.0,12993743.74988648,0.0,479.9544337224,981.3846136326232,2695.0354609929077,446.84854186265284,236.829727187206,1401.978019475176,1272304.0755097177,6573.538026862609,1077.3533173171984,122454167.64273037
6013,6014.0,30.0,494.0,12115718.83938939,0.0,527.3449999999999,1070.1981365816503,2938.9312694643213,487.28752233592354,258.2623868380395,1528.8544808309289,1272304.0755097177,6573.538026862609,1077.3533173171984,122454167.64273037
6014,6015.0,30.0,494.0,11221245.7785225,0.0,527.3449999999999,1071.8618914055423,2943.5002001225994,488.0450708105438,258.66388752958824,1531.2312734364891,1272304.0755097177,6573.538026862609,1077.3533173171984,122454167.64273037
6015,6016.0,30.0,494.0,10293710.846943052,0.0,527.3449999999999,1075.2061487018477,2952.68405309831,489.56779337589575,259.47093048922477,1536.0087838597826,1272304.0755097177,6573.538026862609,1077.3533173171984,122454167.64273037
6016,6017.0,30.0,494.0,9316164.996644065,14973.480227983082,527.3449999999999,1077.3533173171984,2966.575974964849,491.8711341369282,260.6917010925719,1539.0761675959977,1272304.0755097177,6573.538026862609,1077.3533173171984,122454167.64273037
6017,6018.0,30.0,494.0,8338619.146345077,29946.96045596525,524.1438800000001,1077.3533173171984,2966.5759749648487,491.87113413692805,260.6917010925719,1539.0761675959977,1272304.0755097177,6573.538026862609,1077.3533173171984,122454167.64273037
6018,6019.0,30.0,494.0,7361729.617534256,41197.26958617685,522.36548,1077.3533173171984,2966.3936634403576,491.8409060972371,260.51699602446536,1539.0761675959977,1272304.0755097177,6573.538026862609,1077.3533173171984,122454167.64273037
6019,6020.0,30.0,494.0,6384183.76723527,56170.74981415948,521.29844,1077.3533173171984,2966.5759749648482,491.8711341369281,260.6917010925719,1539.0761675959977,1272304.0755097177,6573.538026862609,1077.3533173171984,122454167.64273037
6020,6021.0,30.0,494.0,5409277.445598336,56170.74981415948,520.76492,1077.3533173171984,2965.8427725587226,491.74956600515037,259.9890895782648,1539.0761675959977,1272304.0755097177,6573.538026862609,1077.3533173171984,122454167.64273037
6021,6022.0,30.0,494.0,4579682.760468142,0.0,513.0108486500553,1076.221437642454,2925.4784290846283,485.0569831854804,257.08020108830465,1537.4591966320772,1272304.0755097177,6573.538026862609,1077.3533173171984,122454167.64273037
6022,6023.0,30.0,494.0,4701715.560874879,7297.910101886839,463.6108486500553,967.6217766628471,2661.137460879925,441.22810675455014,233.8508965799116,1382.3168238040673,1272304.0755097177,6573.538026862609,1077.3533173171984,122454167.64273037
6023,6024.0,30.0,494.0,4835790.628713014,8331.340760804713,463.61084865005574,967.6217766628471,2657.7923865934254,440.6734789624565,233.55694385010196,1382.3168238040673,1272304.0755097177,6573.538026862609,1077.3533173171984,122454167.64273037
6024,6025.0,30.0,494.0,4987867.684249708,0.0,463.61084865005574,967.6217766628471,2652.791834454936,439.8443657786289,233.11751386267335,1382.3168238040673,1272304.0755097177,6573.538026862609,1077.3533173171984,122454167.64273037
6025,6026.0,30.0,494.0,5181665.109121734,31250.79277767986,463.61084865005574,955.705173413226,2641.2028429729066,437.9228608409922,232.09911624572587,1365.2931048760372,1272304.0755097177,6573.538026862609,1077.3533173171984,122454167.64273037
6026,6027.0,30.0,494.0,5437307.16226878,53555.52375847101,463.61084865005574,951.1890094832945,2624.023779563173,435.0744977874028,230.58948382732348,1358.8414421189923,1272304.0755097177,6573.538026862609,1077.3533173171984,122454167.64273037
6027,6028.0,30.0,494.0,5730798.534909729,56170.74981415948,463.61084865005574,951.1890094832945,2613.510079703755,433.3312808539857,229.6655788526124,1358.8414421189923,1272304.0755097177,6573.538026862609,1077.3533173171984,122454167.64273037
6028,6029.0,30.0,494.0,6032977.661898041,54266.53974001203,463.61084865005574,951.1890094832945,2611.0968146072655,432.9311510578839,229.45351006067847,1358.8414421189923,1272304.0755097177,6573.538026862609,1077.3533173171984,122454167.64273037
6029,6030.0,30.0,494.0,6335156.788886353,52362.32966586389,463.61084865005574,951.1890094832945,2611.0968146072655,432.9311510578839,229.45351006067847,1358.8414421189923,1272304.0755097177,6573.538026862609,1077.3533173171984,122454167.64273037
6030,6031.0,30.0,494.0,6634441.934000397,51963.59105404404,463.61084865005574,951.1890094832945,2611.900698461229,433.06443847957814,229.52415239417644,1358.8414421189923,1272304.0755097177,6573.538026862609,1077.3533173171984,122454167.64273037
6031,6032.0,30.0,494.0,6936621.060988709,50059.38097989373,463.61084865005574,951.1890094832945,2611.0968146072655,432.9311510578839,229.45351006067847,1358.8414421189923,1272304.0755097177,6573.538026862609,1077.3533173171984,122454167.64273037
6032,6033.0,30.0,494.0,7241692.236197218,46650.70534502715,463.61084865005574,951.1890094832945,2610.2934678794327,432.7979526940264,229.38291492783398,1358.8414421189923,1272304.0755097177,6573.538026862609,1077.3533173171984,122454167.64273037
6033,6034.0,30.0,494.0,7552541.714630738,40236.1122635901,463.61084865005574,951.1890094832945,2608.6883836502634,432.53182278302813,229.24186607500494,1358.8414421189923,1272304.0755097177,6573.538026862609,1077.3533173171984,122454167.64273037
6034,6035.0,30.0,494.0,7872044.193846006,29320.162122441456,463.61084865005574,951.1890094832945,2606.2847723219998,432.1332936234736,229.03064562044102,1358.8414421189923,1272304.0755097177,6573.538026862609,1077.3533173171984,122454167.64273037
6035,6036.0,30.0,494.0,8197305.726693941,15408.30831960123,463.61084865005574,951.1890094832945,2604.6850352018146,431.86805028628396,228.8900666517305,1358.8414421189923,1272304.0755097177,6573.538026862609,1077.3533173171984,122454167.64273037
6036,6037.0,30.0,494.0,8525443.90805734,0.0,463.61084865005574,951.1890094832945,2603.8859661697416,431.7355611828946,228.81984742693416,1358.8414421189923,1272304.0755097177,6573.538026862609,1077.3533173171984,122454167.64273037
6037,6038.0,30.0,494.0,8593005.669200769,0.0,477.76716,974.5506412110531,2676.2683051197328,443.73686620635266,235.18053908936693,1392.215201730076,1272304.0755097177,6573.538026862609,1077.3533173171984,122454167.64273037
6038,6039.0,30.0,494.0,7715013.995746857,0.0,527.16716,1070.194774605399,2938.9220369523277,487.2859915454824,258.2615755191057,1528.849678007713,1272304.0755097177,6573.538026862609,1077.3533173171984,122454167.64273037
6039,6040.0,30.0,494.0,6794128.175002761,0.0,527.16716,1074.5335812715775,2950.8370778662675,489.26155688986796,259.30862515163005,1535.0479732451108,1272304.0755097177,6573.538026862609,1077.3533173171984,122454167.64273037
6040,6041.0,30.0,494.0,5816582.3247037735,14973.480227983082,527.16716,1077.3533173171984,2966.575974964849,491.87113413692816,260.6917010925719,1539.0761675959977,1272304.0755097177,6573.538026862609,1077.3533173171984,122454167.64273037
6041,6042.0,30.0,494.0,4839036.474404786,29946.96045596525,523.96604,1077.3533173171984,2966.5759749648487,491.8711341369281,260.6917010925719,1539.0761675959977,1272304.0755097177,6573.538026862609,1077.3533173171984,122454167.64273037
6042,6043.0,30.0,494.0,3861490.6241058,44920.440683947876,521.6541199999999,1077.3533173171984,2966.5759749648482,491.871134136928,260.69170109257186,1539.0761675959977,1272304.0755097177,6573.538026862609,1077.3533173171984,122454167.64273037
6043,6044.0,30.0,494.0,2887240.623957034,41197.26958617685,520.76492,1077.3533173171984,2965.660461034232,491.71933796545943,259.8143845101587,1539.0761675959977,1272304.0755097177,6573.538026862609,1077.3533173171984,122454167.64273037
6044,6045.0,30.0,494.0,1909694.7736580465,56170.74981415948,520.76492,1077.3533173171984,2966.575974964849,491.8711341369282,260.6917010925719,1539.0761675959977,1272304.0755097177,6573.538026862609,1077.3533173171984,122454167.64273037
6045,6046.0,30.0,494.0,947100.0210007746,56170.74981415948,520.76492,1077.3533173171984,2962.4228922865946,491.182535056926,259.9890895782661,1539.0761675959977,1272304.0755097177,6573.538026862609,1077.3533173171984,122454167.64273037
6046,6047.0,30.0,494.0,0.0,55306.07723169215,520.76492,1077.3533173171984,2958.1188001597898,490.4688979568795,259.94851591714615,1539.0761675959977,1272304.0755097177,6573.538026862609,1077.3533173171984,122454167.64273037
6047,6048.0,30.0,494.0,0.0,0.0,472.2579168839999,992.138573094341,2695.0354609929077,446.8485418626529,236.82972718720603,1417.3408187062016,1272304.0755097177,6573.538026862609,1077.3533173171984,122454167.64273037
6048,6049.0,30.0,494.0,27292.60795225762,20291.84957316052,472.2579168839999,974.6782884108347,2687.454181006169,445.5915328338075,236.16351240191796,1392.3975548726212,1272304.0755097177,6573.538026862609,1077.3533173171984,122454167.64273037
6049,6050.0,30.0,494.0,90717.73291583732,21787.287977941367,472.2579168839999,974.6782884108347,2677.4173707252467,443.92738625618506,235.28151471577806,1392.3975548726212,1272304.0755097177,6573.538026862609,1077.3533173171984,122454167.64273037
6050,6051.0,30.0,494.0,198899.46059243567,0.0,472.2579168839999,974.6782884108347,2664.984981082742,441.8660422538412,234.18900239453586,1392.3975548726212,1272304.0755097177,6573.538026862609,1077.3533173171984,122454167.64273037
6051,6052.0,30.0,494.0,327813.8349943161,4093.2329226303846,472.2579168839999,967.5488269126635,2659.225912547941,440.9111637691201,233.68291679763362,1382.2126098752335,1272304.0755097177,6573.538026862609,1077.3533173171984,122454167.64273037
6052,6053.0,30.0,494.0,465583.92499168776,3579.654992007688,472.2579168839999,967.5488269126633,2656.765991549193,440.50329822252615,233.46674805793887,1382.2126098752335,1272304.0755097177,6573.538026862609,1077.3533173171984,122454167.64273037
6053,6054.0,30.0,494.0,609247.9636043627,0.0,472.2579168839999,967.5488269126633,2655.1287836004976,440.23184205981914,233.32287629170418,1382.2126098752335,1272304.0755097177,6573.538026862609,1077.3533173171984,122454167.64273037
6054,6055.0,30.0,494.0,755856.023918556,54031.93317379337,472.2579168839999,956.0487814932825,2654.3109997945203,440.0962499659306,233.25101248194323,1365.7839735618322,1272304.0755097177,6573.538026862609,1077.3533173171984,122454167.64273037
6055,6056.0,30.0,494.0,1497470.1560407574,55814.67420263216,440.5180645090029,906.0225993017737,2489.0315354034074,412.6921995436035,218.72686575810988,1294.317999002534,1272304.0755097177,6573.538026862609,1077.3533173171984,122454167.64273037
6056,6057.0,30.0,494.0,2241826.780439743,56170.74981415948,440.5180645090029,906.0225993017737,2488.26973199319,412.5658892415802,218.65992129803752,1294.317999002534,1272304.0755097177,6573.538026862609,1077.3533173171984,122454167.64273037
6057,6058.0,30.0,494.0,2988924.0671267873,55101.1119824769,440.51806450900244,906.0225993017737,2487.508436913173,412.43966322290385,218.59302150813906,1294.317999002534,1272304.0755097177,6573.538026862609,1077.3533173171984,122454167.64273037
6058,6059.0,30.0,494.0,3744232.3790438036,49760.036146955565,440.51806450900244,906.0225993017737,2485.2275965715144,412.06149002420455,218.39258971282842,1294.317999002534,1272304.0755097177,6573.538026862609,1077.3533173171984,122454167.64273037
6059,6060.0,30.0,494.0,4510463.215562957,38736.97963585146,440.51806450900244,906.0225993017737,2482.19356195981,411.5584339561773,218.12596999677396,1294.317999002534,1272304.0755097177,6573.538026862609,1077.3533173171984,122454167.64273037
6060,6061.0,30.0,494.0,5282144.4146672385,24878.602902391925,440.51806450900244,906.0225993017737,2480.67957235283,411.3074079277387,217.99292620170152,1294.317999002534,1272304.0755097177,6573.538026862609,1077.3533173171984,122454167.64273037
6061,6062.0,30.0,494.0,6056548.076477882,9603.980287048034,440.51806450900244,906.0225993017737,2479.923332712173,411.18202012278505,217.9264706650761,1294.317999002534,1272304.0755097177,6573.538026862609,1077.3533173171984,122454167.64273037
6062,6063.0,30.0,494.0,6820051.00949744,0.0,440.51806450900244,906.0225993017737,2482.9513129319193,411.684072346426,218.19255834360578,1294.317999002534,1272304.0755097177,6573.538026862609,1077.3533173171984,122454167.64273037
6063,6064.0,30.0,494.0,6627954.416377424,0.0,489.9180645090023,1000.8154691556573,2748.395625748467,455.6958880885863,241.51882068695073,1429.736384508082,1272304.0755097177,6573.538026862609,1077.3533173171984,122454167.64273037
6064,6065.0,30.0,494.0,5770676.899442333,0.0,522.54332,1068.0995069275007,2933.1681045859887,486.3319646597182,257.7559412696507,1525.8564384678582,1272304.0755097177,6573.538026862609,1077.3533173171984,122454167.64273037
6065,6066.0,30.0,494.0,4853631.356993898,0.0,522.54332,1074.145131421847,2949.7703338952506,489.08468612327187,259.2148836453341,1534.493044888353,1272304.0755097177,6573.538026862609,1077.3533173171984,122454167.64273037
6066,6067.0,30.0,494.0,3876085.50669491,14973.480227983082,522.54332,1077.3533173171984,2966.5759749648487,491.87113413692816,260.6917010925719,1539.0761675959977,1272304.0755097177,6573.538026862609,1077.3533173171984,122454167.64273037
6067,6068.0,30.0,494.0,2898539.6563959224,29946.96045596525,520.58708,1077.3533173171984,2966.575974964849,491.87113413692816,260.6917010925719,1539.0761675959977,1272304.0755097177,6573.538026862609,1077.3533173171984,122454167.64273037
6068,6069.0,30.0,494.0,1920993.8060969347,44920.44068394974,520.0535600000001,1077.3533173171984,2966.575974964849,491.87113413692816,260.6917010925719,1539.0761675959977,1272304.0755097177,6573.538026862609,1077.3533173171984,122454167.64273037
6069,6070.0,30.0,494.0,953631.2346679969,54596.50150924176,520.0535600000001,1077.3533173171984,2963.7472863898347,491.4021253303935,260.4431264251086,1539.0761675959977,1272304.0755097177,6573.538026862609,1077.3533173171984,122454167.64273037
6070,6071.0,30.0,494.0,0.0,56170.74981415948,520.0535600000001,1077.3533173171984,2959.9330261784626,490.76970448161245,260.06295917762213,1539.0761675959977,1272304.0755097177,6573.538026862609,1077.3533173171984,122454167.64273037
6071,6072.0,30.0,494.0,0.0,0.0,471.2958522792001,992.3067038742652,2695.0354609929077,446.8485418626529,236.82972718720603,1417.5810055346647,1272304.0755097177,6573.538026862609,1077.3533173171984,122454167.64273037
6072,6073.0,30.0,494.0,421864.1925195582,18449.394516909495,450.32538488405254,935.1250421191339,2577.850963070808,427.41884500586076,226.53198785310622,1335.8929173130487,1272304.0755097177,6573.538026862609,1077.3533173171984,122454167.64273037
6073,6074.0,30.0,494.0,875472.2616122384,20385.38212226238,450.32538488405254,935.1250421191339,2569.033219578274,425.9568249771127,225.75711723786975,1335.8929173130487,1272304.0755097177,6573.538026862609,1077.3533173171984,122454167.64273037
6074,6075.0,30.0,494.0,1371988.908527255,0.0,450.3253848840526,935.1250421191339,2557.1141701831807,423.9805950092057,224.70971535487902,1335.8929173130487,1272304.0755097177,6573.538026862609,1077.3533173171984,122454167.64273037
6075,6076.0,30.0,494.0,1896871.556801226,14815.24387173634,450.32538488405265,925.4112128125245,2549.2347253612493,422.6741489604141,224.01729894901948,1322.0160183036064,1272304.0755097177,6573.538026862609,1077.3533173171984,122454167.64273037
6076,6077.0,30.0,494.0,2435866.012570502,22289.417761337943,450.32538488405265,925.4112128125245,2545.314778834775,422.02420486324473,223.6728285775197,1322.0160183036064,1272304.0755097177,6573.538026862609,1077.3533173171984,122454167.64273037
6077,6078.0,30.0,494.0,2986115.9585934523,23908.399701726623,450.32538488405265,925.4112128125245,2542.1882537643146,421.5058134769148,223.39808114276485,1322.0160183036064,1272304.0755097177,6573.538026862609,1077.3533173171984,122454167.64273037
6078,6079.0,30.0,494.0,3547591.3429427184,40481.334891383536,450.32538488405265,921.3680299320976,2539.0700764514445,420.98880618491734,223.1240672780062,1316.2400427601394,1272304.0755097177,6573.538026862609,1077.3533173171984,122454167.64273037
6079,6080.0,30.0,494.0,4120262.233887568,51230.282088645734,450.32538488405265,921.3680299320976,2535.9602135082273,420.47317745138764,222.85078404923547,1316.2400427601394,1272304.0755097177,6573.538026862609,1077.3533173171984,122454167.64273037
6080,6081.0,30.0,494.0,4704098.819253702,56170.74981415948,450.32538488405265,921.3680299320976,2532.858631724537,419.9589217699433,222.57822853806996,1316.2400427601394,1272304.0755097177,6573.538026862609,1077.3533173171984,122454167.64273037
6081,6082.0,30.0,494.0,5301850.780384166,53872.332843461074,450.32538488405265,921.3680299320976,2528.9932495677785,419.31802468139324,222.23855308113843,1316.2400427601394,1272304.0755097177,6573.538026862609,1077.3533173171984,122454167.64273037
6082,6083.0,30.0,494.0,5910701.792385157,45800.10488484241,450.32538488405265,921.3680299320976,2525.9101798815213,418.806838385812,221.96762434448038,1316.2400427601394,1272304.0755097177,6573.538026862609,1077.3533173171984,122454167.64273037
6083,6084.0,30.0,494.0,6527857.774020864,33407.56832590699,450.32538488405265,921.3680299320976,2523.603243871878,418.4243384124351,221.7648993585906,1316.2400427601394,1272304.0755097177,6573.538026862609,1077.3533173171984,122454167.64273037
6084,6085.0,30.0,494.0,7150541.230216105,18139.597306893207,450.32538488405265,921.3680299320976,2522.0678342720075,418.1697608564829,221.62997325393596,1316.2400427601394,1272304.0755097177,6573.538026862609,1077.3533173171984,122454167.64273037
6085,6086.0,30.0,494.0,7778744.840485838,0.0,450.32538488405356,921.3680299320976,2520.5344581402037,417.9155204583357,221.49522584291793,1316.2400427601394,1272304.0755097177,6573.538026862609,1077.3533173171984,122454167.64273037
6086,6087.0,30.0,494.0,7465456.037723534,0.0,499.7253848840535,1013.0742410465543,2782.0601284268814,461.27760831160657,244.4771324051515,1447.248915780792,1272304.0755097177,6573.538026862609,1077.3533173171984,122454167.64273037
6087,6088.0,30.0,494.0,6660183.0904134065,0.0,524.1438800000001,1062.8391675195605,2918.7223908012766,483.9368028021872,256.4865054851592,1518.3416678850865,1272304.0755097177,6573.538026862609,1077.3533173171984,122454167.64273037
6088,6089.0,30.0,494.0,5786062.545288295,0.0,524.1438800000001,1069.8032042290256,2937.846723527661,487.10769992638785,258.1670809609856,1528.290291755751,1272304.0755097177,6573.538026862609,1077.3533173171984,122454167.64273037
6089,6090.0,30.0,494.0,4852152.320463924,0.0,524.1438800000001,1075.8510190764182,2954.454967888566,489.8614187115332,259.6265519171126,1536.930027252026,1272304.0755097177,6573.538026862609,1077.3533173171984,122454167.64273037
6090,6091.0,30.0,494.0,3874606.470164936,14973.480227983082,524.1438800000001,1077.3533173171984,2966.5759749648487,491.87113413692805,260.6917010925719,1539.0761675959977,1272304.0755097177,6573.538026862609,1077.3533173171984,122454167.64273037
6091,6092.0,30.0,494.0,2897060.6198659465,29946.960455967113,522.899,1077.3533173171984,2966.575974964849,491.87113413692816,260.691701092572,1539.0761675959977,1272304.0755097177,6573.538026862609,1077.3533173171984,122454167.64273037
6092,6093.0,30.0,494.0,1919514.7695669606,44920.44068394974,522.72116,1077.3533173171984,2966.5759749648482,491.8711341369281,260.6917010925719,1539.0761675959977,1272304.0755097177,6573.538026862609,1077.3533173171984,122454167.64273037
6093,6094.0,30.0,494.0,948762.1891942319,56170.74981415948,522.72116,1077.3533173171984,2964.688955540888,491.5582581505941,260.51699602446513,1539.0761675959977,1272304.0755097177,6573.538026862609,1077.3533173171984,122454167.64273037
6094,6095.0,30.0,494.0,0.0,56170.74981415948,522.4482249518132,1077.3533173171984,2958.5805135468613,490.54545203446315,259.98908957826546,1539.0761675959977,1272304.0755097177,6573.538026862609,1077.3533173171984,122454167.64273037
6095,6096.0,30.0,494.0,0.0,0.0,473.5406696904,992.3067038742652,2695.0354609929077,446.8485418626529,236.82972718720603,1417.5810055346647,1272304.0755097177,6573.538026862609,1077.3533173171984,122454167.64273037
6096,6097.0,30.0,494.0,27218.90086602047,0.0,473.5406696904,978.6313814090148,2687.474655196791,445.59492754321207,236.16531159790242,1398.044830584307,1272304.0755097177,6573.538026862609,1077.3533173171984,122454167.64273037
6097,6098.0,30.0,494.0,96451.11630783044,14667.223587501794,473.5406696904,971.5297121373026,2675.8042900368496,443.6599304976432,235.1397631637509,1387.899588767575,1272304.0755097177,6573.538026862609,1077.3533173171984,122454167.64273037
6098,6099.0,30.0,494.0,222073.21394968592,0.0,473.5406696904,971.5297121373026,2660.14043387017,441.0627953618226,233.763281541766,1387.899588767575,1272304.0755097177,6573.538026862609,1077.3533173171984,122454167.64273037
6099,6100.0,30.0,494.0,382942.84647935815,0.0,473.5406696904,965.112411523475,2650.3494519568876,439.4394081913466,232.9028863414137,1378.7320164621071,1272304.0755097177,6573.538026862609,1077.3533173171984,122454167.64273037
6100,6101.0,30.0,494.0,561330.9697949663,0.0,473.5406696904,963.3403901777839,2645.48320451635,438.6325633076262,232.4752585530419,1376.2005573968343,1272304.0755097177,6573.538026862609,1077.3533173171984,122454167.64273037
6101,6102.0,30.0,494.0,751359.3799123075,0.0,473.5406696904,962.162957890113,2642.2497915158688,438.0964494399547,232.19111820317602,1374.5185112715901,1272304.0755097177,6573.538026862609,1077.3533173171984,122454167.64273037
6102,6103.0,30.0,494.0,1863960.426325824,56170.74981415948,424.14066969040005,857.9212761126837,2385.979614766931,395.60574515773436,209.67104493359923,1225.6018230181196,1272304.0755097177,6573.538026862609,1077.3533173171984,122454167.64273037
6103,6104.0,30.0,494.0,3305243.9849495324,54784.181748917326,406.77696635467396,835.8662528379901,2294.6789169307663,380.46769436410875,201.64787801297766,1194.0946469114147,1272304.0755097177,6573.538026862609,1077.3533173171984,122454167.64273037
6104,6105.0,30.0,494.0,4751497.4007502375,50812.2560425885,406.77696635467396,835.8662528379901,2293.2984010482674,380.23879885678,201.52656339409342,1194.0946469114147,1272304.0755097177,6573.538026862609,1077.3533173171984,122454167.64273037
6105,6106.0,30.0,494.0,6205193.293693663,42968.69691415317,406.77696635467396,835.8662528379901,2291.2310462864007,379.89602249104246,201.3448919202525,1194.0946469114147,1272304.0755097177,6573.538026862609,1077.3533173171984,122454167.64273037
6106,6107.0,30.0,494.0,7663842.651272496,32548.307669912465,406.77696635467396,835.8662528379901,2289.855083887679,379.66788197102863,201.2239774446452,1194.0946469114147,1272304.0755097177,6573.538026862609,1077.3533173171984,122454167.64273037
6107,6108.0,30.0,494.0,9122492.00885132,22127.918425662443,406.77696635467396,835.8662528379901,2289.855083887679,379.66788197102863,201.2239774446452,1194.0946469114147,1272304.0755097177,6573.538026862609,1077.3533173171984,122454167.64273037
6108,6109.0,30.0,494.0,10581141.366430141,11707.529181413352,406.7769663546741,835.8662528379901,2289.8550838876795,379.6678819710287,201.22397744464521,1194.0946469114147,1272304.0755097177,6573.538026862609,1077.3533173171984,122454167.64273037
6109,6110.0,30.0,494.0,12042265.00515013,0.0,406.7769663546741,835.8662528379901,2289.1677835706887,379.55392460426515,201.16358004026054,1194.0946469114147,1272304.0755097177,6573.538026862609,1077.3533173171984,122454167.64273037
6110,6111.0,30.0,494.0,12993743.74988648,0.0,433.2802834359998,885.14112632278,2430.7358096772555,403.02651595072086,213.60405345388207,1264.4873233182573,1272304.0755097177,6573.538026862609,1077.3533173171984,122454167.64273037
6111,6112.0,30.0,494.0,12993743.74988648,0.0,482.68028343599985,981.3846136326231,2695.0354609929072,446.8485418626528,236.82972718720598,1401.9780194751759,1272304.0755097177,6573.538026862609,1077.3533173171984,122454167.64273037
6112,6113.0,30.0,494.0,12145834.803898172,0.0,524.6774,1067.1518620704649,2930.5657237674377,485.90047865852387,257.52725368901764,1524.5026601006641,1272304.0755097177,6573.538026862609,1077.3533173171984,122454167.64273037
6113,6114.0,30.0,494.0,11228544.673931805,0.0,524.6774,1074.169871812327,2949.838274872454,489.0959510312982,259.2208540465881,1534.5283883033246,1272304.0755097177,6573.538026862609,1077.3533173171984,122454167.64273037
6114,6115.0,30.0,494.0,10250998.823632818,18723.583271386036,524.6774,1076.6241306143145,2966.575974964849,491.8711341369281,260.6917010925719,1538.0344723061635,1272304.0755097177,6573.538026862609,1077.3533173171984,122454167.64273037
6115,6116.0,30.0,494.0,9273452.97333383,37447.16654277298,522.54332,1076.6241306143145,2966.5759749648487,491.87113413692816,260.6917010925719,1538.0344723061637,1272304.0755097177,6573.538026862609,1077.3533173171984,122454167.64273037
6116,6117.0,30.0,494.0,8295907.123034844,56170.74981415948,521.83196,1076.6241306143145,2966.5759749648482,491.87113413692816,260.6917010925719,1538.0344723061637,1272304.0755097177,6573.538026862609,1077.3533173171984,122454167.64273037
6117,6118.0,30.0,494.0,8259008.095451312,0.0,472.43196,996.0390952835608,2705.2851908772222,448.5479914319007,237.73043545890738,1422.9129932622297,1272304.0755097177,6573.538026862609,1077.3533173171984,122454167.64273037
6118,6119.0,30.0,494.0,8231296.9443693645,9514.545973420143,472.43196,982.337587090277,2702.7330029601153,448.1248276309693,237.50615864441374,1403.3394101289673,1272304.0755097177,6573.538026862609,1077.3533173171984,122454167.64273037
6119,6120.0,30.0,494.0,8218857.284673661,11084.745552142003,472.43196,982.337587090277,2698.490922019492,447.42147225393734,237.1333802945868,1403.3394101289673,1272304.0755097177,6573.538026862609,1077.3533173171984,122454167.64273037
6120,6121.0,30.0,494.0,8230744.344377857,0.0,472.43196,982.337587090277,2691.7334999639643,446.30106243522926,236.53956309067152,1403.3394101289673,1272304.0755097177,6573.538026862609,1077.3533173171984,122454167.64273037
6121,6122.0,30.0,494.0,8287890.211557623,37366.91546478588,472.43196,968.3384352276347,2679.161608998528,444.21658850986887,235.4347919102305,1383.340621753764,1272304.0755097177,6573.538026862609,1077.3533173171984,122454167.64273037
6122,6123.0,30.0,494.0,8413550.442061713,55958.2013874948,472.43196,965.0589225369239,2660.1298414084386,441.06103908583003,233.76235071548993,1378.655603624177,1272304.0755097177,6573.538026862609,1077.3533173171984,122454167.64273037
6123,6124.0,30.0,494.0,8574540.291569859,56170.74981415948,472.43196,965.0589225369239,2650.316058351756,439.43387138710915,232.89995183516785,1378.655603624177,1272304.0755097177,6573.538026862609,1077.3533173171984,122454167.64273037
6124,6125.0,30.0,494.0,8747243.961966796,50289.67919653042,472.43196,965.0589225369239,2647.062219215981,438.89437077781434,232.6140165122416,1378.655603624177,1272304.0755097177,6573.538026862609,1077.3533173171984,122454167.64273037
6125,6126.0,30.0,494.0,8922871.21539867,42887.738366831276,472.43196,965.0589225369239,2646.250112817387,438.75972002263836,232.54265161199834,1378.655603624177,1272304.0755097177,6573.538026862609,1077.3533173171984,122454167.64273037
6126,6127.0,30.0,494.0,9101420.106880179,33965.93912126394,472.43196,965.0589225369239,2645.4385466924887,438.62515884717885,232.4713341890048,1378.655603624177,1272304.0755097177,6573.538026862609,1077.3533173171984,122454167.64273037
6127,6128.0,30.0,494.0,9277047.360312052,26563.9982915683,472.43196,965.058922536924,2646.250112817387,438.75972002263836,232.54265161199834,1378.6556036241773,1272304.0755097177,6573.538026862609,1077.3533173171984,122454167.64273037
6128,6129.0,30.0,494.0,9446825.500745896,22204.810692892417,472.43196,965.058922536924,2647.874866427951,439.0291112021885,232.68542893715988,1378.6556036241773,1272304.0755097177,6573.538026862609,1077.3533173171984,122454167.64273037
6129,6130.0,30.0,494.0,9619529.171142833,16323.740075264142,472.43196,965.058922536924,2647.062219215981,438.89437077781434,232.6140165122416,1378.6556036241773,1272304.0755097177,6573.538026862609,1077.3533173171984,122454167.64273037
6130,6131.0,30.0,494.0,9795156.424574707,8921.799245566166,472.43196,965.058922536924,2646.250112817387,438.75972002263836,232.54265161199834,1378.6556036241773,1272304.0755097177,6573.538026862609,1077.3533173171984,122454167.64273037
6131,6132.0,30.0,494.0,9973705.316056216,0.0,472.43196,965.058922536924,2645.4385466924887,438.62515884717885,232.4713341890048,1378.6556036241773,1272304.0755097177,6573.538026862609,1077.3533173171984,122454167.64273037
6132,6133.0,30.0,494.0,10105981.03807637,0.0,474.92172000000005,968.00472801345,2658.2922048761984,440.7563509966416,233.60086602822005,1382.8638971620715,1272304.0755097177,6573.538026862609,1077.3533173171984,122454167.64273037
6133,6134.0,30.0,494.0,9316895.781028077,0.0,524.32172,1061.2017586221896,2914.2258101729885,483.1912502756249,256.0913626460812,1516.0025123174137,1272304.0755097177,6573.538026862609,1077.3533173171984,122454167.64273037
6134,6135.0,30.0,494.0,8505052.200223893,11839.053744438104,524.32172,1061.2017586221896,2920.5475667718474,484.2394248763294,256.6468951844546,1516.0025123174137,1272304.0755097177,6573.538026862609,1077.3533173171984,122454167.64273037
6135,6136.0,30.0,494.0,7644081.14736351,0.0,524.32172,1070.7751517967438,2934.194086787458,486.502076948532,257.846100782722,1529.6787882810627,1272304.0755097177,6573.538026862609,1077.3533173171984,122454167.64273037
6136,6137.0,30.0,494.0,6730159.992301432,0.0,524.32172,1073.829095000189,2948.9024485101513,488.9407869707565,259.13861709450094,1534.0415642859844,1272304.0755097177,6573.538026862609,1077.3533173171984,122454167.64273037
6137,6138.0,30.0,494.0,5753270.463490578,11250.309130212532,524.32172,1077.3533173171984,2966.3936634403576,491.8409060972371,260.5169960244652,1539.0761675959977,1272304.0755097177,6573.538026862609,1077.3533173171984,122454167.64273037
6138,6139.0,30.0,494.0,4775724.6131915925,26223.789358195158,522.72116,1077.3533173171984,2966.5759749648482,491.8711341369281,260.6917010925719,1539.0761675959977,1272304.0755097177,6573.538026862609,1077.3533173171984,122454167.64273037
6139,6140.0,30.0,494.0,3798178.7628926067,41197.26958617685,521.6541199999999,1077.3533173171984,2966.5759749648482,491.871134136928,260.69170109257186,1539.0761675959977,1272304.0755097177,6573.538026862609,1077.3533173171984,122454167.64273037
6140,6141.0,30.0,494.0,2820632.912593619,56170.74981415948,520.94276,1077.3533173171984,2966.5759749648487,491.87113413692816,260.6917010925719,1539.0761675959977,1272304.0755097177,6573.538026862609,1077.3533173171984,122454167.64273037
6141,6142.0,30.0,494.0,1848806.5839527762,56170.74981415948,520.94276,1077.3533173171984,2964.9872189486973,491.6077115143066,259.9890895782657,1539.0761675959977,1272304.0755097177,6573.538026862609,1077.3533173171984,122454167.64273037
6142,6143.0,30.0,494.0,1222370.1232668832,0.0,503.22117329773397,1055.6716816921905,2869.0455889612117,475.70017408693656,252.12109226607637,1508.102402417415,1272304.0755097177,6573.538026862609,1077.3533173171984,122454167.64273037
6143,6144.0,30.0,494.0,1554547.0353892744,0.0,453.82117329773394,947.7844259213012,2602.7640965144656,431.5495503392988,228.72126167982836,1353.9777513161448,1272304.0755097177,6573.538026862609,1077.3533173171984,122454167.64273037
6144,6145.0,30.0,494.0,1913058.0852062162,0.0,453.8211732977351,945.1206888057408,2595.449058265979,430.3366853427835,228.07844323167527,1350.1724125796297,1272304.0755097177,6573.538026862609,1077.3533173171984,122454167.64273037
6145,6146.0,30.0,494.0,2323758.007085301,0.0,453.8211732977351,939.8417069327197,2580.9521493598286,427.9330351125774,226.80450860966602,1342.6310099038853,1272304.0755097177,6573.538026862609,1077.3533173171984,122454167.64273037
6146,6147.0,30.0,494.0,2803065.732066188,30079.714579293504,453.8211732977351,927.0530924240022,2561.8944262759946,424.7731821553566,225.12978654233902,1324.3615606057176,1272304.0755097177,6573.538026862609,1077.3533173171984,122454167.64273037
6147,6148.0,30.0,494.0,3319078.1790507995,41065.352585210465,453.8211732977351,927.0530924240022,2551.698670163849,423.0826816710991,224.23382128568255,1324.3615606057176,1272304.0755097177,6573.538026862609,1077.3533173171984,122454167.64273037
6148,6149.0,30.0,494.0,3851924.307017874,43293.981243436225,453.8211732977351,927.0530924240022,2547.0226476687203,422.3073769065023,223.82290976044624,1324.3615606057176,1272304.0755097177,6573.538026862609,1077.3533173171984,122454167.64273037
6149,6150.0,30.0,494.0,4390366.754747272,51459.857020329684,453.8211732977351,925.332551655908,2545.4681144014085,422.04962856373305,223.68630313877853,1321.9036452227258,1272304.0755097177,6573.538026862609,1077.3533173171984,122454167.64273037
6150,6151.0,30.0,494.0,4937189.757591186,55266.10405333154,453.8211732977351,925.332551655908,2543.140182425154,421.6636473682346,223.48173310516435,1321.9036452227258,1272304.0755097177,6573.538026862609,1077.3533173171984,122454167.64273037
6151,6152.0,30.0,494.0,5489590.53570229,56170.74981415948,453.8211732977351,925.332551655908,2541.59080040649,421.4067531247826,223.3455791561348,1321.9036452227258,1272304.0755097177,6573.538026862609,1077.3533173171984,122454167.64273037
6152,6153.0,30.0,494.0,6050344.1213098075,52730.20135384519,453.8211732977351,925.332551655908,2539.2705761019306,421.0220498946051,223.14168644414073,1321.9036452227258,1272304.0755097177,6573.538026862609,1077.3533173171984,122454167.64273037
6153,6154.0,30.0,494.0,6619433.93193898,44953.085002340384,453.8211732977351,925.332551655908,2536.9549580403595,420.6381103994482,222.93819851170755,1321.9036452227258,1272304.0755097177,6573.538026862609,1077.3533173171984,122454167.64273037
6154,6155.0,30.0,494.0,7196843.4344468005,32848.001426842995,453.8211732977351,925.332551655908,2534.643932518513,420.2549323672511,222.7351141546431,1321.9036452227258,1272304.0755097177,6573.538026862609,1077.3533173171984,122454167.64273037
6155,6156.0,30.0,494.0,7779790.23740045,17862.371890211478,453.8211732977351,925.332551655908,2533.105793505783,419.99990226283563,222.5999481993029,1321.9036452227258,1272304.0755097177,6573.538026862609,1077.3533173171984,122454167.64273037
6156,6157.0,30.0,494.0,8368267.029089542,0.0,453.8211732977351,925.332551655908,2531.5696855237156,419.745208912093,222.4649607234093,1321.9036452227258,1272304.0755097177,6573.538026862609,1077.3533173171984,122454167.64273037
6157,6158.0,30.0,494.0,8461887.964012774,0.0,480.96828000000005,971.9147171035984,2669.0296457364543,442.5366651562089,234.54443253279075,1388.4495958622836,1272304.0755097177,6573.538026862609,1077.3533173171984,122454167.64273037
6158,6159.0,30.0,494.0,7622335.391396001,0.0,530.36828,1066.3066025005703,2928.244508942011,485.51561119570033,257.32327393372117,1523.2951464293863,1272304.0755097177,6573.538026862609,1077.3533173171984,122454167.64273037
6159,6160.0,30.0,494.0,6743748.827525133,0.0,530.36828,1070.2549486540697,2939.087284290371,487.3133902692172,258.27609684268515,1528.9356409343854,1272304.0755097177,6573.538026862609,1077.3533173171984,122454167.64273037
6160,6161.0,30.0,494.0,5819227.703464482,0.0,530.36828,1074.9012975979276,2951.8468843430887,489.4289871735366,259.39736320197443,1535.5732822827538,1272304.0755097177,6573.538026862609,1077.3533173171984,122454167.64273037
6161,6162.0,30.0,494.0,4841681.853165494,14973.480227983082,530.36828,1077.3533173171984,2966.575974964849,491.8711341369281,260.6917010925719,1539.0761675959977,1272304.0755097177,6573.538026862609,1077.3533173171984,122454167.64273037
6162,6163.0,30.0,494.0,3864792.3243546747,26223.789358194226,528.05636,1077.3533173171984,2966.3936634403576,491.8409060972371,260.51699602446536,1539.0761675959977,1272304.0755097177,6573.538026862609,1077.3533173171984,122454167.64273037
6163,6164.0,30.0,494.0,2887246.474055687,41197.26958617685,526.4558000000001,1077.3533173171984,2966.5759749648487,491.8711341369281,260.6917010925719,1539.0761675959977,1272304.0755097177,6573.538026862609,1077.3533173171984,122454167.64273037
6164,6165.0,30.0,494.0,1909700.6237566993,56170.74981415948,525.5666,1077.3533173171984,2966.5759749648487,491.8711341369281,260.6917010925719,1539.0761675959977,1272304.0755097177,6573.538026862609,1077.3533173171984,122454167.64273037
6165,6166.0,30.0,494.0,948762.1891942313,56170.74981415948,524.9307726615009,1077.3533173171984,2961.9628039269273,491.1062504159181,259.98908957826546,1539.0761675959977,1272304.0755097177,6573.538026862609,1077.3533173171984,122454167.64273037
6166,6167.0,30.0,494.0,0.0,56170.74981415948,524.9307726615009,1077.3533173171984,2958.5805135468613,490.5454520344631,259.98908957826546,1539.0761675959977,1272304.0755097177,6573.538026862609,1077.3533173171984,122454167.64273037
6167,6168.0,30.0,494.0,0.0,0.0,475.78548710159987,992.3067038742652,2695.0354609929077,446.8485418626529,236.82972718720603,1417.5810055346647,1272304.0755097177,6573.538026862609,1077.3533173171984,122454167.64273037
6168,6169.0,30.0,494.0,30090.853005526587,25750.94162524119,475.78548710159987,973.3337516490241,2686.6768907135947,445.46265473967173,236.09520701202604,1390.4767880700344,1272304.0755097177,6573.538026862609,1077.3533173171984,122454167.64273037
6169,6170.0,30.0,494.0,104940.87915706635,28217.819708894436,475.78548710159987,973.333751649024,2674.243787061924,443.40119235151855,235.0026319463048,1390.4767880700342,1272304.0755097177,6573.538026862609,1077.3533173171984,122454167.64273037
6170,6171.0,30.0,494.0,238776.3869010508,0.0,475.78548710159987,973.333751649024,2657.858931064023,440.68451232364447,233.5627915315316,1390.4767880700342,1272304.0755097177,6573.538026862609,1077.3533173171984,122454167.64273037
6171,6172.0,30.0,494.0,401811.8819986712,4031.6100069442764,475.78548710159987,964.1094071419203,2649.7478234657906,439.3396555840504,232.85001745954673,1377.2991530598863,1272304.0755097177,6573.538026862609,1077.3533173171984,122454167.64273037
6172,6173.0,30.0,494.0,573569.730494339,3525.785193772338,475.78548710159987,964.1094071419202,2647.324947521889,438.9379322678579,232.63710410196472,1377.299153059886,1272304.0755097177,6573.538026862609,1077.3533173171984,122454167.64273037
6173,6174.0,30.0,494.0,751132.8770784605,0.0,475.78548710159987,964.1094071419202,2645.712364719541,438.6705590609775,232.49539630231806,1377.299153059886,1272304.0755097177,6573.538026862609,1077.3533173171984,122454167.64273037
6174,6175.0,30.0,494.0,937389.6025627591,56170.74981415948,475.78548710159987,951.622379147414,2643.2974816917135,438.27016100485844,232.283185332575,1359.460541639163,1272304.0755097177,6573.538026862609,1077.3533173171984,122454167.64273037
6175,6176.0,30.0,494.0,1811910.4189821677,54684.565307355486,438.89139478363217,893.2145153214476,2452.1130119875165,406.57094860094054,215.4826027584985,1276.0207361734967,1272304.0755097177,6573.538026862609,1077.3533173171984,122454167.64273037
6176,6177.0,30.0,494.0,2691758.169258859,50427.269144618884,438.89139478363217,893.2145153214476,2450.633308138271,406.32560729950166,215.35257186873588,1276.0207361734967,1272304.0755097177,6573.538026862609,1077.3533173171984,122454167.64273037
6177,6178.0,30.0,494.0,3574266.7548206635,44785.786154969595,438.8913947836318,893.2145153214476,2449.8941872257396,406.20305785375035,215.2876206624877,1276.0207361734967,1272304.0755097177,6573.538026862609,1077.3533173171984,122454167.64273037
6178,6179.0,30.0,494.0,4462091.75632724,36378.663007763214,438.8913947836318,893.2145153214476,2448.4174050188585,405.95820097325856,215.15784651582703,1276.0207361734967,1272304.0755097177,6573.538026862609,1077.3533173171984,122454167.64273037
6179,6180.0,30.0,494.0,5352572.341951292,26590.084731131792,438.8913947836318,893.2145153214476,2447.6797427640045,405.83589337926225,215.093023491009,1276.0207361734967,1272304.0755097177,6573.538026862609,1077.3533173171984,122454167.64273037
6180,6181.0,30.0,494.0,6245706.764757635,15420.960094096139,438.8913947836318,893.2145153214476,2446.9425657689235,405.7136662434363,215.02824310902125,1276.0207361734967,1272304.0755097177,6573.538026862609,1077.3533173171984,122454167.64273037
6181,6182.0,30.0,494.0,7141493.27953432,2872.196969244629,438.8913947836318,893.2145153214476,2446.2058735549454,405.591519486415,214.96350532779996,1276.0207361734967,1272304.0755097177,6573.538026862609,1077.3533173171984,122454167.64273037
6182,6183.0,30.0,494.0,8018678.440675094,0.0,438.8913947836318,893.2145153214476,2451.372916231582,406.44823752193446,215.41756588662528,1276.0207361734967,1272304.0755097177,6573.538026862609,1077.3533173171984,122454167.64273037
6183,6184.0,30.0,494.0,8110071.179723409,0.0,479.34337450780066,972.1401024236571,2669.6485890350427,442.63928863351487,234.5988229757629,1388.7715748909388,1272304.0755097177,6573.538026862609,1077.3533173171984,122454167.64273037
6184,6185.0,30.0,494.0,7232234.09222987,0.0,528.7433745078007,1070.1791380060552,2938.87909640778,487.27887181737646,258.2578020632095,1528.8273400086503,1272304.0755097177,6573.538026862609,1077.3533173171984,122454167.64273037
6185,6186.0,30.0,494.0,6295085.620303418,0.0,528.7433745078007,1076.1785725773236,2955.3544809724776,490.01056187337645,259.70559779288953,1537.397960824748,1272304.0755097177,6573.538026862609,1077.3533173171984,122454167.64273037
6186,6187.0,30.0,494.0,5317997.262466576,14735.48915689718,528.7433745078007,1077.3533173171984,2966.448893725369,491.85006351749416,260.68053366427193,1539.0761675959977,1272304.0755097177,6573.538026862609,1077.3533173171984,122454167.64273037
6187,6188.0,30.0,494.0,4340451.412167588,29708.969384879805,527.7006799999999,1077.3533173171984,2966.5759749648487,491.87113413692816,260.6917010925719,1539.0761675959977,1272304.0755097177,6573.538026862609,1077.3533173171984,122454167.64273037
6188,6189.0,30.0,494.0,3362905.5618686005,44682.4496128615,527.16716,1077.3533173171984,2966.575974964849,491.87113413692816,260.6917010925719,1539.0761675959977,1272304.0755097177,6573.538026862609,1077.3533173171984,122454167.64273037
6189,6190.0,30.0,494.0,2392059.305735413,56170.74981415948,527.16716,1077.3533173171984,2964.7149765854597,491.5625725523869,260.528163452765,1539.0761675959977,1272304.0755097177,6573.538026862609,1077.3533173171984,122454167.64273037
6190,6191.0,30.0,494.0,1982995.5168389697,0.0,498.18057792860213,1033.6841132944628,2808.66429124192,465.6886936325385,246.8150076252454,1476.6915904206612,1272304.0755097177,6573.538026862609,1077.3533173171984,122454167.64273037
6191,6192.0,30.0,494.0,1599086.674300449,0.0,498.18057792860213,1020.2175628912333,2801.6768061424964,464.5301383655833,246.20097333375915,1457.4536612731906,1272304.0755097177,6573.538026862609,1077.3533173171984,122454167.64273037
6192,6193.0,30.0,494.0,1243316.1545708552,0.0,498.1805779286012,1017.3713297734018,2793.860605362239,463.23417845258194,245.51411457986845,1453.3876139620027,1272304.0755097177,6573.538026862609,1077.3533173171984,122454167.64273037
6193,6194.0,30.0,494.0,934068.0713542532,22313.442114203237,498.1805779286012,1008.3267914113276,2780.9377063308525,461.0915058709433,244.37849811159995,1440.4668448733253,1272304.0755097177,6573.538026862609,1077.3533173171984,122454167.64273037
6194,6195.0,30.0,494.0,676986.7875357363,17489.316964061,498.1805779286012,1008.3267914113276,2766.4469287202733,458.6888722360754,243.10510228511995,1440.4668448733253,1272304.0755097177,6573.538026862609,1077.3533173171984,122454167.64273037
6195,6196.0,30.0,494.0,444251.92041180655,0.0,498.1805779286012,1008.3267914113276,2759.684035193999,457.56755522384043,242.51080426863544,1440.4668448733253,1272304.0755097177,6573.538026862609,1077.3533173171984,122454167.64273037
6196,6197.0,30.0,494.0,217583.57150036853,0.0,498.1805779286012,1004.3124535688123,2757.9988912460853,457.2881510650259,242.36272006446373,1434.7320765268748,1272304.0755097177,6573.538026862609,1077.3533173171984,122454167.64273037
6197,6198.0,30.0,494.0,0.0,0.0,498.1805779286012,1003.3935148491487,2755.4753419652325,456.8697356739155,242.14095990717522,1433.4193069273554,1272304.0755097177,6573.538026862609,1077.3533173171984,122454167.64273037
6198,6199.0,30.0,494.0,700530.2085162619,56170.74981415948,448.78057792860125,899.6028530026751,2500.443736405057,414.5843918545544,219.72972768291385,1285.1469328609646,1272304.0755097177,6573.538026862609,1077.3533173171984,122454167.64273037
6199,6200.0,30.0,494.0,2317361.6997774765,54414.133049126714,399.38057792860127,818.1812727997841,2245.915602309238,372.38252578269345,197.36273866482753,1168.8303897139774,1272304.0755097177,6573.538026862609,1077.3533173171984,122454167.64273037
6200,6201.0,30.0,494.0,3936608.1188321896,51401.25241146237,399.38057792860127,818.1812727997841,2245.244789033265,372.27130203867637,197.3037900804985,1168.8303897139774,1272304.0755097177,6573.538026862609,1077.3533173171984,122454167.64273037
6201,6202.0,30.0,494.0,5560679.630737616,45878.32164030895,399.38057792860127,818.1812727997841,2243.9044854636227,372.04907390683303,197.1860091706215,1168.8303897139774,1272304.0755097177,6573.538026862609,1077.3533173171984,122454167.64273037
6202,6203.0,30.0,494.0,7189569.895608649,37848.63879230432,399.38057792860127,818.1812727997841,2242.5659429731827,371.8271377695423,197.06838301785743,1168.8303897139774,1272304.0755097177,6573.538026862609,1077.3533173171984,122454167.64273037
6203,6204.0,30.0,494.0,8823272.586047266,27315.495428175665,399.38057792860127,818.1812727997841,2241.229158093292,371.60549305168644,196.95091131739383,1168.8303897139774,1272304.0755097177,6573.538026862609,1077.3533173171984,122454167.64273037
6204,6205.0,30.0,494.0,10461781.38710988,14282.176629797556,399.38057792860127,818.1812727997841,2239.8941273644036,371.3841391796577,196.8335937652186,1168.8303897139774,1272304.0755097177,6573.538026862609,1077.3533173171984,122454167.64273037
6205,6206.0,30.0,494.0,12102690.879263693,0.0,399.38057792860127,818.1812727997841,2239.227268727959,371.2735711319876,196.77499269995343,1168.8303897139774,1272304.0755097177,6573.538026862609,1077.3533173171984,122454167.64273037
6206,6207.0,30.0,494.0,12824923.056367816,0.0,448.7805779286013,908.3297569094264,2494.415411797318,413.58486954776794,219.19998086031703,1297.6139384420378,1272304.0755097177,6573.538026862609,1077.3533173171984,122454167.64273037
6207,6208.0,30.0,494.0,12607339.484867446,0.0,498.1805779286013,1003.3935148491491,2755.475341965233,456.8697356739156,242.1409599071753,1433.419306927356,1272304.0755097177,6573.538026862609,1077.3533173171984,122454167.64273037
6208,6209.0,30.0,494.0,11738468.463173361,0.0,530.72396,1069.2722071421101,2936.3885225745976,486.8659238981871,258.03893966603914,1527.531724488729,1272304.0755097177,6573.538026862609,1077.3533173171984,122454167.64273037
6209,6210.0,30.0,494.0,10823784.645048458,0.0,530.72396,1073.9062395010149,2949.1142993609365,488.97591275857485,259.1572337620447,1534.1517707157354,1272304.0755097177,6573.538026862609,1077.3533173171984,122454167.64273037
6210,6211.0,30.0,494.0,9869491.399721911,2942.8673895576403,530.72396,1077.3405676400916,2960.1169180280594,490.80019454604474,260.12410310940373,1539.0579537715594,1272304.0755097177,6573.538026862609,1077.3533173171984,122454167.64273037
6211,6212.0,30.0,494.0,8891945.549422923,17981.91738551941,530.72396,1077.3405676400916,2966.575974964849,491.8711341369281,260.6917010925719,1539.0579537715596,1272304.0755097177,6573.538026862609,1077.3533173171984,122454167.64273037
6212,6213.0,30.0,494.0,7914399.699123936,33020.967381481176,530.0126,1077.3405676400914,2966.5759749648487,491.8711341369281,260.6917010925719,1539.0579537715594,1272304.0755097177,6573.538026862609,1077.3533173171984,122454167.64273037
6213,6214.0,30.0,494.0,6936853.848824948,48060.01737743561,530.0126,1077.3405676400916,2966.5759749648487,491.8711341369281,260.6917010925719,1539.0579537715596,1272304.0755097177,6573.538026862609,1077.3533173171984,122454167.64273037
6214,6215.0,30.0,494.0,5972626.368177824,56170.74981415948,530.0126,1077.3405676400916,2962.876427839331,491.25773321418814,260.3665986035198,1539.0579537715596,1272304.0755097177,6573.538026862609,1077.3533173171984,122454167.64273037
6215,6216.0,30.0,494.0,5028309.633651676,53923.76012923475,530.0126,1077.3405676400916,2957.345665027949,490.3407088063744,259.8805756673785,1539.0579537715596,1272304.0755097177,6573.538026862609,1077.3533173171984,122454167.64273037
6216,6217.0,30.0,494.0,4110416.600370817,37930.95935007464,530.0126,1077.3405676400916,2950.0057480153687,489.1237188031126,259.23557096564974,1539.0579537715596,1272304.0755097177,6573.538026862609,1077.3533173171984,122454167.64273037
6217,6218.0,30.0,494.0,3231895.7841111235,1456.430727028288,530.0126,1077.3405676400916,2939.069021065045,487.3103621474263,258.27449193813595,1539.0579537715596,1272304.0755097177,6573.538026862609,1077.3533173171984,122454167.64273037
6218,6219.0,30.0,494.0,2402151.002660336,12417.677820907686,530.0126,1063.1831762648405,2925.5201225070155,485.06389613533537,257.0838649517278,1518.8331089497722,1272304.0755097177,6573.538026862609,1077.3533173171984,122454167.64273037
6219,6220.0,30.0,494.0,1591781.471442271,13299.771841937141,530.0126,1063.1831762648405,2920.1381085534813,484.17153493184486,256.6109135138778,1518.8331089497724,1272304.0755097177,6573.538026862609,1077.3533173171984,122454167.64273037
6220,6221.0,30.0,494.0,791070.8307841383,9157.23726214297,530.0126,1063.1831762648405,2917.4550833979447,483.72667775059995,256.375139207818,1518.8331089497724,1272304.0755097177,6573.538026862609,1077.3533173171984,122454167.64273037
6221,6222.0,30.0,494.0,0.0,0.0,530.0126,1063.1831762648405,2914.777358432946,483.2826993638822,256.1398306628576,1518.8331089497722,1272304.0755097177,6573.538026862609,1077.3533173171984,122454167.64273037
6222,6223.0,30.0,494.0,123494.79273669049,56170.74981415948,480.61260000000004,957.970841802362,2660.7313518993824,441.16077212819016,233.81520922794078,1368.5297740033743,1272304.0755097177,6573.538026862609,1077.3533173171984,122454167.64273037
6223,6224.0,30.0,494.0,1160352.33876618,51432.5655758269,431.21260000000007,877.4262474461348,2407.0194759847163,399.09424519502,211.51994995336062,1253.4660677801926,1272304.0755097177,6573.538026862609,1077.3533173171984,122454167.64273037
6224,6225.0,30.0,494.0,2199813.8630742505,45339.7719593938,431.21260000000007,877.4262474461348,2406.2961486851104,398.9743143986366,211.4563866312774,1253.4660677801926,1272304.0755097177,6573.538026862609,1077.3533173171984,122454167.64273037
6225,6226.0,30.0,494.0,3239275.387382321,39246.97834296188,431.21260000000007,877.4262474461348,2406.2961486851104,398.9743143986366,211.4563866312774,1253.4660677801926,1272304.0755097177,6573.538026862609,1077.3533173171984,122454167.64273037
6226,6227.0,30.0,494.0,4278736.911690392,33154.18472653112,431.21260000000007,877.4262474461348,2406.2961486851104,398.9743143986366,211.4563866312774,1253.4660677801926,1272304.0755097177,6573.538026862609,1077.3533173171984,122454167.64273037
6227,6228.0,30.0,494.0,5323401.26034667,24354.842168183888,431.21260000000007,877.4262474461347,2404.850919699497,398.7346891787737,211.32938526475004,1253.4660677801924,1272304.0755097177,6573.538026862609,1077.3533173171984,122454167.64273037
6228,6229.0,30.0,494.0,6373261.601637535,12852.504577497128,431.21260000000007,877.4262474461347,2403.4075884121116,398.49537860548895,211.20255066090914,1253.4660677801924,1272304.0755097177,6573.538026862609,1077.3533173171984,122454167.64273037
6229,6230.0,30.0,494.0,7425717.38155666,0.0,431.21260000000007,877.4262474461347,2402.6866332375953,398.3758411177105,211.13919579238654,1253.4660677801924,1272304.0755097177,6573.538026862609,1077.3533173171984,122454167.64273037
6230,6231.0,30.0,494.0,8444269.977285253,0.0,432.63532,878.3565067372072,2412.1041844016318,399.9373118539865,211.96677528261284,1254.7950096245818,1272304.0755097177,6573.538026862609,1077.3533173171984,122454167.64273037
6231,6232.0,30.0,494.0,8527007.667919276,0.0,482.03531999999996,973.0155734174496,2672.0527691501234,443.037912100385,234.81009341320404,1390.0222477392138,1272304.0755097177,6573.538026862609,1077.3533173171984,122454167.64273037
6232,6233.0,30.0,494.0,7664494.252021063,0.0,531.4353199999999,1068.6291258792648,2934.622520964633,486.5731131891032,257.8837499902247,1526.6130369703783,1272304.0755097177,6573.538026862609,1077.3533173171984,122454167.64273037
6233,6234.0,30.0,494.0,6759566.760017559,0.0,531.4353199999999,1072.9193726325213,2946.4042087716584,488.52656801129336,258.9190810459855,1532.7419609036021,1272304.0755097177,6573.538026862609,1077.3533173171984,122454167.64273037
6234,6235.0,30.0,494.0,5815161.363617532,0.0,531.4353199999999,1076.9126212592776,2957.3702933262484,490.34479228480836,259.88273991094843,1538.446601798968,1272304.0755097177,6573.538026862609,1077.3533173171984,122454167.64273037
6235,6236.0,30.0,494.0,4837615.513318546,15342.618182043096,531.4353199999999,1077.2815404927976,2966.575974964848,491.87113413692805,260.69170109257186,1538.973629275425,1272304.0755097177,6573.538026862609,1077.3533173171984,122454167.64273037
6236,6237.0,30.0,494.0,3860069.6630195584,30685.23636408619,530.36828,1077.2815404927976,2966.575974964849,491.8711341369281,260.6917010925719,1538.9736292754253,1272304.0755097177,6573.538026862609,1077.3533173171984,122454167.64273037
6237,6238.0,30.0,494.0,2882523.8127205726,46027.85454612802,529.8347600000001,1077.2815404927976,2966.5759749648482,491.87113413692805,260.69170109257186,1538.9736292754253,1272304.0755097177,6573.538026862609,1077.3533173171984,122454167.64273037
6238,6239.0,30.0,494.0,1914973.4384175949,56170.74981415948,529.8347600000001,1077.2815404927976,2963.799453854846,491.4107749218406,260.4477107085755,1538.9736292754253,1272304.0755097177,6573.538026862609,1077.3533173171984,122454167.64273037
6239,6240.0,30.0,494.0,973979.6154687293,52498.72434723005,529.8347600000001,1077.2815404927976,2956.4226340342593,490.1876662733191,259.79946312485913,1538.9736292754253,1272304.0755097177,6573.538026862609,1077.3533173171984,122454167.64273037
6240,6241.0,30.0,494.0,124473.49258855544,1234.0989293567836,526.8694317302976,1077.2815404927976,2931.009384015178,485.97403944748373,257.5662409071664,1538.9736292754253,1272304.0755097177,6573.538026862609,1077.3533173171984,122454167.64273037
6241,6242.0,30.0,494.0,53165.572400512174,18891.519398512824,487.3302623591999,985.1641282885322,2714.8432166006974,450.1327534580178,238.57035933274946,1407.3773261264746,1272304.0755097177,6573.538026862609,1077.3533173171984,122454167.64273037
6242,6243.0,30.0,494.0,26557.468759898096,13295.75408176418,487.3302623591999,985.1641282885321,2702.426600893078,448.0740248423378,237.47923316643903,1407.3773261264746,1272304.0755097177,6573.538026862609,1077.3533173171984,122454167.64273037
6243,6244.0,30.0,494.0,14751.125548264012,0.0,487.3302623591999,985.1641282885321,2698.315000773917,447.3923037501438,237.11792098757624,1407.3773261264746,1272304.0755097177,6573.538026862609,1077.3533173171984,122454167.64273037
6244,6245.0,30.0,494.0,5899.284459471703,2046.9126007761806,487.3302623591999,981.8819797140568,2697.4943057397945,447.2562289620309,237.04580134987637,1402.6885424486527,1272304.0755097177,6573.538026862609,1077.3533173171984,122454167.64273037
6245,6246.0,30.0,494.0,0.0,2557.882704515058,487.3302623591999,981.8819797140567,2696.6741511205387,447.1202437770413,236.97372920183193,1402.6885424486525,1272304.0755097177,6573.538026862609,1077.3533173171984,122454167.64273037
6246,6247.0,30.0,494.0,0.0,0.0,487.3302623591999,981.8819797140567,2695.0354609929077,446.8485418626529,236.82972718720603,1402.6885424486525,1272304.0755097177,6573.538026862609,1077.3533173171984,122454167.64273037
6247,6248.0,30.0,494.0,910797.6816026345,56170.74981415948,437.9302623591999,878.3339860000091,2442.036104992176,404.90015381455413,214.5970815217137,1254.7628371428702,1272304.0755097177,6573.538026862609,1077.3533173171984,122454167.64273037
6248,6249.0,30.0,494.0,2722448.0373376543,51081.78368068952,388.9110680683591,799.1230123102872,2191.7992510665135,363.40980056488524,192.6071942993892,1141.6043033004103,1272304.0755097177,6573.538026862609,1077.3533173171984,122454167.64273037
6249,6250.0,30.0,494.0,4536448.468588056,44770.29032471683,388.9110680683591,799.1230123102872,2191.1464523122404,363.3015637065215,192.5498287644564,1141.6043033004103,1272304.0755097177,6573.538026862609,1077.3533173171984,122454167.64273037
6250,6251.0,30.0,494.0,6355144.417558004,36016.15280760452,388.91106806835893,799.1230123102872,2189.842141834589,363.08530338508587,192.43521079409552,1141.6043033004103,1272304.0755097177,6573.538026862609,1077.3533173171984,122454167.64273037
6251,6252.0,30.0,494.0,8176185.811776081,26041.89676836785,388.91106806835893,799.1230123102872,2189.1906292656704,362.97727978181973,192.37795828436447,1141.6043033004103,1272304.0755097177,6573.538026862609,1077.3533173171984,122454167.64273037
6252,6253.0,30.0,494.0,10001913.476861898,13629.806850878987,388.91106806835893,799.1230123102872,2187.8888873579585,362.7614453403953,192.26356603040952,1141.6043033004103,1272304.0755097177,6573.538026862609,1077.3533173171984,122454167.64273037
6253,6254.0,30.0,494.0,11829981.970599342,0.0,388.91106806835893,799.1230123102872,2187.2386571769507,362.6536343625942,192.20642621217493,1141.6043033004103,1272304.0755097177,6573.538026862609,1077.3533173171984,122454167.64273037
6254,6255.0,30.0,494.0,12881174.257487543,0.0,430.85691999999995,875.054953529324,2403.037603523963,398.43403350997033,211.1700377602843,1250.0785050418915,1272304.0755097177,6573.538026862609,1077.3533173171984,122454167.64273037
6255,6256.0,30.0,494.0,12993743.74988648,0.0,480.2569199999999,969.9980423895896,2663.766157548759,441.6639560375999,234.08189669992797,1385.7114891279853,1272304.0755097177,6573.538026862609,1077.3533173171984,122454167.64273037
6256,6257.0,30.0,494.0,12151128.70242002,0.0,529.6569199999999,1066.6163763772472,2929.0951964002575,485.6566588575215,257.3980291944864,1523.7376805389247,1272304.0755097177,6573.538026862609,1077.3533173171984,122454167.64273037
6257,6258.0,30.0,494.0,11259575.947278496,0.0,529.6569199999999,1071.5664981468124,2942.689004087776,487.9105709976204,258.5926026287388,1530.809283066875,1272304.0755097177,6573.538026862609,1077.3533173171984,122454167.64273037
6258,6259.0,30.0,494.0,10325213.506214043,0.0,529.6569199999999,1075.8967614203273,2954.5805835108113,489.8822463252874,259.63759055240234,1536.9953734576104,1272304.0755097177,6573.538026862609,1077.3533173171984,122454167.64273037
6259,6260.0,30.0,494.0,9360994.957243072,8040.5163426324725,529.6569199999999,1077.3533173171984,2962.873946818177,491.2573218501446,260.3663805805767,1539.0761675959977,1272304.0755097177,6573.538026862609,1077.3533173171984,122454167.64273037
6260,6261.0,30.0,494.0,8383449.106944088,23013.996570615098,529.6569199999999,1077.3533173171984,2966.5759749648482,491.87113413692805,260.6917010925719,1539.0761675959977,1272304.0755097177,6573.538026862609,1077.3533173171984,122454167.64273037
6261,6262.0,30.0,494.0,7405903.256645102,37987.47679859772,529.6569199999999,1077.3533173171984,2966.5759749648482,491.87113413692805,260.6917010925719,1539.0761675959977,1272304.0755097177,6573.538026862609,1077.3533173171984,122454167.64273037
6262,6263.0,30.0,494.0,6435265.607601132,48130.233471526764,529.6569199999999,1077.3533173171984,2964.6570301717884,491.55296478624433,260.465025534149,1539.0761675959977,1272304.0755097177,6573.538026862609,1077.3533173171984,122454167.64273037
6263,6264.0,30.0,494.0,5471047.058630163,56170.74981415948,529.6569199999999,1077.3533173171984,2962.873946818177,491.2573218501446,260.3663805805767,1539.0761675959977,1272304.0755097177,6573.538026862609,1077.3533173171984,122454167.64273037
6264,6265.0,30.0,494.0,4520318.621848611,56170.74981415948,529.6569199999999,1077.3533173171984,2959.1266934322275,490.63601102298225,259.98908957826546,1539.0761675959977,1272304.0755097177,6573.538026862609,1077.3533173171984,122454167.64273037
6265,6266.0,30.0,494.0,3605760.641974617,38377.45902650058,529.6569199999999,1077.3533173171984,2949.0793442912395,488.9701170567554,259.1541620400804,1539.0761675959977,1272304.0755097177,6573.538026862609,1077.3533173171984,122454167.64273037
6266,6267.0,30.0,494.0,2746887.1429538615,0.0,529.6569199999999,1075.723226583979,2933.6114329431175,486.40547041977845,257.79489932248265,1536.7474665485418,1272304.0755097177,6573.538026862609,1077.3533173171984,122454167.64273037
6267,6268.0,30.0,494.0,1914001.3446480613,4488.0943131065,529.6569199999999,1064.7595633781973,2926.392627188963,485.20856118725754,257.1605374292465,1521.085090540282,1272304.0755097177,6573.538026862609,1077.3533173171984,122454167.64273037
6268,6269.0,30.0,494.0,1090825.4995905273,3924.996825127502,529.6569199999999,1064.7595633781975,2923.6954179533336,484.76135222415337,256.9235166788013,1521.0850905402822,1272304.0755097177,6573.538026862609,1077.3533173171984,122454167.64273037
6269,6270.0,30.0,494.0,274112.2650761269,0.0,529.6569199999999,1064.7595633781975,2921.900248358019,484.4637053368776,256.7657638285451,1521.0850905402822,1272304.0755097177,6573.538026862609,1077.3533173171984,122454167.64273037
6270,6271.0,30.0,494.0,0.0,0.0,500.42320994167676,1009.1114761098685,2771.177756847387,459.47326401161996,243.5208299261586,1441.587823014098,1272304.0755097177,6573.538026862609,1077.3533173171984,122454167.64273037
6271,6272.0,30.0,494.0,317534.8325581272,0.0,468.510926424849,949.2654940024629,2606.831340837872,432.2239170486124,229.07867603576457,1356.0935628606615,1272304.0755097177,6573.538026862609,1077.3533173171984,122454167.64273037
6272,6273.0,30.0,494.0,1548768.2167473433,56170.74981415948,419.11092642484897,845.9214390607094,2353.026187607013,390.14192433277145,206.77521989636887,1208.4591986581563,1272304.0755097177,6573.538026862609,1077.3533173171984,122454167.64273037
6273,6274.0,30.0,494.0,3693097.305439408,43589.03005561698,369.710926424849,766.928988992674,2099.3884919117786,348.0876968009887,184.486479304524,1095.6128414181057,1272304.0755097177,6573.538026862609,1077.3533173171984,122454167.64273037
6274,6275.0,30.0,494.0,5839673.732339741,29838.22780598048,369.710926424849,766.928988992674,2098.7642312983708,347.9841916898757,184.4316215956341,1095.6128414181057,1272304.0755097177,6573.538026862609,1077.3533173171984,122454167.64273037
6275,6276.0,30.0,494.0,7988496.015659747,14919.11390299024,369.710926424849,766.928988992674,2098.140382292906,347.8807548251408,184.37680005732463,1095.6128414181057,1272304.0755097177,6573.538026862609,1077.3533173171984,122454167.64273037
6276,6277.0,30.0,494.0,10137318.29897975,0.0,369.710926424849,766.928988992674,2098.140382292906,347.8807548251408,184.37680005732463,1095.6128414181057,1272304.0755097177,6573.538026862609,1077.3533173171984,122454167.64273037
6277,6278.0,30.0,494.0,12031048.655383216,0.0,383.5595952343994,789.8309772187214,2168.9992508808336,359.6294618699406,190.60361479106854,1128.3299674553164,1272304.0755097177,6573.538026862609,1077.3533173171984,122454167.64273037
6278,6279.0,30.0,494.0,12993743.74988648,0.0,432.9595952343995,884.00657589543,2427.6201569642235,402.5099272483014,213.33026144159973,1262.8665369934715,1272304.0755097177,6573.538026862609,1077.3533173171984,122454167.64273037
6279,6280.0,30.0,494.0,12993743.74988648,0.0,482.35959523439993,981.3846136326232,2695.0354609929077,446.84854186265284,236.829727187206,1401.978019475176,1272304.0755097177,6573.538026862609,1077.3533173171984,122454167.64273037
6280,6281.0,30.0,494.0,12939815.686232887,0.0,482.35959523439993,986.839517316601,2710.0154786744606,449.33229361841364,238.14611561775925,1409.7707390237158,1272304.0755097177,6573.538026862609,1077.3533173171984,122454167.64273037
6281,6282.0,30.0,494.0,12840449.121369038,0.0,482.35959523439993,991.4356891583792,2722.637284566199,451.42504365455557,239.25527313691447,1416.3366987976847,1272304.0755097177,6573.538026862609,1077.3533173171984,122454167.64273037
6282,6283.0,30.0,494.0,12698257.971788935,0.0,482.35959523439993,995.7674594669575,2734.5330025429475,453.3974051723373,240.3006247413388,1422.5249420956536,1272304.0755097177,6573.538026862609,1077.3533173171984,122454167.64273037
6283,6284.0,30.0,494.0,12528322.256255778,3818.115959036164,482.35959523439993,997.8314520578806,2742.239826418785,454.6752299212708,240.97787185827352,1425.4735029398296,1272304.0755097177,6573.538026862609,1077.3533173171984,122454167.64273037
6284,6285.0,30.0,494.0,12339795.995225867,17307.17559719365,482.35959523439993,997.8314520578806,2747.4038668345493,455.53145016894575,241.43166858954126,1425.4735029398296,1272304.0755097177,6573.538026862609,1077.3533173171984,122454167.64273037
6285,6286.0,30.0,494.0,12145056.048023516,34028.64221469127,482.35959523439993,997.8314520578806,2749.1298907713385,455.81763240681886,241.583345175614,1425.4735029398296,1272304.0755097177,6573.538026862609,1077.3533173171984,122454167.64273037
6286,6287.0,30.0,494.0,11953423.998763097,49133.35659852531,482.35959523439993,997.8314520578806,2748.2665857874686,455.67449270464846,241.5074811334637,1425.4735029398296,1272304.0755097177,6573.538026862609,1077.3533173171984,122454167.64273037
6287,6288.0,30.0,494.0,11777299.83644634,56170.74981415948,482.35959523439993,997.8314520578806,2743.9588394142293,454.9602497147299,241.12893234880687,1425.4735029398296,1272304.0755097177,6573.538026862609,1077.3533173171984,122454167.64273037
6288,6289.0,30.0,494.0,11625879.2554571,50357.151447389275,482.35959523439993,997.8314520578806,2737.0967334899187,453.8224828575712,240.52591591451272,1425.4735029398296,1272304.0755097177,6573.538026862609,1077.3533173171984,122454167.64273037
6289,6290.0,30.0,494.0,11526512.69059325,17464.656535667367,482.35959523439993,997.8314520578806,2722.637284566199,451.42504365455557,239.25527313691447,1425.4735029398296,1272304.0755097177,6573.538026862609,1077.3533173171984,122454167.64273037
6290,6291.0,30.0,494.0,11499629.570340645,21997.40438646699,482.35959523439993,983.22251351113,2702.5029943964087,448.0866912157733,237.4859463443599,1404.603590730186,1272304.0755097177,6573.538026862609,1077.3533173171984,122454167.64273037
6291,6292.0,30.0,494.0,11496650.503071576,14095.081402637064,482.35959523439993,983.22251351113,2695.8629796787595,446.9857480417511,236.9024464621281,1404.603590730186,1272304.0755097177,6573.538026862609,1077.3533173171984,122454167.64273037
6292,6293.0,30.0,494.0,11505575.833238278,0.0,482.35959523439993,983.22251351113,2692.5562026132684,446.43747009462703,236.61185915015233,1404.603590730186,1272304.0755097177,6573.538026862609,1077.3533173171984,122454167.64273037
6293,6294.0,30.0,494.0,11523408.727464862,0.0,482.3595952343996,979.5807899122417,2690.081879263301,446.0272165758765,236.39442478521454,1399.4011284460596,1272304.0755097177,6573.538026862609,1077.3533173171984,122454167.64273037
6294,6295.0,30.0,494.0,11547170.153850136,52397.78869203199,482.35959523439965,968.7926511723315,2688.435064774776,445.7541676072947,236.2497088318662,1383.9895016747594,1272304.0755097177,6573.538026862609,1077.3533173171984,122454167.64273037
6295,6296.0,30.0,494.0,11764225.494843103,56170.74981415948,472.2376052659596,958.695512386671,2634.7423107170835,436.8516766358287,231.53138861698923,1369.5650176952445,1272304.0755097177,6573.538026862609,1077.3533173171984,122454167.64273037
6296,6297.0,30.0,494.0,11989961.097730637,55428.17243759148,472.2376052659596,958.695512386671,2632.3311268574816,436.4518919178092,231.31950271643888,1369.5650176952445,1272304.0755097177,6573.538026862609,1077.3533173171984,122454167.64273037
6297,6298.0,30.0,494.0,12227243.603528092,48678.80802351125,472.2376052659596,958.695512386671,2629.123653826948,435.92007900940695,231.0376418749857,1369.5650176952445,1272304.0755097177,6573.538026862609,1077.3533173171984,122454167.64273037
6298,6299.0,30.0,494.0,12476042.518094603,35938.51985677518,472.2376052659596,958.695512386671,2625.924651391099,435.3896705622589,230.75652539799722,1369.5650176952445,1272304.0755097177,6573.538026862609,1077.3533173171984,122454167.64273037
6299,6300.0,30.0,494.0,12733458.80005341,18715.411391531117,472.2376052659596,958.695512386671,2623.5309382265723,434.992782561085,230.54617475737507,1369.5650176952445,1272304.0755097177,6573.538026862609,1077.3533173171984,122454167.64273037
6300,6301.0,30.0,494.0,12993743.74988648,0.0,472.2376052659596,958.695512386671,2622.7340860392774,434.86066102015303,230.47615034068113,1369.5650176952445,1272304.0755097177,6573.538026862609,1077.3533173171984,122454167.64273037
6301,6302.0,30.0,494.0,12993743.74988648,0.0,486.5285418552,981.3846136326232,2695.0354609929077,446.84854186265284,236.829727187206,1401.978019475176,1272304.0755097177,6573.538026862609,1077.3533173171984,122454167.64273037
6302,6303.0,30.0,494.0,12209981.523188464,0.0,527.52284,1060.6633262012858,2912.7471906312453,482.94608875706206,255.9614270412429,1515.2333231446942,1272304.0755097177,6573.538026862609,1077.3533173171984,122454167.64273037
6303,6304.0,30.0,494.0,11364644.728493344,0.0,527.52284,1066.8916851493154,2929.8512372971077,485.78201370989206,257.4644672662428,1524.1309787847363,1272304.0755097177,6573.538026862609,1077.3533173171984,122454167.64273037
6304,6305.0,30.0,494.0,10453646.127891043,0.0,527.52284,1073.5334742786358,2948.0906278268803,488.80618358841735,259.0672773018612,1533.6192489694797,1272304.0755097177,6573.538026862609,1077.3533173171984,122454167.64273037
6305,6306.0,30.0,494.0,9476100.277592055,14973.480227981912,527.52284,1077.3533173171984,2966.5759749648487,491.8711341369281,260.69170109257186,1539.0761675959977,1272304.0755097177,6573.538026862609,1077.3533173171984,122454167.64273037
6306,6307.0,30.0,494.0,8499210.748781236,26223.789358194226,524.49956,1077.3533173171984,2966.3936634403576,491.8409060972371,260.51699602446513,1539.0761675959977,1272304.0755097177,6573.538026862609,1077.3533173171984,122454167.64273037
6307,6308.0,30.0,494.0,7521664.898482248,41197.26958617685,522.1876400000001,1077.3533173171984,2966.5759749648487,491.87113413692816,260.6917010925719,1539.0761675959977,1272304.0755097177,6573.538026862609,1077.3533173171984,122454167.64273037
6308,6309.0,30.0,494.0,6544119.0481832605,56170.74981415948,520.58708,1077.3533173171984,2966.575974964849,491.87113413692816,260.6917010925719,1539.0761675959977,1272304.0755097177,6573.538026862609,1077.3533173171984,122454167.64273037
6309,6310.0,30.0,494.0,5569212.726546327,56170.74981415948,519.6978799999999,1077.3533173171984,2965.8427725587226,491.74956600515037,259.9890895782652,1539.0761675959977,1272304.0755097177,6573.538026862609,1077.3533173171984,122454167.64273037
6310,6311.0,30.0,494.0,4620450.537352094,56170.74981415948,518.1924288780633,1077.3533173171984,2958.580513546861,490.5454520344631,259.98908957826546,1539.0761675959977,1272304.0755097177,6573.538026862609,1077.3533173171984,122454167.64273037
6311,6312.0,30.0,494.0,4628449.756741993,0.0,468.7924288780633,991.4975709597369,2692.813455606825,446.480123754189,236.63446558972018,1416.4251013710527,1272304.0755097177,6573.538026862609,1077.3533173171984,122454167.64273037
6312,6313.0,30.0,494.0,4892249.015574798,0.0,456.795794529354,954.7009270444836,2621.757889094906,434.69880334240565,230.39036577147502,1363.8584672064053,1272304.0755097177,6573.538026862609,1077.3533173171984,122454167.64273037
6313,6314.0,30.0,494.0,5209044.137126856,33910.44592047762,456.795794529354,942.7466190508093,2607.036816117336,432.2579857391162,229.09673244173158,1346.780884358299,1272304.0755097177,6573.538026862609,1077.3533173171984,122454167.64273037
6314,6315.0,30.0,494.0,5583970.979433782,37580.32695333163,456.7957945293535,942.7466190508093,2590.8891159076484,429.5806271671901,227.67773239861074,1346.780884358299,1272304.0755097177,6573.538026862609,1077.3533173171984,122454167.64273037
6315,6316.0,30.0,494.0,5981932.122048996,29267.589132517576,456.7957945293535,942.7466190508093,2584.4906991553485,428.5197419813078,227.11546325009314,1346.780884358299,1272304.0755097177,6573.538026862609,1077.3533173171984,122454167.64273037
6316,6317.0,30.0,494.0,6382763.863009529,37858.01203721948,456.7957945293535,939.1695280707236,2583.693310726094,428.3875315291383,227.0453917104433,1341.670754386748,1272304.0755097177,6573.538026862609,1077.3533173171984,122454167.64273037
6317,6318.0,30.0,494.0,6786464.277856063,44956.1288882792,456.7957945293535,939.1695280707236,2582.8964568688702,428.25540971132494,226.97536714700223,1341.670754386748,1272304.0755097177,6573.538026862609,1077.3533173171984,122454167.64273037
6318,6319.0,30.0,494.0,7190164.692702597,52054.24573933892,456.7957945293535,939.1695280707236,2582.8964568688702,428.25540971132494,226.97536714700223,1341.670754386748,1272304.0755097177,6573.538026862609,1077.3533173171984,122454167.64273037
6319,6320.0,30.0,494.0,7599596.689679015,56170.74981415948,456.7957945293535,939.1695280707236,2581.3043507216803,427.9914316224799,226.83545875991436,1341.670754386748,1272304.0755097177,6573.538026862609,1077.3533173171984,122454167.64273037
6320,6321.0,30.0,494.0,8020468.842352377,54335.99756652024,456.7957945293535,939.1695280707236,2578.1265296947518,427.4645351445908,226.55620362663313,1341.670754386748,1272304.0755097177,6573.538026862609,1077.3533173171984,122454167.64273037
6321,6322.0,30.0,494.0,8458443.937612453,43604.164029238746,456.7957945293535,939.1695280707236,2573.3757123095525,426.6768290635547,226.138719403684,1341.670754386748,1272304.0755097177,6573.538026862609,1077.3533173171984,122454167.64273037
6322,6323.0,30.0,494.0,8913453.592814848,24010.82237593364,456.7957945293533,939.1695280707236,2568.643890103354,425.89227246539616,225.72290440665998,1341.670754386748,1272304.0755097177,6573.538026862609,1077.3533173171984,122454167.64273037
6323,6324.0,30.0,494.0,9376955.012531634,0.0,456.7957945293533,939.1695280707236,2566.285066627134,425.5011693255243,225.5156197425279,1341.670754386748,1272304.0755097177,6573.538026862609,1077.3533173171984,122454167.64273037
6324,6325.0,30.0,494.0,9466617.784831608,0.0,477.0558000000001,972.3150911280411,2670.1291353540264,442.7189652927066,234.64105160513452,1389.0215587543446,1272304.0755097177,6573.538026862609,1077.3533173171984,122454167.64273037
6325,6326.0,30.0,494.0,8641112.348477066,0.0,526.4558000000001,1064.8857138174835,2924.342526646947,484.8686456458367,256.98038219229346,1521.2653054535479,1272304.0755097177,6573.538026862609,1077.3533173171984,122454167.64273037
6326,6327.0,30.0,494.0,7802570.958813274,6781.40242196992,526.4558000000001,1064.8857138174835,2927.9636247884055,485.46903938754133,257.29859087539694,1521.265305453548,1272304.0755097177,6573.538026862609,1077.3533173171984,122454167.64273037
6327,6328.0,30.0,494.0,6895016.909729151,0.0,526.4558000000001,1074.5036588063188,2947.1338079607194,488.6475387140892,258.9831955184673,1535.0052268661698,1272304.0755097177,6573.538026862609,1077.3533173171984,122454167.64273037
6328,6329.0,30.0,494.0,5918127.3809183305,11250.309130209738,526.4558000000001,1077.3533173171984,2966.3936634403576,491.8409060972371,260.51699602446536,1539.0761675959977,1272304.0755097177,6573.538026862609,1077.3533173171984,122454167.64273037
6329,6330.0,30.0,494.0,4940581.530619343,26223.789358194226,522.36548,1077.3533173171984,2966.5759749648487,491.8711341369282,260.691701092572,1539.0761675959977,1272304.0755097177,6573.538026862609,1077.3533173171984,122454167.64273037
6330,6331.0,30.0,494.0,3963035.680320355,41197.26958617685,519.6978799999999,1077.3533173171984,2966.5759749648487,491.8711341369281,260.6917010925719,1539.0761675959977,1272304.0755097177,6573.538026862609,1077.3533173171984,122454167.64273037
6331,6332.0,30.0,494.0,2985489.8300213655,56170.74981415948,519.16436,1077.3533173171984,2966.575974964849,491.8711341369282,260.6917010925719,1539.0761675959977,1272304.0755097177,6573.538026862609,1077.3533173171984,122454167.64273037
6332,6333.0,30.0,494.0,2019848.7826517795,56170.74981415948,519.16436,1077.3533173171984,2963.2690852622372,491.32283751408215,259.9890895782657,1539.0761675959977,1272304.0755097177,6573.538026862609,1077.3533173171984,122454167.64273037
6333,6334.0,30.0,494.0,1069607.6570565104,56170.74981415948,519.16436,1077.3533173171984,2958.991329213816,490.6135670497978,259.9890895782656,1539.0761675959977,1272304.0755097177,6573.538026862609,1077.3533173171984,122454167.64273037
6334,6335.0,30.0,494.0,142856.73518415727,44720.320529381745,519.16436,1077.3533173171984,2952.466272624117,489.5316844308566,259.451792748354,1539.0761675959977,1272304.0755097177,6573.538026862609,1077.3533173171984,122454167.64273037
6335,6336.0,30.0,494.0,54585.21590452269,0.0,476.58720760560004,999.0090267098745,2719.555327459473,450.9140418294752,238.98444216962187,1427.155752442678,1272304.0755097177,6573.538026862609,1077.3533173171984,122454167.64273037
6336,6337.0,30.0,494.0,0.0,0.0,476.58720760560004,986.9059892421936,2710.198020966386,449.3625599203439,238.1621567577823,1409.8656989174196,1272304.0755097177,6573.538026862609,1077.3533173171984,122454167.64273037
6337,6338.0,30.0,494.0,0.0,15575.021989942528,476.58720760560004,978.3561371345788,2695.0354609929077,446.8485418626529,236.82972718720603,1397.6516244779698,1272304.0755097177,6573.538026862609,1077.3533173171984,122454167.64273037
6338,6339.0,30.0,494.0,59880.02092122845,0.0,476.58720760560004,978.3561371345788,2678.4021218481216,444.0906622537455,235.36805099448512,1397.6516244779698,1272304.0755097177,6573.538026862609,1077.3533173171984,122454167.64273037
6339,6340.0,30.0,494.0,146445.68406314403,0.0,476.58720760560004,972.6283683164173,2670.9894434534867,442.8616080984732,234.71665229219082,1389.469097594882,1272304.0755097177,6573.538026862609,1077.3533173171984,122454167.64273037
6340,6341.0,30.0,494.0,238919.76979538985,0.0,476.58720760560004,972.0307226015346,2669.348214956173,442.5894853114068,234.57242721504562,1388.6153180021925,1272304.0755097177,6573.538026862609,1077.3533173171984,122454167.64273037
6341,6342.0,30.0,494.0,331393.85552763566,0.0,476.58720760560004,972.0307226015346,2669.348214956173,442.5894853114068,234.57242721504562,1388.6153180021925,1272304.0755097177,6573.538026862609,1077.3533173171984,122454167.64273037
6342,6343.0,30.0,494.0,745448.8974294008,56170.74981415948,458.8427875052997,928.5802413207794,2580.0201715757507,427.7785091629596,226.7226098563686,1326.5432018868278,1272304.0755097177,6573.538026862609,1077.3533173171984,122454167.64273037
6343,6344.0,30.0,494.0,2076916.2114665806,48108.28748619929,409.4427875052997,848.2724195292383,2325.183429315914,385.52547452204124,204.32850149668187,1211.8177421846262,1272304.0755097177,6573.538026862609,1077.3533173171984,122454167.64273037
6344,6345.0,30.0,494.0,3413466.3042716654,37401.724843565,409.4427875052997,848.2724195292383,2323.7715463248287,385.2913782123716,204.20443045255698,1211.8177421846262,1272304.0755097177,6573.538026862609,1077.3533173171984,122454167.64273037
6345,6346.0,30.0,494.0,4752555.246999427,25374.433090738952,409.4427875052997,848.2724195292383,2323.066310235196,385.1744470168893,204.14245691895135,1211.8177421846262,1272304.0755097177,6573.538026862609,1077.3533173171984,122454167.64273037
6346,6347.0,30.0,494.0,6094181.348930517,12027.291752827354,409.4427875052997,848.2724195292383,2322.361543789827,385.05759369045813,204.0805246559428,1211.8177421846262,1272304.0755097177,6573.538026862609,1077.3533173171984,122454167.64273037
6347,6348.0,30.0,494.0,7433270.291658279,0.0,409.4427875052997,848.2724195292383,2323.066310235196,385.1744470168893,204.14245691895135,1211.8177421846262,1272304.0755097177,6573.538026862609,1077.3533173171984,122454167.64273037
6348,6349.0,30.0,494.0,8423483.353684546,0.0,428.18932000000007,881.223092635563,2419.976277096722,401.2425388883323,212.65854561081613,1258.8901323365187,1272304.0755097177,6573.538026862609,1077.3533173171984,122454167.64273037
6349,6350.0,30.0,494.0,8494354.7448431,0.0,477.58932000000004,974.21586722254,2675.348963448865,443.58443537898637,235.0997507508628,1391.7369531750574,1272304.0755097177,6573.538026862609,1077.3533173171984,122454167.64273037
6350,6351.0,30.0,494.0,7639346.835085733,0.0,526.98932,1067.869932792696,2932.5376581477317,486.2274339120769,257.70053997340074,1525.5284754181373,1272304.0755097177,6573.538026862609,1077.3533173171984,122454167.64273037
6351,6352.0,30.0,494.0,6751519.597373409,0.0,526.98932,1071.1896565290635,2941.65413813522,487.7389857444332,258.5016624445496,1530.2709378986624,1272304.0755097177,6573.538026862609,1077.3533173171984,122454167.64273037
6352,6353.0,30.0,494.0,5824018.24957791,0.0,526.98932,1075.2027516522528,2952.6747242694355,489.56624661569896,259.47011070632044,1536.00393093179,1272304.0755097177,6573.538026862609,1077.3533173171984,122454167.64273037
6353,6354.0,30.0,494.0,4846472.399278924,14973.480227981912,526.98932,1077.3533173171984,2966.5759749648482,491.87113413692805,260.69170109257186,1539.0761675959977,1272304.0755097177,6573.538026862609,1077.3533173171984,122454167.64273037
6354,6355.0,30.0,494.0,3868926.548979936,29946.960455963388,524.85524,1077.3533173171984,2966.5759749648487,491.8711341369281,260.6917010925719,1539.0761675959977,1272304.0755097177,6573.538026862609,1077.3533173171984,122454167.64273037
6355,6356.0,30.0,494.0,2892037.0201691184,41197.26958617685,524.1438800000001,1077.3533173171984,2966.393663440357,491.84090609723705,260.5169960244652,1539.0761675959977,1272304.0755097177,6573.538026862609,1077.3533173171984,122454167.64273037
6356,6357.0,30.0,494.0,1914491.1698701307,56170.74981415948,524.1438800000001,1077.3533173171984,2966.5759749648487,491.87113413692805,260.6917010925719,1539.0761675959977,1272304.0755097177,6573.538026862609,1077.3533173171984,122454167.64273037
6357,6358.0,30.0,494.0,948762.189194249,56170.74981415948,524.1438800000001,1077.3533173171984,2963.293511180653,491.3268874370556,259.98908957826586,1539.0761675959977,1272304.0755097177,6573.538026862609,1077.3533173171984,122454167.64273037
6358,6359.0,30.0,494.0,0.0,56170.74981415948,524.0441484794704,1077.3533173171984,2958.580513546866,490.5454520344639,259.98908957826586,1539.0761675959977,1272304.0755097177,6573.538026862609,1077.3533173171984,122454167.64273037
6359,6360.0,30.0,494.0,0.0,0.0,474.9837665975999,992.3067038742652,2695.0354609929077,446.8485418626529,236.82972718720603,1417.5810055346647,1272304.0755097177,6573.538026862609,1077.3533173171984,122454167.64273037
6360,6361.0,30.0,494.0,529343.5514672947,11655.980335587636,448.2767588921041,925.5742870763418,2547.995585585326,422.4686942233431,223.90840793837185,1322.2489815376312,1272304.0755097177,6573.538026862609,1077.3533173171984,122454167.64273037
6361,6362.0,30.0,494.0,1101028.4717183271,1285.6574152512476,448.2767588921041,925.5742870763418,2536.234094256509,420.5185880646375,222.8748516742579,1322.2489815376312,1272304.0755097177,6573.538026862609,1077.3533173171984,122454167.64273037
6362,6363.0,30.0,494.0,1717411.1767705046,20761.726670010015,448.2767588921041,915.2495746536334,2523.8180429228582,418.45995302460375,221.78377510304,1307.4993923623335,1272304.0755097177,6573.538026862609,1077.3533173171984,122454167.64273037
6363,6364.0,30.0,494.0,2353199.701077152,30142.74061345402,448.2767588921039,915.2495746536334,2518.4275375743937,417.56618391108833,221.31007747287683,1307.4993923623335,1272304.0755097177,6573.538026862609,1077.3533173171984,122454167.64273037
6364,6365.0,30.0,494.0,2988988.2253838032,39523.75455689803,448.2767588921039,915.2495746536334,2518.4275375743937,417.56618391108833,221.31007747287683,1307.4993923623335,1272304.0755097177,6573.538026862609,1077.3533173171984,122454167.64273037
6365,6366.0,30.0,494.0,3627541.642131248,47466.45034671761,448.2767588921039,915.2495746536334,2517.659511896395,417.43884193014077,221.2425862229746,1307.4993923623335,1272304.0755097177,6573.538026862609,1077.3533173171984,122454167.64273037
6366,6367.0,30.0,494.0,4268858.114961226,53971.78327050805,448.2767588921039,915.2495746536334,2516.8919963179187,417.3115845259014,221.17513979872777,1307.4993923623335,1272304.0755097177,6573.538026862609,1077.3533173171984,122454167.64273037
6367,6368.0,30.0,494.0,4918452.756165642,56170.74981415948,448.2767588921039,915.2495746536334,2514.592505102792,416.93031893167176,220.97306903378603,1307.4993923623335,1272304.0755097177,6573.538026862609,1077.3533173171984,122454167.64273037
6368,6369.0,30.0,494.0,5579059.356861325,52641.21097019687,448.2767588921039,915.2495746536334,2511.533627466329,416.42314378263455,220.7042662047963,1307.4993923623335,1272304.0755097177,6573.538026862609,1077.3533173171984,122454167.64273037
6369,6370.0,30.0,494.0,6250648.76827956,43398.330150615424,448.2767588921039,915.2495746536334,2508.482846710064,415.9173111313724,220.4361748996274,1307.4993923623335,1272304.0755097177,6573.538026862609,1077.3533173171984,122454167.64273037
6370,6371.0,30.0,494.0,6927718.69041427,31304.445820609108,448.2767588921039,915.2495746536334,2506.9604826221544,415.6648965777561,220.30239518621076,1307.4993923623335,1272304.0755097177,6573.538026862609,1077.3533173171984,122454167.64273037
6371,6372.0,30.0,494.0,7610261.8793689925,16363.326310425997,448.2767588921044,915.2495746536334,2505.440130727707,415.4128156545234,220.1687922968974,1307.4993923623335,1272304.0755097177,6573.538026862609,1077.3533173171984,122454167.64273037
6372,6373.0,30.0,494.0,8295538.989759196,0.0,448.2767588921044,915.2495746536334,2504.68070810674,415.28690009766035,220.10205705176,1307.4993923623335,1272304.0755097177,6573.538026862609,1077.3533173171984,122454167.64273037
6373,6374.0,30.0,494.0,8403345.946605254,0.0,479.72339999999997,970.4797799297942,2665.089084091225,441.88330298314054,234.1981505810645,1386.3996856139918,1272304.0755097177,6573.538026862609,1077.3533173171984,122454167.64273037
6374,6375.0,30.0,494.0,7586792.253602184,0.0,529.1234,1063.9802316904106,2921.855931271538,484.4563573721623,256.761869407246,1519.9717595577295,1272304.0755097177,6573.538026862609,1077.3533173171984,122454167.64273037
6375,6376.0,30.0,494.0,6737808.117187947,0.0,529.1234,1067.2606191779528,2930.8643877746404,485.9499984433494,257.5534991749752,1524.6580273970756,1272304.0755097177,6573.538026862609,1077.3533173171984,122454167.64273037
6376,6377.0,30.0,494.0,5833195.590538951,0.0,529.1234,1072.8875134194104,2946.3167183954065,488.5120617283071,258.9113927160028,1532.696447742015,1272304.0755097177,6573.538026862609,1077.3533173171984,122454167.64273037
6377,6378.0,30.0,494.0,4855649.740239963,14973.480227983082,529.1234,1077.3533173171984,2966.5759749648487,491.8711341369281,260.6917010925719,1539.0761675959977,1272304.0755097177,6573.538026862609,1077.3533173171984,122454167.64273037
6378,6379.0,30.0,494.0,3878760.2114291415,26223.789358194226,525.92228,1077.3533173171984,2966.393663440358,491.84090609723717,260.5169960244651,1539.0761675959977,1272304.0755097177,6573.538026862609,1077.3533173171984,122454167.64273037
6379,6380.0,30.0,494.0,2901214.3611301538,41197.26958617685,523.43252,1077.3533173171984,2966.575974964849,491.8711341369281,260.6917010925719,1539.0761675959977,1272304.0755097177,6573.538026862609,1077.3533173171984,122454167.64273037
6380,6381.0,30.0,494.0,1923668.510831166,56170.74981415948,522.54332,1077.3533173171984,2966.5759749648487,491.87113413692816,260.6917010925719,1539.0761675959977,1272304.0755097177,6573.538026862609,1077.3533173171984,122454167.64273037
6381,6382.0,30.0,494.0,948762.1891942319,56170.74981415948,522.54332,1077.3533173171984,2965.8427725587226,491.74956600515037,259.9890895782651,1539.0761675959977,1272304.0755097177,6573.538026862609,1077.3533173171984,122454167.64273037
6382,6383.0,30.0,494.0,0.0,56170.74981415948,521.561600769782,1077.3533173171984,2958.5805135468613,490.54545203446315,259.98908957826546,1539.0761675959977,1272304.0755097177,6573.538026862609,1077.3533173171984,122454167.64273037
6383,6384.0,30.0,494.0,0.0,0.0,472.7389491864001,992.3067038742652,2695.0354609929077,446.8485418626529,236.82972718720603,1417.5810055346647,1272304.0755097177,6573.538026862609,1077.3533173171984,122454167.64273037
6384,6385.0,30.0,494.0,333577.3425140251,14321.923456936143,456.5262300290418,944.8579518585692,2602.375088072345,431.48505105620967,228.68707705979114,1349.7970740836704,1272304.0755097177,6573.538026862609,1077.3533173171984,122454167.64273037
6385,6386.0,30.0,494.0,722217.0198862171,0.0,456.5262300290418,944.8579518585692,2587.079995056187,428.94905844652203,227.3430009766567,1349.7970740836704,1272304.0755097177,6573.538026862609,1077.3533173171984,122454167.64273037
6386,6387.0,30.0,494.0,1173741.2471904615,0.0,456.52623002904176,935.7122678434542,2569.6120645195065,426.05279997324834,225.80798398582164,1336.7318112049347,1272304.0755097177,6573.538026862609,1077.3533173171984,122454167.64273037
6387,6388.0,30.0,494.0,1647904.3899864359,2933.147308912128,456.5262300290414,932.8519737395718,2563.3234768829147,425.01012493002236,225.25536621291187,1332.6456767708169,1272304.0755097177,6573.538026862609,1077.3533173171984,122454167.64273037
6388,6389.0,30.0,494.0,2127708.4478047257,2931.8475630534813,456.5262300290414,932.8519737395718,2561.756556043383,424.75032267417333,225.11767101731186,1332.6456767708169,1272304.0755097177,6573.538026862609,1077.3533173171984,122454167.64273037
6389,6390.0,30.0,494.0,2613145.9251044644,0.0,456.5262300290414,932.8519737395718,2560.191717298536,424.49086563863307,224.98015878847553,1332.6456767708169,1272304.0755097177,6573.538026862609,1077.3533173171984,122454167.64273037
6390,6391.0,30.0,494.0,3101397.3059842708,56170.74981415948,456.52623002904147,921.0751715035354,2559.4100774151834,424.36126636352407,224.91147117266777,1315.8216735764793,1272304.0755097177,6573.538026862609,1077.3533173171984,122454167.64273037
6391,6392.0,30.0,494.0,4508750.4113038415,53960.67410948593,407.1262300290415,839.4584950381159,2304.1040428485826,382.03042102734025,202.47612314449037,1199.2264214830227,1272304.0755097177,6573.538026862609,1077.3533173171984,122454167.64273037
6392,6393.0,30.0,494.0,5918609.601441459,50446.913952159695,407.1262300290415,839.4584950381159,2303.4079081769028,381.91499888633973,202.41494940976006,1199.2264214830227,1272304.0755097177,6573.538026862609,1077.3533173171984,122454167.64273037
6393,6394.0,30.0,494.0,7335977.075791744,43027.28703260049,407.1262300290415,839.4584950381159,2301.322273673384,381.569191660333,202.2316715799765,1199.2264214830227,1272304.0755097177,6573.538026862609,1077.3533173171984,122454167.64273037
6394,6395.0,30.0,494.0,8760837.91366551,31709.55520721525,407.1262300290415,839.4584950381159,2299.24078380575,381.2240716328913,202.0487579654324,1199.2264214830227,1272304.0755097177,6573.538026862609,1077.3533173171984,122454167.64273037
6395,6396.0,30.0,494.0,10190686.059898885,17797.387502337806,407.1262300290415,839.4584950381159,2297.8554203725257,380.99437238067514,201.92701736175783,1199.2264214830227,1272304.0755097177,6573.538026862609,1077.3533173171984,122454167.64273037
6396,6397.0,30.0,494.0,11628002.800491413,0.0,407.1262300290415,839.4584950381159,2295.7808108283166,380.6503931406311,201.7447083645345,1199.2264214830227,1272304.0755097177,6573.538026862609,1077.3533173171984,122454167.64273037
6397,6398.0,30.0,494.0,12691936.40485125,0.0,427.47796000000005,873.7661503551324,2399.4983486707306,397.8472097396202,210.85902116199873,1248.237357650189,1272304.0755097177,6573.538026862609,1077.3533173171984,122454167.64273037
6398,6399.0,30.0,494.0,12840605.532461349,0.0,476.87796000000003,966.3465107052975,2653.738481101214,440.00132388907707,233.20070166121087,1380.4950152932822,1272304.0755097177,6573.538026862609,1077.3533173171984,122454167.64273037
6399,6400.0,30.0,494.0,12041127.283795033,0.0,526.27796,1062.2530251506685,2917.1127522891065,483.6699177713594,256.3450564188205,1517.5043216438123,1272304.0755097177,6573.538026862609,1077.3533173171984,122454167.64273037
6400,6401.0,30.0,494.0,11196099.051179785,0.0,526.27796,1066.8604736369375,2929.7655256082544,485.7678023409735,257.45693524071595,1524.086390909911,1272304.0755097177,6573.538026862609,1077.3533173171984,122454167.64273037
6401,6402.0,30.0,494.0,10288568.48708815,0.0,526.27796,1073.1826772379757,2947.1272843516954,488.6464570714829,258.98262224788596,1533.1181103399654,1272304.0755097177,6573.538026862609,1077.3533173171984,122454167.64273037
6402,6403.0,30.0,494.0,9311022.636789162,16231.25439296447,526.27796,1077.108750118452,2966.5759749648487,491.8711341369281,260.6917010925719,1538.7267858835028,1272304.0755097177,6573.538026862609,1077.3533173171984,122454167.64273037
6403,6404.0,30.0,494.0,8333476.786490174,32462.50878592894,524.49956,1077.108750118452,2966.575974964849,491.87113413692816,260.691701092572,1538.726785883503,1272304.0755097177,6573.538026862609,1077.3533173171984,122454167.64273037
6404,6405.0,30.0,494.0,7355930.936191186,48693.76317889238,524.1438800000001,1077.108750118452,2966.5759749648487,491.87113413692805,260.6917010925719,1538.726785883503,1272304.0755097177,6573.538026862609,1077.3533173171984,122454167.64273037
6405,6406.0,30.0,494.0,6395213.496690575,56170.74981415948,524.1438800000001,1077.108750118452,2961.9014164097443,491.09607209992237,260.28091821295885,1538.726785883503,1272304.0755097177,6573.538026862609,1077.3533173171984,122454167.64273037
6406,6407.0,30.0,494.0,5461303.271866204,49702.41874084249,524.1438800000001,1077.108750118452,2954.454967888566,489.8614187115332,259.6265519171126,1538.726785883503,1272304.0755097177,6573.538026862609,1077.3533173171984,122454167.64273037
6407,6408.0,30.0,494.0,4564017.264424488,24181.89021256566,524.1438800000001,1077.108750118452,2944.2815741711624,488.1746260090945,258.7325517848201,1538.726785883503,1272304.0755097177,6573.538026862609,1077.3533173171984,122454167.64273037
6408,6409.0,30.0,494.0,3712953.54299118,0.0,524.1438800000001,1072.1730064973585,2931.4420502799376,486.0457773864901,257.6042620148398,1531.675723567655,1272304.0755097177,6573.538026862609,1077.3533173171984,122454167.64273037
6409,6410.0,30.0,494.0,2920685.2612052783,19588.878211466596,524.1438800000001,1057.7147777578432,2915.1099837112138,483.3378500744133,256.16906053943904,1511.0211110826333,1272304.0755097177,6573.538026862609,1077.3533173171984,122454167.64273037
6410,6411.0,30.0,494.0,2176877.48469669,13968.231652367,524.1438800000001,1057.7147777578432,2901.6487322452936,481.10591632947603,254.9861356546223,1511.0211110826333,1272304.0755097177,6573.538026862609,1077.3533173171984,122454167.64273037
6411,6412.0,30.0,494.0,1449116.3490965217,0.0,524.1438800000001,1057.7147777578432,2897.1913319929545,480.36686007879416,254.59443584176094,1511.021111082633,1272304.0755097177,6573.538026862609,1077.3533173171984,122454167.64273037
6412,6413.0,30.0,494.0,724558.1745482609,0.0,524.1438800000001,1054.674748449772,2896.301620589647,480.2193420780106,254.51625130134562,1506.6782120711032,1272304.0755097177,6573.538026862609,1077.3533173171984,122454167.64273037
6413,6414.0,30.0,494.0,0.0,0.0,524.1438800000001,1054.674748449772,2896.301620589647,480.2193420780106,254.51625130134562,1506.6782120711032,1272304.0755097177,6573.538026862609,1077.3533173171984,122454167.64273037
6414,6415.0,30.0,494.0,185194.69297739118,0.0,474.7438800000001,962.6518955535046,2643.5924907214103,438.319074778597,232.3091096326564,1375.2169936478638,1272304.0755097177,6573.538026862609,1077.3533173171984,122454167.64273037
6415,6416.0,30.0,494.0,1280744.2847524844,56170.74981415948,425.3438800000001,859.6460560588317,2390.716129944271,396.3910798708163,210.08727233153266,1228.0657943697597,1272304.0755097177,6573.538026862609,1077.3533173171984,122454167.64273037
6416,6417.0,30.0,494.0,3001506.4051208002,46600.352320780046,391.3953010255698,809.1878816541171,2217.04598311282,367.59581799024886,194.8257835348319,1155.98268807731,1272304.0755097177,6573.538026862609,1077.3533173171984,122454167.64273037
6417,6418.0,30.0,494.0,4724663.447865087,35784.097925680224,391.3953010255698,809.1878816541171,2216.3807268972723,367.4855156308977,194.76732328437578,1155.98268807731,1272304.0755097177,6573.538026862609,1077.3533173171984,122454167.64273037
6418,6419.0,30.0,494.0,6447820.490609374,24967.8435305804,391.3953010255698,809.1878816541171,2216.3807268972723,367.4855156308977,194.76732328437578,1155.98268807731,1272304.0755097177,6573.538026862609,1077.3533173171984,122454167.64273037
6419,6420.0,30.0,494.0,8170977.533353661,14151.589135480113,391.3953010255698,809.1878816541171,2216.3807268972723,367.4855156308977,194.76732328437578,1155.98268807731,1272304.0755097177,6573.538026862609,1077.3533173171984,122454167.64273037
6420,6421.0,30.0,494.0,9889343.145450562,5827.873538737651,391.3953010255698,809.1878816541171,2217.711679854879,367.70619339080196,194.88428249712504,1155.98268807731,1272304.0755097177,6573.538026862609,1077.3533173171984,122454167.64273037
6421,6422.0,30.0,494.0,11602910.97701316,0.0,391.3953010255698,809.1878816541171,2219.044396669964,367.9271636059089,195.00139671113172,1155.98268807731,1272304.0755097177,6573.538026862609,1077.3533173171984,122454167.64273037
6422,6423.0,30.0,494.0,12399306.248601984,0.0,440.7953010255694,900.8280498220288,2473.814552218235,410.1691578819039,217.3896536774091,1286.8972140314697,1272304.0755097177,6573.538026862609,1077.3533173171984,122454167.64273037
6423,6424.0,30.0,494.0,12265863.1344615,0.0,490.19530102556945,994.882582697528,2732.102992698598,452.9944990245794,240.0870844830271,1421.2608324250402,1272304.0755097177,6573.538026862609,1077.3533173171984,122454167.64273037
6424,6425.0,30.0,494.0,11410732.820501518,0.0,527.52284,1067.8823141594755,2932.5716593151246,486.23307145276647,257.70352786996625,1525.546163084965,1272304.0755097177,6573.538026862609,1077.3533173171984,122454167.64273037
6425,6426.0,30.0,494.0,10512936.848057345,0.0,527.52284,1072.1980088437817,2944.423231116289,488.19811334359923,258.7450000721076,1531.7114412054027,1272304.0755097177,6573.538026862609,1077.3533173171984,122454167.64273037
6426,6427.0,30.0,494.0,9578748.342070274,0.0,527.52284,1075.8791676290782,2954.5322682115384,489.8742354395896,259.6333447829825,1536.970239470112,1272304.0755097177,6573.538026862609,1077.3533173171984,122454167.64273037
6427,6428.0,30.0,494.0,8617923.292366553,9259.8007653691,527.52284,1076.7729767471467,2961.93130813283,491.10102827696267,260.2835449867902,1538.247109638781,1272304.0755097177,6573.538026862609,1077.3533173171984,122454167.64273037
6428,6429.0,30.0,494.0,7640377.442067565,27217.8896393312,527.52284,1076.7729767471467,2966.5759749648487,491.8711341369281,260.69170109257186,1538.247109638781,1272304.0755097177,6573.538026862609,1077.3533173171984,122454167.64273037
6429,6430.0,30.0,494.0,6662831.591768578,45175.97851329618,527.3449999999999,1076.7729767471467,2966.575974964849,491.8711341369282,260.6917010925719,1538.247109638781,1272304.0755097177,6573.538026862609,1077.3533173171984,122454167.64273037
6430,6431.0,30.0,494.0,5698671.3919755,56170.74981415948,527.3449999999999,1076.7729767471467,2962.8577387132073,491.2546344762021,260.36495627238713,1538.247109638781,1272304.0755097177,6573.538026862609,1077.3533173171984,122454167.64273037
6431,6432.0,30.0,494.0,4761174.59072892,53295.01765495632,527.3449999999999,1076.7729767471467,2955.4512391169574,490.02660479243997,259.7141005399932,1538.247109638781,1272304.0755097177,6573.538026862609,1077.3533173171984,122454167.64273037
6432,6433.0,30.0,494.0,3863405.2969288137,29752.73286049813,527.3449999999999,1076.7729767471467,2944.415820381826,488.1968846117562,258.7443488442308,1538.247109638781,1272304.0755097177,6573.538026862609,1077.3533173171984,122454167.64273037
6433,6434.0,30.0,494.0,3021373.7286237907,0.0,527.3449999999999,1072.3426102057736,2928.9331188554142,485.6297856992161,257.38378642058456,1531.9180145796765,1272304.0755097177,6573.538026862609,1077.3533173171984,122454167.64273037
6434,6435.0,30.0,494.0,2231228.4002250675,7255.832161379978,527.3449999999999,1059.8981301591477,2914.520274436997,483.2400737248549,256.11723907417314,1514.1401859416396,1272304.0755097177,6573.538026862609,1077.3533173171984,122454167.64273037
6435,6436.0,30.0,494.0,1460399.0570309646,4463.341369932095,527.3449999999999,1059.8981301591477,2909.15472299127,482.35044207639817,255.64573430049106,1514.1401859416396,1272304.0755097177,6573.538026862609,1077.3533173171984,122454167.64273037
6436,6437.0,30.0,494.0,692781.6055330783,0.0,527.3449999999999,1059.8981301591477,2908.2625308534316,482.2025127590945,255.56733176232007,1514.1401859416399,1272304.0755097177,6573.538026862609,1077.3533173171984,122454167.64273037
6437,6438.0,30.0,494.0,0.0,0.0,523.2875992717857,1051.4605013279297,2887.4747958632074,478.75581634138314,253.7405826609331,1502.0864304684712,1272304.0755097177,6573.538026862609,1077.3533173171984,122454167.64273037
6438,6439.0,30.0,494.0,218365.9587078007,0.0,473.88759927178546,959.2965727887687,2634.378250240741,436.79131383342485,231.4993963317152,1370.4236754125268,1272304.0755097177,6573.538026862609,1077.3533173171984,122454167.64273037
6439,6440.0,30.0,494.0,1347879.481656475,56170.74981415948,424.4875992717855,856.2105540079659,2381.281704618276,394.82681132546674,209.25821000249738,1223.1579342970942,1272304.0755097177,6573.538026862609,1077.3533173171984,122454167.64273037
6440,6441.0,30.0,494.0,3390823.6010354534,48492.82236853335,375.08759927178545,776.2307139524316,2127.550983387636,352.75715975735733,186.9612946713994,1108.9010199320453,1272304.0755097177,6573.538026862609,1077.3533173171984,122454167.64273037
6441,6442.0,30.0,494.0,5436049.246287149,39628.027747794986,375.08759927178545,776.2307139524316,2126.91722620077,352.6520800732697,186.90560243883294,1108.9010199320453,1272304.0755097177,6573.538026862609,1077.3533173171984,122454167.64273037
6442,6443.0,30.0,494.0,7485833.430293308,28391.846469187178,375.08759927178545,776.2307139524316,2125.6509654356414,352.4421285588258,186.79432813617768,1108.9010199320453,1272304.0755097177,6573.538026862609,1077.3533173171984,122454167.64273037
6443,6444.0,30.0,494.0,9540170.145644933,14787.403632728849,375.08759927178545,776.2307139524316,2124.386373395234,352.2324537261618,186.68320047486577,1108.9010199320453,1272304.0755097177,6573.538026862609,1077.3533173171984,122454167.64273037
6444,6445.0,30.0,494.0,11596780.877600688,0.0,375.08759927178545,776.2307139524316,2123.7547021163086,352.12771989463727,186.62769154415776,1108.9010199320453,1272304.0755097177,6573.538026862609,1077.3533173171984,122454167.64273037
6445,6446.0,30.0,494.0,12749486.593172373,0.0,424.4875992717851,864.7867195416221,2374.839428889661,393.75865413151723,208.69208668970415,1235.4095993451745,1272304.0755097177,6573.538026862609,1077.3533173171984,122454167.64273037
6446,6447.0,30.0,494.0,12993743.74988648,0.0,473.8875992717851,956.6776396801295,2627.1862507945452,435.5988492027644,230.86739007746516,1366.682342400185,1272304.0755097177,6573.538026862609,1077.3533173171984,122454167.64273037
6447,6448.0,30.0,494.0,12993743.74988648,0.0,485.88716545199986,981.3846136326232,2695.0354609929077,446.84854186265284,236.829727187206,1401.978019475176,1272304.0755097177,6573.538026862609,1077.3533173171984,122454167.64273037
6448,6449.0,30.0,494.0,12118184.971877871,0.0,531.61316,1069.9486836199603,2938.2462326619657,487.17394026968157,258.20218834293127,1528.4981194570862,1272304.0755097177,6573.538026862609,1077.3533173171984,122454167.64273037
6449,6450.0,30.0,494.0,11209956.645406391,0.0,531.61316,1073.2532569383857,2947.3211072349854,488.67859374427684,258.99965468446675,1533.2189384834082,1272304.0755097177,6573.538026862609,1077.3533173171984,122454167.64273037
6450,6451.0,30.0,494.0,10272139.588172723,0.0,531.61316,1076.2462009735295,2955.540199113371,490.0413547448087,259.7219180147486,1537.4945728193281,1272304.0755097177,6573.538026862609,1077.3533173171984,122454167.64273037
6451,6452.0,30.0,494.0,9307872.062686542,13176.658765215898,531.61316,1076.359577004461,2962.8875514057354,491.25957754963395,260.367576101306,1537.6565385778013,1272304.0755097177,6573.538026862609,1077.3533173171984,122454167.64273037
6452,6453.0,30.0,494.0,8330326.2123875525,33260.803458705464,531.61316,1076.359577004461,2966.575974964849,491.87113413692816,260.691701092572,1537.6565385778015,1272304.0755097177,6573.538026862609,1077.3533173171984,122454167.64273037
6453,6454.0,30.0,494.0,7362742.4338462725,48162.60237794388,531.61316,1076.359577004461,2963.80873280993,491.4123134127471,260.44852610875597,1537.6565385778015,1272304.0755097177,6573.538026862609,1077.3533173171984,122454167.64273037
6454,6455.0,30.0,494.0,6408410.38603428,56170.74981415948,531.61316,1076.359577004461,2960.127696496239,490.8019816627113,260.12505028123695,1537.6565385778015,1272304.0755097177,6573.538026862609,1077.3533173171984,122454167.64273037
6455,6456.0,30.0,494.0,5470593.328800611,55587.67308365367,531.61316,1076.359577004461,2955.540199113371,490.0413547448087,259.7219180147486,1537.6565385778015,1272304.0755097177,6573.538026862609,1077.3533173171984,122454167.64273037
6456,6457.0,30.0,494.0,4552521.770158,44732.837257985026,531.61316,1076.359577004461,2950.0553383936326,489.13194110242495,259.23992878428527,1537.6565385778015,1272304.0755097177,6573.538026862609,1077.3533173171984,122454167.64273037
6457,6458.0,30.0,494.0,3660655.304600237,20245.91197189875,531.61316,1076.359577004461,2942.7761458700643,487.925019482219,258.60026032557613,1537.6565385778015,1272304.0755097177,6573.538026862609,1077.3533173171984,122454167.64273037
6458,6459.0,30.0,494.0,2798103.852369763,18981.51644920277,531.61316,1068.8788279956987,2934.6330866124836,486.5748650192383,257.8846784601963,1526.9697542795695,1272304.0755097177,6573.538026862609,1077.3533173171984,122454167.64273037
6459,6460.0,30.0,494.0,1942043.1686477996,14340.57360082417,531.61316,1068.8788279956984,2932.8300953601197,486.2759212673764,257.7262382717095,1526.9697542795693,1272304.0755097177,6573.538026862609,1077.3533173171984,122454167.64273037
6460,6461.0,30.0,494.0,1089224.6530388985,8013.030150806117,531.61316,1068.8788279956984,2931.9294931064915,486.12659751648084,257.64709668373484,1526.9697542795693,1272304.0755097177,6573.538026862609,1077.3533173171984,122454167.64273037
6461,6462.0,30.0,494.0,239646.16428102925,0.0,531.61316,1068.8788279956984,2931.0294856478713,485.9773723851716,257.56800736414095,1526.9697542795693,1272304.0755097177,6573.538026862609,1077.3533173171984,122454167.64273037
6462,6463.0,30.0,494.0,194879.85205779132,0.0,488.3150771735062,985.9127925606343,2707.470547721585,448.9103330535553,237.92247651838431,1408.446846515192,1272304.0755097177,6573.538026862609,1077.3533173171984,122454167.64273037
6463,6464.0,30.0,494.0,1063630.1888334006,56170.74981415948,438.91507717350623,882.5871373401305,2453.715922999683,406.8367181831553,215.62346063707233,1260.838767628758,1272304.0755097177,6573.538026862609,1077.3533173171984,122454167.64273037
6464,6465.0,30.0,494.0,2845294.6462671496,51315.61958520254,389.5150771735065,802.110662338981,2200.1286672613105,364.79085381449295,193.33915252168129,1145.872374769973,1272304.0755097177,6573.538026862609,1077.3533173171984,122454167.64273037
6465,6466.0,30.0,494.0,4629325.262973196,45229.59524062276,389.5150771735065,802.110662338981,2199.4714007967837,364.6818761904357,193.28139438093092,1145.872374769973,1272304.0755097177,6573.538026862609,1077.3533173171984,122454167.64273037
6466,6467.0,30.0,494.0,6418083.520907071,36684.21584067494,389.5150771735065,802.110662338981,2198.1581671223867,364.46413636436563,193.1659922731138,1145.872374769973,1272304.0755097177,6573.538026862609,1077.3533173171984,122454167.64273037
6467,6468.0,30.0,494.0,8211563.193912887,25682.720279182307,389.5150771735065,802.110662338981,2196.8466629357354,364.2466832948479,193.0507421462694,1145.872374769973,1272304.0755097177,6573.538026862609,1077.3533173171984,122454167.64273037
6468,6469.0,30.0,494.0,10007401.243488543,13454.379223292228,389.5150771735065,802.110662338981,2196.1915583330033,364.13806411683146,192.99317398192068,1145.872374769973,1272304.0755097177,6573.538026862609,1077.3533173171984,122454167.64273037
6469,6470.0,30.0,494.0,11805596.117701804,0.0,389.5150771735065,802.110662338981,2195.5368848225576,364.02951641578153,192.9356437003642,1145.872374769973,1272304.0755097177,6573.538026862609,1077.3533173171984,122454167.64273037
6470,6471.0,30.0,494.0,12864065.17751442,0.0,429.6120400000001,874.3188971471064,2401.016277711625,398.0988889432492,210.9924111399221,1249.0269959244379,1272304.0755097177,6573.538026862609,1077.3533173171984,122454167.64273037
6471,6472.0,30.0,494.0,12993743.74988648,0.0,479.01204000000007,968.2674335553036,2659.0136353340026,440.8759672884459,233.66426266287635,1383.2391907932908,1272304.0755097177,6573.538026862609,1077.3533173171984,122454167.64273037
6472,6473.0,30.0,494.0,12174165.668757278,0.0,528.41204,1064.2861530384678,2922.6960390843524,484.5956508829888,256.83569496798407,1520.4087900549541,1272304.0755097177,6573.538026862609,1077.3533173171984,122454167.64273037
6473,6474.0,30.0,494.0,11305764.900773525,0.0,528.41204,1069.2246402813125,2936.25789654395,486.84426553703776,258.02746073463004,1527.4637718304466,1272304.0755097177,6573.538026862609,1077.3533173171984,122454167.64273037
6474,6475.0,30.0,494.0,10401249.836944973,0.0,528.41204,1072.877654910458,2946.2896453897274,488.5075729068104,258.90901364060954,1532.6823641577973,1272304.0755097177,6573.538026862609,1077.3533173171984,122454167.64273037
6475,6476.0,30.0,494.0,9466988.688014546,0.0,528.41204,1075.8865155706226,2954.552446806915,489.87758113802334,259.6351180031524,1536.980736529461,1272304.0755097177,6573.538026862609,1077.3533173171984,122454167.64273037
6476,6477.0,30.0,494.0,8509467.36224176,11778.976260333107,528.41204,1075.9489604882394,2961.013607040904,490.9488694646842,260.20290081628264,1537.0699435546278,1272304.0755097177,6573.538026862609,1077.3533173171984,122454167.64273037
6477,6478.0,30.0,494.0,7531921.511942774,33974.863037247946,528.41204,1075.9489604882394,2966.5759749648482,491.8711341369281,260.69170109257186,1537.0699435546278,1272304.0755097177,6573.538026862609,1077.3533173171984,122454167.64273037
6478,6479.0,30.0,494.0,6554375.661643786,56170.74981415948,528.05636,1075.9489604882392,2966.575974964849,491.87113413692816,260.6917010925719,1537.0699435546276,1272304.0755097177,6573.538026862609,1077.3533173171984,122454167.64273037
6479,6480.0,30.0,494.0,5620380.1483724285,55711.41882596444,526.2731253348139,1075.9489604882394,2954.4786591238408,489.8653468208626,259.6286338150572,1537.0699435546278,1272304.0755097177,6573.538026862609,1077.3533173171984,122454167.64273037
6480,6481.0,30.0,494.0,4712940.222325349,41437.66865051258,526.2731253348139,1075.9489604882394,2947.1021071170967,488.6422825770351,258.9804097658286,1537.0699435546278,1272304.0755097177,6573.538026862609,1077.3533173171984,122454167.64273037
6481,6482.0,30.0,494.0,3854909.6839285176,1460.7778507713228,526.2731253348135,1075.9489604882394,2933.3772772142556,486.3666463866534,257.7743225849263,1537.0699435546278,1272304.0755097177,6573.538026862609,1077.3533173171984,122454167.64273037
6482,6483.0,30.0,494.0,3045796.126255039,13291.074574345723,526.2731253348135,1060.9273154844025,2919.7892270133184,484.1136888627445,256.58025509725456,1515.6104506920037,1272304.0755097177,6573.538026862609,1077.3533173171984,122454167.64273037
6483,6484.0,30.0,494.0,2256113.1324899867,15013.44362872839,526.2731253348135,1060.9273154844025,2914.3918481498663,483.21878009069985,256.1059534480709,1515.6104506920037,1272304.0755097177,6573.538026862609,1077.3533173171984,122454167.64273037
6484,6485.0,30.0,494.0,1479340.9588650763,10019.505490922369,526.2731253348135,1060.9273154844025,2910.8055092220497,482.62414957703317,255.7907992758276,1515.6104506920037,1272304.0755097177,6573.538026862609,1077.3533173171984,122454167.64273037
6485,6486.0,30.0,494.0,712229.4803724075,0.0,526.2731253348135,1060.9273154844025,2908.1219827964264,482.17920928303874,255.55498092001054,1515.6104506920037,1272304.0755097177,6573.538026862609,1077.3533173171984,122454167.64273037
6486,6487.0,30.0,494.0,0.0,0.0,523.3034628141578,1053.4276827344056,2892.876983318576,479.65152239877614,254.21530687135137,1504.8966896205795,1272304.0755097177,6573.538026862609,1077.3533173171984,122454167.64273037
6487,6488.0,30.0,494.0,203622.2979465834,0.0,473.9034628141578,960.7879159587793,2638.473711563301,437.47035904330374,231.859290292951,1372.5541656553992,1272304.0755097177,6573.538026862609,1077.3533173171984,122454167.64273037
6488,6489.0,30.0,494.0,1327670.4882845664,56170.74981415948,424.50346281415784,856.7633805137316,2382.7998525656953,395.07852682474487,209.3916192171148,1223.947686448188,1272304.0755097177,6573.538026862609,1077.3533173171984,122454167.64273037
6489,6490.0,30.0,494.0,3370322.1125598233,51801.20789352758,375.1034628141578,775.6170030809079,2127.6322320275585,352.77063113344985,186.96843450072842,1108.0242901155827,1272304.0755097177,6573.538026862609,1077.3533173171984,122454167.64273037
6490,6491.0,30.0,494.0,5417535.476675134,45058.61408586614,375.1034628141578,775.6170030809079,2126.365082071988,352.56053218738276,186.8570820593129,1108.0242901155827,1272304.0755097177,6573.538026862609,1077.3533173171984,122454167.64273037
6491,6492.0,30.0,494.0,7471580.1787489625,34762.30612488091,375.1034628141578,775.6170030809079,2124.467488194622,352.24590291091454,186.69032854278473,1108.0242901155827,1272304.0755097177,6573.538026862609,1077.3533173171984,122454167.64273037
6492,6493.0,30.0,494.0,9534712.35304423,19738.625744697638,375.1034628141578,775.6170030809079,2121.943190355333,351.8273634055762,186.4685026049554,1108.0242901155827,1272304.0755097177,6573.538026862609,1077.3533173171984,122454167.64273037
6493,6494.0,30.0,494.0,11606908.110917483,0.0,375.1034628141578,775.6170030809079,2119.4255282503373,351.40992413369895,186.24725979086045,1108.0242901155827,1272304.0755097177,6573.538026862609,1077.3533173171984,122454167.64273037
6494,6495.0,30.0,494.0,12767022.616963789,0.0,424.50346281415784,864.037309388248,2372.7814315356004,393.41742926448694,208.5112375101781,1234.3390134117828,1272304.0755097177,6573.538026862609,1077.3533173171984,122454167.64273037
6495,6496.0,30.0,494.0,12993743.74988648,0.0,473.9034628141578,958.4514345153485,2632.0573685143822,436.40650159986825,231.29544584793018,1369.2163350219266,1272304.0755097177,6573.538026862609,1077.3533173171984,122454167.64273037
6496,6497.0,30.0,494.0,12281514.269514075,0.0,523.3034628141578,1053.4276827344056,2892.876983318576,479.65152239877614,254.21530687135137,1504.8966896205795,1272304.0755097177,6573.538026862609,1077.3533173171984,122454167.64273037
6497,6498.0,30.0,494.0,11462408.473677957,0.0,526.81148,1064.2383806800594,2922.5648487251624,484.5738989537252,256.82416644547436,1520.3405438286563,1272304.0755097177,6573.538026862609,1077.3533173171984,122454167.64273037
6498,6499.0,30.0,494.0,10597615.378315806,0.0,526.81148,1068.8597188407696,2935.2557652601718,486.67810783358914,257.93939715180227,1526.9424554868137,1272304.0755097177,6573.538026862609,1077.3533173171984,122454167.64273037
6499,6500.0,30.0,494.0,9696624.500751313,0.0,526.81148,1072.5211782388997,2945.3107047608223,488.3452603142944,258.8229879665761,1532.1731117698566,1272304.0755097177,6573.538026862609,1077.3533173171984,122454167.64273037
6500,6501.0,30.0,494.0,8779091.75291577,4324.7538666425635,526.81148,1073.3534886069533,2949.9056687250027,489.1071252236893,259.22677636855536,1533.362126581362,1272304.0755097177,6573.538026862609,1077.3533173171984,122454167.64273037
6501,6502.0,30.0,494.0,7848285.491944658,15554.490590330586,526.81148,1073.3534886069533,2953.5927557071054,489.7184602007313,259.5507839063876,1533.362126581362,1272304.0755097177,6573.538026862609,1077.3533173171984,122454167.64273037
6502,6503.0,30.0,494.0,6907500.658707282,31975.15677878177,526.81148,1073.3534886069533,2956.3645813366234,490.1780408848352,259.7943616689627,1533.362126581362,1272304.0755097177,6573.538026862609,1077.3533173171984,122454167.64273037
6503,6504.0,30.0,494.0,5966715.8254699055,48395.82296722849,526.81148,1073.3534886069533,2956.3645813366234,490.1780408848352,259.7943616689627,1533.362126581362,1272304.0755097177,6573.538026862609,1077.3533173171984,122454167.64273037
6504,6505.0,30.0,494.0,5042550.777841305,56170.74981415948,526.81148,1073.3534886069533,2951.7479742230744,489.412587447617,259.388671347237,1533.362126581362,1272304.0755097177,6573.538026862609,1077.3533173171984,122454167.64273037
6505,6506.0,30.0,494.0,4167911.944841571,38181.7617507102,526.81148,1073.3534886069533,2937.990692381723,487.13157058539855,258.17973241026124,1533.362126581362,1272304.0755097177,6573.538026862609,1077.3533173171984,122454167.64273037
6506,6507.0,30.0,494.0,3361781.7130555827,0.0,526.81148,1070.350114568288,2918.9605253779046,483.9762865454898,256.5074318691096,1529.0715922404117,1272304.0755097177,6573.538026862609,1077.3533173171984,122454167.64273037
6507,6508.0,30.0,494.0,2578276.0448574536,5443.836437393911,526.81148,1059.578851176497,2912.6759243812767,482.9342725044215,255.9551644273434,1513.6840731092816,1272304.0755097177,6573.538026862609,1077.3533173171984,122454167.64273037
6508,6509.0,30.0,494.0,1807651.6909459475,4186.714852832146,526.81148,1059.5788511764968,2909.0977815238816,482.34100093469823,255.64073049539007,1513.6840731092811,1272304.0755097177,6573.538026862609,1077.3533173171984,122454167.64273037
6509,6510.0,30.0,494.0,1037027.3370344415,2929.593268273883,526.81148,1059.5788511764968,2909.0977815238816,482.34100093469823,255.64073049539007,1513.6840731092811,1272304.0755097177,6573.538026862609,1077.3533173171984,122454167.64273037
6510,6511.0,30.0,494.0,269617.9910849016,0.0,526.81148,1059.5788511764968,2908.2047237566685,482.1929280922981,255.56225188891798,1513.6840731092811,1272304.0755097177,6573.538026862609,1077.3533173171984,122454167.64273037
6511,6512.0,30.0,494.0,434600.3747521173,52816.21279270016,477.41148,954.4265814872202,2649.2070210853476,439.2499882091181,232.8024937508326,1363.4665449817433,1272304.0755097177,6573.538026862609,1077.3533173171984,122454167.64273037
6512,6513.0,30.0,494.0,1535434.9154452235,56170.74981415948,428.01148,869.3812947854618,2389.248088578156,396.1476722595484,209.95826629756067,1241.9732782649455,1272304.0755097177,6573.538026862609,1077.3533173171984,122454167.64273037
6513,6514.0,30.0,494.0,2646584.2995220013,54159.42656864576,428.01148,869.3812947854618,2386.3828543049135,395.6726040181007,209.70648012959336,1241.9732782649455,1272304.0755097177,6573.538026862609,1077.3533173171984,122454167.64273037
6514,6515.0,30.0,494.0,3765452.062695142,48132.9435986263,428.01148,869.3812947854618,2384.23886011148,395.3171205029617,209.51807386656975,1241.9732782649455,1272304.0755097177,6573.538026862609,1077.3533173171984,122454167.64273037
6515,6516.0,30.0,494.0,4892023.037568172,38099.19109953119,428.01148,869.3812947854618,2382.0990790837322,394.9623355489254,209.33003784093052,1241.9732782649455,1272304.0755097177,6573.538026862609,1077.3533173171984,122454167.64273037
6516,6517.0,30.0,494.0,6023721.082640102,25398.297545266752,428.01148,869.3812947854618,2380.6748929173714,394.7261993195548,209.20488563936405,1241.9732782649455,1272304.0755097177,6573.538026862609,1077.3533173171984,122454167.64273037
6517,6518.0,30.0,494.0,7160539.489890827,10033.752499092187,428.01148,869.3812947854618,2379.2525700899287,394.49037203984,209.0798971811152,1241.9732782649455,1272304.0755097177,6573.538026862609,1077.3533173171984,122454167.64273037
6518,6519.0,30.0,494.0,8287110.464763857,0.0,428.01148,869.3812947854618,2382.0990790837322,394.9623355489254,209.33003784093052,1241.9732782649455,1272304.0755097177,6573.538026862609,1077.3533173171984,122454167.64273037
6519,6520.0,30.0,494.0,8457887.310129104,0.0,477.41148,964.1102822398819,2647.59744839145,438.9831140912447,232.66105046835972,1377.3004031998314,1272304.0755097177,6573.538026862609,1077.3533173171984,122454167.64273037
6520,6521.0,30.0,494.0,7661466.174171627,0.0,526.81148,1061.943793662498,2916.2635543144297,483.52911707235955,256.2704320483506,1517.062562374997,1272304.0755097177,6573.538026862609,1077.3533173171984,122454167.64273037
6521,6522.0,30.0,494.0,6796673.0788094755,0.0,526.81148,1068.8597188407696,2935.2557652601718,486.67810783358914,257.93939715180227,1526.9424554868137,1272304.0755097177,6573.538026862609,1077.3533173171984,122454167.64273037
6522,6523.0,30.0,494.0,5882453.143895367,0.0,526.81148,1073.8593170257009,2948.9854429134934,488.95454780197855,259.14591033504865,1534.0847386081443,1272304.0755097177,6573.538026862609,1077.3533173171984,122454167.64273037
6523,6524.0,30.0,494.0,4928332.181981718,4903.333138846262,526.81148,1076.941939243684,2960.069061524477,490.7922597306576,260.11989765724854,1538.4884846338346,1272304.0755097177,6573.538026862609,1077.3533173171984,122454167.64273037
6524,6525.0,30.0,494.0,3950786.3316827305,21992.47203061688,526.81148,1076.941939243684,2966.575974964849,491.87113413692816,260.6917010925719,1538.4884846338343,1272304.0755097177,6573.538026862609,1077.3533173171984,122454167.64273037
6525,6526.0,30.0,494.0,2973240.4813837446,39081.610922388216,526.1001200000001,1076.941939243684,2966.5759749648482,491.87113413692805,260.6917010925719,1538.4884846338343,1272304.0755097177,6573.538026862609,1077.3533173171984,122454167.64273037
6526,6527.0,30.0,494.0,1995694.631084757,56170.74981415948,525.92228,1076.941939243684,2966.575974964849,491.8711341369282,260.6917010925719,1538.4884846338343,1272304.0755097177,6573.538026862609,1077.3533173171984,122454167.64273037
6527,6528.0,30.0,494.0,1597862.8021184523,0.0,495.7411620035974,1032.5479838759325,2805.5443023724365,465.17138597661517,246.54083456760605,1475.0685483941893,1272304.0755097177,6573.538026862609,1077.3533173171984,122454167.64273037
6528,6529.0,30.0,494.0,1218957.1466127075,0.0,495.7411620035975,1019.7114830966382,2800.2870319667254,464.2997077931659,246.07884513037794,1456.7306901380546,1272304.0755097177,6573.538026862609,1077.3533173171984,122454167.64273037
6529,6530.0,30.0,494.0,905694.3847664036,16835.589390266687,495.74116200359725,1009.7980201433634,2782.052894839103,461.27640895145055,244.47649674426881,1442.5686002048049,1272304.0755097177,6573.538026862609,1077.3533173171984,122454167.64273037
6530,6531.0,30.0,494.0,657158.0448514074,0.0,495.74116200359725,1009.7980201433634,2764.073333191518,458.295319825969,242.89651950776357,1442.5686002048049,1272304.0755097177,6573.538026862609,1077.3533173171984,122454167.64273037
6531,6532.0,30.0,494.0,426949.31735070253,0.0,495.74116200359725,1004.6705681180997,2758.982329743103,457.4512094235389,242.44914099447564,1435.2436687401425,1272304.0755097177,6573.538026862609,1077.3533173171984,122454167.64273037
6532,6533.0,30.0,494.0,208918.51673523357,0.0,495.7411620035973,1003.4387527379637,2755.5995722749835,456.8903335968634,242.1518768063376,1433.4839324828054,1272304.0755097177,6573.538026862609,1077.3533173171984,122454167.64273037
6533,6534.0,30.0,494.0,0.0,0.0,495.74116200359737,1002.5170316981159,2753.0683823082504,456.4706513469701,241.92944521389416,1432.1671881401658,1272304.0755097177,6573.538026862609,1077.3533173171984,122454167.64273037
6534,6535.0,30.0,494.0,19410.348155880336,0.0,483.7144636556658,979.421228105879,2689.643697616274,445.95456416262306,236.35591900619022,1399.1731830083986,1272304.0755097177,6573.538026862609,1077.3533173171984,122454167.64273037
6535,6536.0,30.0,494.0,954430.5524654277,56170.74981415948,434.31446365566575,875.8838418747177,2435.307626462477,403.78454295767784,214.00580776756928,1251.2626312495968,1272304.0755097177,6573.538026862609,1077.3533173171984,122454167.64273037
6536,6537.0,30.0,494.0,2806804.350090755,47864.699175151065,384.91446365566634,795.629319926694,2180.4871838747613,361.53421087293196,191.61313176265395,1136.6133141809917,1272304.0755097177,6573.538026862609,1077.3533173171984,122454167.64273037
6537,6538.0,30.0,494.0,4661525.639264863,38337.46551279118,384.91446365566634,795.629319926694,2179.835102888989,361.4260930236917,191.55582930255662,1136.6133141809917,1272304.0755097177,6573.538026862609,1077.3533173171984,122454167.64273037
6538,6539.0,30.0,494.0,6518592.86960716,27589.85534689855,384.91446365566634,795.629319926694,2179.1834525644917,361.31804657995457,191.49856468737593,1136.6133141809917,1272304.0755097177,6573.538026862609,1077.3533173171984,122454167.64273037
6539,6540.0,30.0,494.0,8380347.337283599,14403.908539550845,384.91446365566634,795.629319926694,2177.8814421938937,361.1021676262218,191.38414884189754,1136.6133141809917,1272304.0755097177,6573.538026862609,1077.3533173171984,122454167.64273037
6540,6541.0,30.0,494.0,10244443.104190733,0.0,384.91446365566634,795.629319926694,2177.2310812964815,360.99433497507516,191.32699753678983,1136.6133141809917,1272304.0755097177,6573.538026862609,1077.3533173171984,122454167.64273037
6541,6542.0,30.0,494.0,12080850.102977578,0.0,386.54414272346344,795.629319926694,2184.9224057743395,362.26958985675196,192.00288262407855,1136.6133141809917,1272304.0755097177,6573.538026862609,1077.3533173171984,122454167.64273037
6542,6543.0,30.0,494.0,12993743.74988648,0.0,435.9441427234635,889.044066239881,2441.453892407101,404.8036204484963,214.54591883770306,1270.0629517712587,1272304.0755097177,6573.538026862609,1077.3533173171984,122454167.64273037
6543,6544.0,30.0,494.0,12920296.685986899,0.0,485.3441427234634,988.8138931635318,2715.4374231872353,450.2312754814207,238.62257600515298,1412.5912759479027,1272304.0755097177,6573.538026862609,1077.3533173171984,122454167.64273037
6544,6545.0,30.0,494.0,12105955.55210196,0.0,521.83196,1063.7564280515107,2921.2413315165018,484.35445407317354,256.707860658782,1519.652040073587,1272304.0755097177,6573.538026862609,1077.3533173171984,122454167.64273037
6545,6546.0,30.0,494.0,11205689.50980748,0.0,521.83196,1072.4478600754646,2945.1093616302633,488.31187675196037,258.805294678539,1532.068371536378,1272304.0755097177,6573.538026862609,1077.3533173171984,122454167.64273037
6546,6547.0,30.0,494.0,10228143.659508495,18013.191954986076,521.83196,1076.76226225917,2966.5759749648482,491.87113413692816,260.6917010925719,1538.2318032273856,1272304.0755097177,6573.538026862609,1077.3533173171984,122454167.64273037
6547,6548.0,30.0,494.0,9250597.809209507,36026.38390996981,519.87572,1076.76226225917,2966.5759749648487,491.8711341369281,260.6917010925719,1538.2318032273859,1272304.0755097177,6573.538026862609,1077.3533173171984,122454167.64273037
6548,6549.0,30.0,494.0,8279845.4530002475,50505.54838105448,519.87572,1076.7622622591703,2964.6888932732577,491.55824782635153,260.5258713479663,1538.231803227386,1272304.0755097177,6573.538026862609,1077.3533173171984,122454167.64273037
6549,6550.0,30.0,494.0,7326036.260385044,56170.74981415948,519.87572,1076.7622622591703,2959.9824589415757,490.7779006476507,260.1122873432549,1538.231803227386,1272304.0755097177,6573.538026862609,1077.3533173171984,122454167.64273037
6550,6551.0,30.0,494.0,6392482.696302827,51298.8186622113,519.87572,1076.7622622591703,2954.35589546019,489.84499207418486,259.617845799318,1538.231803227386,1272304.0755097177,6573.538026862609,1077.3533173171984,122454167.64273037
6551,6552.0,30.0,494.0,6423260.208910335,0.0,470.47572,988.2461928447464,2686.4861519352667,445.43102942482665,236.07844559515814,1411.7802754924949,1272304.0755097177,6573.538026862609,1077.3533173171984,122454167.64273037
6552,6553.0,30.0,494.0,6551426.290570509,10531.415809821337,467.0822812070074,966.3726489394462,2659.433771642859,440.94562770654176,233.70118268446714,1380.5323556277804,1272304.0755097177,6573.538026862609,1077.3533173171984,122454167.64273037
6553,6554.0,30.0,494.0,6747788.322911667,50063.41274003964,467.0822812070074,953.8355254203035,2640.4904520092527,437.80474333643537,232.03651396831074,1362.6221791718622,1272304.0755097177,6573.538026862609,1077.3533173171984,122454167.64273037
6554,6555.0,30.0,494.0,7008402.891549746,56170.74981415948,467.08228120700744,953.8355254203035,2622.6425252601084,434.8454798467489,230.46810431877694,1362.6221791718622,1272304.0755097177,6573.538026862609,1077.3533173171984,122454167.64273037
6555,6556.0,30.0,494.0,7286377.668800145,53247.17384826485,467.08228120700744,953.8355254203035,2617.8202450900185,434.0459249267317,230.0443402111678,1362.6221791718622,1272304.0755097177,6573.538026862609,1077.3533173171984,122454167.64273037
6556,6557.0,30.0,494.0,7567239.079298621,48821.949231485836,467.08228120700744,953.8355254203035,2617.018402521109,433.9129759589327,229.97387725823432,1362.6221791718622,1272304.0755097177,6573.538026862609,1077.3533173171984,122454167.64273037
6557,6558.0,30.0,494.0,7845213.856549021,45898.37326559145,467.08228120700744,953.8355254203035,2617.8202450900185,434.0459249267317,230.0443402111678,1362.6221791718622,1272304.0755097177,6573.538026862609,1077.3533173171984,122454167.64273037
6558,6559.0,30.0,494.0,8123188.633799432,42974.797299697064,467.08228120700744,953.8355254203035,2617.8202450900185,434.0459249267317,230.0443402111678,1362.6221791718622,1272304.0755097177,6573.538026862609,1077.3533173171984,122454167.64273037
6559,6560.0,30.0,494.0,8404050.044297908,38549.57268291805,467.08228120700744,953.8355254203035,2617.018402521109,433.9129759589327,229.97387725823432,1362.6221791718622,1272304.0755097177,6573.538026862609,1077.3533173171984,122454167.64273037
6560,6561.0,30.0,494.0,8684911.454796383,34124.34806614183,467.08228120700744,953.8355254203035,2617.018402521109,433.9129759589327,229.97387725823432,1362.6221791718622,1272304.0755097177,6573.538026862609,1077.3533173171984,122454167.64273037
6561,6562.0,30.0,494.0,8965772.865294859,29699.123449362814,467.08228120700744,953.8355254203035,2617.018402521109,433.9129759589327,229.97387725823432,1362.6221791718622,1272304.0755097177,6573.538026862609,1077.3533173171984,122454167.64273037
6562,6563.0,30.0,494.0,9249518.989914611,23773.248526109383,467.08228120700744,953.8355254203035,2616.2170930429766,433.78011537989147,229.9034611513425,1362.6221791718622,1272304.0755097177,6573.538026862609,1077.3533173171984,122454167.64273037
6563,6564.0,30.0,494.0,9533265.114534363,17847.37360285595,467.08228120700744,953.8355254203035,2616.2170930429766,433.78011537989147,229.9034611513425,1362.6221791718622,1272304.0755097177,6573.538026862609,1077.3533173171984,122454167.64273037
6564,6565.0,30.0,494.0,9819894.0360618,10421.845722272992,467.08228120700744,953.8355254203035,2615.4163161241754,433.6473431014919,229.83309184379073,1362.6221791718622,1272304.0755097177,6573.538026862609,1077.3533173171984,122454167.64273037
6565,6566.0,30.0,494.0,10112282.807403974,0.0,467.08228120700744,953.8355254203035,2613.8163578422996,433.3820630947369,229.69249344021057,1362.6221791718622,1272304.0755097177,6573.538026862609,1077.3533173171984,122454167.64273037
6566,6567.0,30.0,494.0,10298811.30555267,0.0,472.7876400000001,962.5169791806599,2643.221989284936,438.2576440371308,232.27655133967932,1375.0242559723713,1272304.0755097177,6573.538026862609,1077.3533173171984,122454167.64273037
6567,6568.0,30.0,494.0,9507224.128064232,0.0,522.1876400000001,1061.4548315883108,2914.9207880730296,483.30648061888195,256.15243472800745,1516.3640451261583,1272304.0755097177,6573.538026862609,1077.3533173171984,122454167.64273037
6568,6569.0,30.0,494.0,8650027.53784081,0.0,522.1876400000001,1068.0913210704957,2933.145624943858,486.32823743777516,257.7539658420208,1525.8447443864225,1272304.0755097177,6573.538026862609,1077.3533173171984,122454167.64273037
6569,6570.0,30.0,494.0,7712924.669089761,0.0,522.1876400000001,1076.173959748443,2955.3418134237545,490.008461538981,259.70448461565996,1537.3913710692043,1272304.0755097177,6573.538026862609,1077.3533173171984,122454167.64273037
6570,6571.0,30.0,494.0,6735378.818790773,15100.913577530915,522.1876400000001,1077.3285386103419,2966.5759749648487,491.87113413692816,260.6917010925719,1539.0407694433457,1272304.0755097177,6573.538026862609,1077.3533173171984,122454167.64273037
6571,6572.0,30.0,494.0,5757832.968491787,30201.82715506183,521.83196,1077.3285386103419,2966.5759749648482,491.87113413692816,260.6917010925719,1539.0407694433457,1272304.0755097177,6573.538026862609,1077.3533173171984,122454167.64273037
6572,6573.0,30.0,494.0,4780287.118192801,45302.74073259274,521.83196,1077.3285386103419,2966.5759749648482,491.87113413692816,260.6917010925719,1539.0407694433457,1272304.0755097177,6573.538026862609,1077.3533173171984,122454167.64273037
6573,6574.0,30.0,494.0,3812889.877659885,55124.27003997285,521.83196,1077.3285386103419,2963.7569166964954,491.4037220769119,260.4439727007633,1539.0407694433457,1272304.0755097177,6573.538026862609,1077.3533173171984,122454167.64273037
6574,6575.0,30.0,494.0,2862360.996926775,56170.74981415948,521.83196,1077.3285386103419,2959.071261196549,490.6268201184307,260.0322146627683,1539.0407694433457,1272304.0755097177,6573.538026862609,1077.3533173171984,122454167.64273037
6575,6576.0,30.0,494.0,1935351.7325096335,44982.14564279746,521.83196,1077.3285386103419,2952.5380344421137,489.5435828508208,259.45809891093506,1539.0407694433457,1272304.0755097177,6573.538026862609,1077.3533173171984,122454167.64273037
6576,6577.0,30.0,494.0,1045077.1331598815,14683.888287767768,521.83196,1077.3285386103419,2942.3339608122833,487.8517032861382,258.5614027416533,1539.0407694433457,1272304.0755097177,6573.538026862609,1077.3533173171984,122454167.64273037
6577,6578.0,30.0,494.0,227458.8987970855,0.0,521.83196,1066.9431121294451,2922.1516372047954,484.505386695527,256.78785494862933,1524.2044458992073,1272304.0755097177,6573.538026862609,1077.3533173171984,122454167.64273037
6578,6579.0,30.0,494.0,147357.30076284707,10399.38043744769,486.02527362875605,987.4649074168507,2717.285904891307,450.53776174703,238.78501372592592,1410.6641534526439,1272304.0755097177,6573.538026862609,1077.3533173171984,122454167.64273037
6579,6580.0,30.0,494.0,94253.16713538021,6754.473804211244,486.02527362875605,987.4649074168507,2709.786609222759,449.2943460729175,238.1260034186463,1410.6641534526439,1272304.0755097177,6573.538026862609,1077.3533173171984,122454167.64273037
6580,6581.0,30.0,494.0,47126.58356769042,0.0,486.02527362875617,987.4649074168507,2708.1261786505997,449.01903949874713,237.980090934336,1410.6641534526439,1272304.0755097177,6573.538026862609,1077.3533173171984,122454167.64273037
6581,6582.0,30.0,494.0,0.0,0.0,486.02527362875617,986.1515375104763,2708.1261786505993,449.01903949874713,237.980090934336,1408.787910729252,1272304.0755097177,6573.538026862609,1077.3533173171984,122454167.64273037
6582,6583.0,30.0,494.0,860193.8038988587,56170.74981415948,436.6252736287562,883.4526433410743,2456.0927376876693,407.2308043437928,215.8323263022102,1262.0752047729634,1272304.0755097177,6573.538026862609,1077.3533173171984,122454167.64273037
6583,6584.0,30.0,494.0,2631905.3789819665,52590.64475935884,387.2252736287562,802.8694896001687,2202.8933568031557,365.2492513043802,193.58210319132152,1146.9564137145267,1272304.0755097177,6573.538026862609,1077.3533173171984,122454167.64273037
6584,6585.0,30.0,494.0,4406003.7053886205,47768.93344667787,387.2252736287562,802.8694896001687,2202.230370324391,365.1393252772097,193.52384239692117,1146.9564137145267,1272304.0755097177,6573.538026862609,1077.3533173171984,122454167.64273037
6585,6586.0,30.0,494.0,6184870.781973808,40466.4818886728,387.2252736287562,802.8694896001687,2200.905717497022,364.91969210616196,193.40743681626586,1146.9564137145267,1272304.0755097177,6573.538026862609,1077.3533173171984,122454167.64273037
6586,6587.0,30.0,494.0,7970879.12628948,29449.088344111107,387.2252736287562,802.8694896001687,2198.922032016337,364.5907884693127,193.23311788873573,1146.9564137145267,1272304.0755097177,6573.538026862609,1077.3533173171984,122454167.64273037
6587,6588.0,30.0,494.0,9761640.429067254,15959.169525646605,387.2252736287562,802.8694896001687,2197.6017657768593,364.37188261351974,193.11709778516547,1146.9564137145267,1272304.0755097177,6573.538026862609,1077.3533173171984,122454167.64273037
6588,6589.0,30.0,494.0,11557148.39557691,0.0,387.2252736287562,802.8694896001687,2196.283248073559,364.15326667259154,193.00123133647352,1146.9564137145267,1272304.0755097177,6573.538026862609,1077.3533173171984,122454167.64273037
6589,6590.0,30.0,494.0,12675874.562645711,0.0,423.809568557491,868.2238013085278,2384.278192362685,395.3236419604169,209.521530239021,1240.3197161550397,1272304.0755097177,6573.538026862609,1077.3533173171984,122454167.64273037
6590,6591.0,30.0,494.0,12874937.403055977,0.0,473.2095685574911,961.2491118561799,2639.7402275456116,437.6803528738608,231.97058702314624,1373.2130169374,1272304.0755097177,6573.538026862609,1077.3533173171984,122454167.64273037
6591,6592.0,30.0,494.0,12091750.513547068,0.0,522.609568557493,1060.605129990635,2912.5873747453825,482.91959059160274,255.94738301354946,1515.1501857009073,1272304.0755097177,6573.538026862609,1077.3533173171984,122454167.64273037
6592,6593.0,30.0,494.0,11249704.642958567,0.0,522.609568557493,1066.5588032912126,2928.937091711936,485.6304444160195,257.3841355404903,1523.655433273161,1272304.0755097177,6573.538026862609,1077.3533173171984,122454167.64273037
6593,6594.0,30.0,494.0,10331407.020574676,0.0,522.609568557493,1074.2717811657803,2950.1181338773217,489.1423528653603,259.24544701864096,1534.6739730939719,1272304.0755097177,6573.538026862609,1077.3533173171984,122454167.64273037
6594,6595.0,30.0,494.0,9355982.416727802,13869.991630967706,522.609568557493,1077.3533173171984,2965.986739839261,491.77343640326416,260.63992129373,1539.0761675959977,1272304.0755097177,6573.538026862609,1077.3533173171984,122454167.64273037
6595,6596.0,30.0,494.0,8378436.566428814,28843.47185894847,521.47628,1077.3533173171984,2966.575974964849,491.8711341369282,260.691701092572,1539.0761675959977,1272304.0755097177,6573.538026862609,1077.3533173171984,122454167.64273037
6596,6597.0,30.0,494.0,7400890.716129826,43816.952086931095,521.47628,1077.3533173171984,2966.575974964849,491.8711341369282,260.691701092572,1539.0761675959977,1272304.0755097177,6573.538026862609,1077.3533173171984,122454167.64273037
6597,6598.0,30.0,494.0,6433500.390519813,53507.45084908418,521.47628,1077.3533173171984,2963.754995884578,491.4034035979839,260.44380390693146,1539.0761675959977,1272304.0755097177,6573.538026862609,1077.3533173171984,122454167.64273037
6598,6599.0,30.0,494.0,5479618.516812416,56170.74981415948,521.47628,1077.3533173171984,2960.0026481338514,490.78124810309623,260.114061494641,1539.0761675959977,1272304.0755097177,6573.538026862609,1077.3533173171984,122454167.64273037
6599,6600.0,30.0,494.0,4545930.523788067,48329.03789707553,521.47628,1077.3533173171984,2954.3932368330047,489.8511834353877,259.6211272207555,1539.0761675959977,1272304.0755097177,6573.538026862609,1077.3533173171984,122454167.64273037
6600,6601.0,30.0,494.0,3649051.75062315,21338.88882438466,521.47628,1077.3533173171984,2944.168453538718,488.15587011871975,258.72261116292145,1539.0761675959977,1272304.0755097177,6573.538026862609,1077.3533173171984,122454167.64273037
6601,6602.0,30.0,494.0,2828259.375913389,0.0,521.47628,1068.5582090190364,2923.03334285673,484.6515773080891,256.86533597328724,1526.5117271700522,1272304.0755097177,6573.538026862609,1077.3533173171984,122454167.64273037
6602,6603.0,30.0,494.0,2075918.389312517,8397.889188367873,521.47628,1055.8520982291795,2904.0190683820388,481.4989283182826,255.19443200868974,1508.3601403273994,1272304.0755097177,6573.538026862609,1077.3533173171984,122454167.64273037
6603,6604.0,30.0,494.0,1346182.087581776,5036.6487534798325,521.47628,1055.8520982291795,2897.739989251447,480.45782982649814,254.642649808044,1508.3601403273994,1272304.0755097177,6573.538026862609,1077.3533173171984,122454167.64273037
6604,6605.0,30.0,494.0,619666.4389337003,0.0,521.47628,1055.8520982291795,2896.8453633951513,480.3094969881424,254.5640334037155,1508.3601403273994,1272304.0755097177,6573.538026862609,1077.3533173171984,122454167.64273037
6605,6606.0,30.0,494.0,0.0,0.0,515.5519246292359,1044.0647937015717,2867.16502736338,475.3883688361202,251.95583548314372,1491.5211338593883,1272304.0755097177,6573.538026862609,1077.3533173171984,122454167.64273037
6606,6607.0,30.0,494.0,298146.70391166053,0.0,466.15192462923596,951.2266319928498,2612.216932128558,433.1168713900831,229.55194183674405,1358.8951885612141,1272304.0755097177,6573.538026862609,1077.3533173171984,122454167.64273037
6607,6608.0,30.0,494.0,1514106.5506686764,56170.74981415948,416.751924629236,847.4663800424859,2357.268836893736,390.84537394404606,207.1480481903444,1210.6662572035514,1272304.0755097177,6573.538026862609,1077.3533173171984,122454167.64273037
6608,6609.0,30.0,494.0,3647879.540271055,43897.63040853804,367.351924629236,767.9367484598328,2102.320741658914,348.573876498009,184.74415454394477,1097.052497799761,1272304.0755097177,6573.538026862609,1077.3533173171984,122454167.64273037
6609,6610.0,30.0,494.0,5783921.30633337,30444.276169654913,367.351924629236,767.9367484598328,2101.690525975598,348.4693840105354,184.68877352558377,1097.052497799761,1272304.0755097177,6573.538026862609,1077.3533173171984,122454167.64273037
6610,6611.0,30.0,494.0,7922230.341001157,15811.471494916826,367.351924629236,767.9367484598328,2101.0607291407446,348.36496096994944,184.6334293140732,1097.052497799761,1272304.0755097177,6573.538026862609,1077.3533173171984,122454167.64273037
6611,6612.0,30.0,494.0,10062805.137922667,0.0,367.351924629236,767.9367484598328,2100.4313507369325,348.2606073070408,184.57812187273163,1097.052497799761,1272304.0755097177,6573.538026862609,1077.3533173171984,122454167.64273037
6612,6613.0,30.0,494.0,11955495.289345339,0.0,380.8337455207997,789.9361954965052,2169.2881967088324,359.6773703385999,190.62900627945797,1128.4802792807218,1272304.0755097177,6573.538026862609,1077.3533173171984,122454167.64273037
6613,6614.0,30.0,494.0,12934241.54877513,0.0,430.23374552079974,882.38297673837,2423.1615000401875,401.77066263601415,212.93845119708752,1260.547109626243,1272304.0755097177,6573.538026862609,1077.3533173171984,122454167.64273037
6614,6615.0,30.0,494.0,12993743.74988648,0.0,479.6337455207999,975.3658776711018,2678.507071795311,444.10806340914723,235.37727360684804,1393.3798252444312,1272304.0755097177,6573.538026862609,1077.3533173171984,122454167.64273037
6615,6616.0,30.0,494.0,12993743.74988648,0.0,479.6337455207999,981.3846136326232,2695.0354609929077,446.84854186265284,236.829727187206,1401.978019475176,1272304.0755097177,6573.538026862609,1077.3533173171984,122454167.64273037
6616,6617.0,30.0,494.0,12159996.78470677,0.0,520.76492,1065.7193566910496,2926.631840209494,485.2482237412261,257.18155858284985,1522.4562238443566,1272304.0755097177,6573.538026862609,1077.3533173171984,122454167.64273037
6617,6618.0,30.0,494.0,11246507.381926188,0.0,520.76492,1073.785422616066,2948.782517320847,488.9209018605826,259.1280779861088,1533.9791751658086,1272304.0755097177,6573.538026862609,1077.3533173171984,122454167.64273037
6618,6619.0,30.0,494.0,10268961.5316272,18723.583271386036,520.76492,1076.6241306143145,2966.575974964849,491.8711341369282,260.6917010925719,1538.0344723061635,1272304.0755097177,6573.538026862609,1077.3533173171984,122454167.64273037
6619,6620.0,30.0,494.0,9291415.681328213,37447.16654277298,519.6978799999999,1076.6241306143145,2966.5759749648487,491.8711341369281,260.6917010925719,1538.0344723061637,1272304.0755097177,6573.538026862609,1077.3533173171984,122454167.64273037
6620,6621.0,30.0,494.0,8313869.831029225,56170.74981415948,519.6978799999999,1076.6241306143145,2966.5759749648487,491.8711341369281,260.6917010925719,1538.0344723061637,1272304.0755097177,6573.538026862609,1077.3533173171984,122454167.64273037
6621,6622.0,30.0,494.0,7576196.673032474,0.0,507.6726315560755,1066.9234387337972,2899.944671547561,480.82337569168163,254.83638911659128,1524.1763410482818,1272304.0755097177,6573.538026862609,1077.3533173171984,122454167.64273037
6622,6623.0,30.0,494.0,7794016.815699624,4647.431550459936,458.27263155607545,958.4481156455122,2634.529865807588,436.81645235050553,231.51271974576795,1369.2115937793033,1272304.0755097177,6573.538026862609,1077.3533173171984,122454167.64273037
6623,6624.0,30.0,494.0,8029704.560650175,0.0,458.27263155607545,958.4481156455122,2629.5666429510875,435.9935285231695,231.07657011727986,1369.2115937793033,1272304.0755097177,6573.538026862609,1077.3533173171984,122454167.64273037
6624,6625.0,30.0,494.0,8297960.567254055,24849.309724243358,458.27263155607545,949.4183101681311,2620.519903602941,434.49353999061,230.2815761950233,1356.3118716687588,1272304.0755097177,6573.538026862609,1077.3533173171984,122454167.64273037
6625,6626.0,30.0,494.0,8630628.938096592,53287.09605225362,458.27263155607545,942.2051445785064,2602.6275802033138,431.5269153441524,228.7092651324008,1346.0073493978664,1272304.0755097177,6573.538026862609,1077.3533173171984,122454167.64273037
6626,6627.0,30.0,494.0,9012420.257005282,56170.74981415948,458.27263155607545,942.2051445785064,2588.9823168516045,429.26447163226277,227.51016996509927,1346.0073493978664,1272304.0755097177,6573.538026862609,1077.3533173171984,122454167.64273037
6627,6628.0,30.0,494.0,9408553.205881607,51593.778189466335,458.27263155607545,942.2051445785064,2584.998530749484,428.6039426571934,227.16008960831252,1346.0073493978664,1272304.0755097177,6573.538026862609,1077.3533173171984,122454167.64273037
6628,6629.0,30.0,494.0,9810409.386679439,44039.5376306735,458.27263155607545,942.2051445785064,2583.4087441046213,428.3403491518716,227.02038505049194,1346.0073493978664,1272304.0755097177,6573.538026862609,1077.3533173171984,122454167.64273037
6629,6630.0,30.0,494.0,10215124.315395521,34998.1545824334,458.27263155607545,942.2051445785064,2582.6146474606626,428.208684491949,226.95060278073296,1346.0073493978664,1272304.0755097177,6573.538026862609,1077.3533173171984,122454167.64273037
6630,6631.0,30.0,494.0,10614119.836885966,28932.050832305104,458.27263155607545,942.2051445785064,2584.203371690006,428.4721018441802,227.09021397741552,1346.0073493978664,1272304.0755097177,6573.538026862609,1077.3533173171984,122454167.64273037
6631,6632.0,30.0,494.0,11007388.297921263,25845.20764870383,458.27263155607545,942.2051445785064,2585.7942218164367,428.735871679348,227.23001199005446,1346.0073493978664,1272304.0755097177,6573.538026862609,1077.3533173171984,122454167.64273037
6632,6633.0,30.0,494.0,11397790.353965906,24249.49022207223,458.27263155607545,942.2051445785064,2586.590445424956,428.867888999199,227.2999811695755,1346.0073493978664,1272304.0755097177,6573.538026862609,1077.3533173171984,122454167.64273037
6633,6634.0,30.0,494.0,11788192.410010532,22653.77279543504,458.27263155607545,942.2051445785064,2586.590445424956,428.867888999199,227.2999811695755,1346.0073493978664,1272304.0755097177,6573.538026862609,1077.3533173171984,122454167.64273037
6634,6635.0,30.0,494.0,12181460.871045828,19566.929611833766,458.27263155607545,942.2051445785064,2585.7942218164367,428.735871679348,227.23001199005446,1346.0073493978664,1272304.0755097177,6573.538026862609,1077.3533173171984,122454167.64273037
6635,6636.0,30.0,494.0,12583317.051843667,12012.689053036273,458.272631556075,942.2051445785064,2583.4087441046186,428.3403491518712,227.02038505049174,1346.0073493978664,1272304.0755097177,6573.538026862609,1077.3533173171984,122454167.64273037
6636,6637.0,30.0,494.0,12993743.74988648,0.0,458.272631556075,942.2051445785064,2581.0280448699045,427.94561891657634,226.81117802578547,1346.0073493978664,1272304.0755097177,6573.538026862609,1077.3533173171984,122454167.64273037
6637,6638.0,30.0,494.0,12495309.900089003,0.0,507.672631556075,1031.8019373649283,2833.4893081588734,469.8047888645357,248.99653809820393,1474.0027676641835,1272304.0755097177,6573.538026862609,1077.3533173171984,122454167.64273037
6638,6639.0,30.0,494.0,11650193.360007742,0.0,526.63364,1066.8694060681996,2929.7900554599246,485.7718694965303,257.4590908331611,1524.0991515259996,1272304.0755097177,6573.538026862609,1077.3533173171984,122454167.64273037
6639,6640.0,30.0,494.0,10775588.917871738,0.0,526.63364,1069.852151129926,2937.9811393640202,487.12998665372396,258.17889292647374,1528.3602158998942,1272304.0755097177,6573.538026862609,1077.3533173171984,122454167.64273037
6640,6641.0,30.0,494.0,9858076.313543094,0.0,526.63364,1074.19237542429,2949.90007330642,489.10619747907486,259.22628466390967,1534.5605363204145,1272304.0755097177,6573.538026862609,1077.3533173171984,122454167.64273037
6641,6642.0,30.0,494.0,8880530.463244107,21899.06015342032,526.63364,1076.0066767761411,2966.5759749648487,491.8711341369281,260.6917010925719,1537.1523953944875,1272304.0755097177,6573.538026862609,1077.3533173171984,122454167.64273037
6642,6643.0,30.0,494.0,7902984.612945119,43798.12030684064,524.85524,1076.0066767761411,2966.5759749648487,491.8711341369281,260.6917010925719,1537.1523953944875,1272304.0755097177,6573.538026862609,1077.3533173171984,122454167.64273037
6643,6644.0,30.0,494.0,6948950.753660632,53466.06325474422,524.85524,1076.0066767761411,2960.0448663497095,490.78824806597964,260.11777147496923,1537.1523953944875,1272304.0755097177,6573.538026862609,1077.3533173171984,122454167.64273037
6644,6645.0,30.0,494.0,6008302.427266303,56170.74981415948,524.85524,1076.0066767761411,2956.3266627691105,490.1717538222538,259.7910295257945,1537.1523953944875,1272304.0755097177,6573.538026862609,1077.3533173171984,122454167.64273037
6645,6646.0,30.0,494.0,5081003.533210821,51930.95976745151,524.85524,1076.0066767761411,2952.61848711943,489.5569222528688,259.4651687940205,1537.1523953944875,1272304.0755097177,6573.538026862609,1077.3533173171984,122454167.64273037
6646,6647.0,30.0,494.0,4163693.110188417,42495.09084192291,524.85524,1076.0066767761411,2949.843911832464,489.0968856636612,259.22134940174044,1537.1523953944875,1272304.0755097177,6573.538026862609,1077.3533173171984,122454167.64273037
6647,6648.0,30.0,494.0,3256350.994933512,27873.632122244686,524.85524,1076.0066767761411,2947.0749374526035,488.63777772908884,258.9780221964171,1537.1523953944875,1272304.0755097177,6573.538026862609,1077.3533173171984,122454167.64273037
6648,6649.0,30.0,494.0,2651221.628655631,0.0,509.8054245693991,1048.0142201377193,2863.126951625652,474.71883840453546,251.6009843544038,1497.1631716253135,1272304.0755097177,6573.538026862609,1077.3533173171984,122454167.64273037
6649,6650.0,30.0,494.0,2081286.0923308125,14854.855149537636,509.8054245693992,1036.1459950302576,2853.350887749803,473.0979247092218,250.74190009588756,1480.2085643289395,1272304.0755097177,6573.538026862609,1077.3533173171984,122454167.64273037
6650,6651.0,30.0,494.0,1546286.3217675583,11535.858266268857,509.80542456939907,1036.1459950302576,2843.6465083715893,471.48889661382185,249.8891152053256,1480.2085643289395,1272304.0755097177,6573.538026862609,1077.3533173171984,122454167.64273037
6651,6652.0,30.0,494.0,1027081.9007016812,0.0,509.80542456939907,1036.1459950302576,2839.2589112889855,470.76141403074666,249.50354943629574,1480.2085643289395,1272304.0755097177,6573.538026862609,1077.3533173171984,122454167.64273037
6652,6653.0,30.0,494.0,520475.9672700446,0.0,509.80542456939924,1032.6285557543463,2835.759331390584,470.18116853959594,249.19601932598587,1475.1836510776375,1272304.0755097177,6573.538026862609,1077.3533173171984,122454167.64273037
6653,6654.0,30.0,494.0,26435.07354369458,0.0,509.80542456939924,1031.35758333787,2832.269042583561,469.6024635516017,248.88930568234892,1473.3679761969572,1272304.0755097177,6573.538026862609,1077.3533173171984,122454167.64273037
6654,6655.0,30.0,494.0,0.0,0.0,485.0694368117244,984.0585605591439,2702.3785369772672,448.06605563710576,237.47500948766606,1405.7979436559199,1272304.0755097177,6573.538026862609,1077.3533173171984,122454167.64273037
6655,6656.0,30.0,494.0,896658.2048407478,56170.74981415948,435.6694368117244,879.7642150616974,2445.9637374260333,405.5513722684275,214.9422273022666,1256.8060215167106,1272304.0755097177,6573.538026862609,1077.3533173171984,122454167.64273037
6656,6657.0,30.0,494.0,2709848.429878627,53152.789486915804,386.2694368117244,798.5645566712427,2191.3715095934976,363.3388791776613,192.5696059641605,1140.8065095303468,1272304.0755097177,6573.538026862609,1077.3533173171984,122454167.64273037
6657,6658.0,30.0,494.0,4527767.335135296,47674.93361327518,386.2694368117244,798.5645566712427,2190.0579873104994,363.12109149903625,192.4541784944892,1140.8065095303468,1272304.0755097177,6573.538026862609,1077.3533173171984,122454167.64273037
6658,6659.0,30.0,494.0,6352767.537796094,38513.33277462516,386.2694368117244,798.5645566712427,2188.0909602537968,362.79494990097055,192.2813234475144,1140.8065095303468,1272304.0755097177,6573.538026862609,1077.3533173171984,122454167.64273037
6659,6660.0,30.0,494.0,8182480.808181616,26899.958128167316,386.2694368117244,798.5645566712427,2186.7817747747063,362.5778812832003,192.1662770800962,1140.8065095303468,1272304.0755097177,6573.538026862609,1077.3533173171984,122454167.64273037
6660,6661.0,30.0,494.0,10014548.277900735,14061.911017498001,386.2694368117245,798.5645566712427,2186.1278305153746,362.4694544951409,192.10881088242468,1140.8065095303468,1272304.0755097177,6573.538026862609,1077.3533173171984,122454167.64273037
6661,6662.0,30.0,494.0,11848968.39265602,0.0,386.2694368117245,798.5645566712427,2185.4743180053283,362.3610992929813,192.0513826252801,1140.8065095303468,1272304.0755097177,6573.538026862609,1077.3533173171984,122454167.64273037
6662,6663.0,30.0,494.0,12891859.484412836,0.0,428.90067999999997,875.8946317383268,2405.343491060459,398.8163596419624,211.37267061024008,1251.2780453404669,1272304.0755097177,6573.538026862609,1077.3533173171984,122454167.64273037
6663,6664.0,30.0,494.0,12993743.74988648,0.0,478.30067999999994,971.0788689531639,2666.734276139118,442.1560829440447,234.3427239603437,1387.2555270759485,1272304.0755097177,6573.538026862609,1077.3533173171984,122454167.64273037
6664,6665.0,30.0,494.0,12138572.68885003,0.0,527.7006799999999,1067.8864357867408,2932.582977947477,486.23494813099035,257.7045225094249,1525.5520511239154,1272304.0755097177,6573.538026862609,1077.3533173171984,122454167.64273037
6665,6666.0,30.0,494.0,11240750.055599414,0.0,527.7006799999999,1072.2007056239263,2944.430636895857,488.19934125389915,258.7456508645666,1531.7152937484664,1272304.0755097177,6573.538026862609,1077.3533173171984,122454167.64273037
6666,6667.0,30.0,494.0,10299903.507136319,0.0,527.7006799999999,1076.5526385080595,2956.3817244548786,490.1808832880267,259.7958681426542,1537.9323407257996,1272304.0755097177,6573.538026862609,1077.3533173171984,122454167.64273037
6667,6668.0,30.0,494.0,9322357.656837331,15349.629963547679,527.7006799999999,1077.2801770908386,2966.5759749648487,491.87113413692816,260.6917010925719,1538.9716815583408,1272304.0755097177,6573.538026862609,1077.3533173171984,122454167.64273037
6668,6669.0,30.0,494.0,8344811.806538345,30699.25992709302,526.98932,1077.2801770908386,2966.5759749648482,491.87113413692805,260.69170109257186,1538.971681558341,1272304.0755097177,6573.538026862609,1077.3533173171984,122454167.64273037
6669,6670.0,30.0,494.0,7367265.956239359,46048.88989063836,526.98932,1077.2801770908386,2966.5759749648482,491.87113413692805,260.69170109257186,1538.971681558341,1272304.0755097177,6573.538026862609,1077.3533173171984,122454167.64273037
6670,6671.0,30.0,494.0,6399769.497189073,56170.74981415948,526.98932,1077.2801770908386,2963.7844773957654,491.40829176011624,260.4463946328616,1538.971681558341,1272304.0755097177,6573.538026862609,1077.3533173171984,122454167.64273037
6671,6672.0,30.0,494.0,6380931.795825394,0.0,477.58932000000004,994.2121653279988,2700.268155816152,447.7161453081814,237.28955701333615,1420.3030933257128,1272304.0755097177,6573.538026862609,1077.3533173171984,122454167.64273037
6672,6673.0,30.0,494.0,6720653.597496168,33259.55040385062,460.21187149110796,940.5541143438554,2600.6682938621375,431.202057190218,228.53709031081556,1343.6487347769364,1272304.0755097177,6573.538026862609,1077.3533173171984,122454167.64273037
6673,6674.0,30.0,494.0,7106355.327049383,42599.991333537735,460.21187149110796,940.5541143438554,2587.8960916725696,429.0843707970747,227.4147165224496,1343.6487347769364,1272304.0755097177,6573.538026862609,1077.3533173171984,122454167.64273037
6674,6675.0,30.0,494.0,7537549.016940867,50602.38907478005,460.21187149110796,936.2127100963493,2575.259436023051,426.9891586068323,226.30425406162112,1337.4467287090704,1272304.0755097177,6573.538026862609,1077.3533173171984,122454167.64273037
6675,6676.0,30.0,494.0,7982860.098897435,51260.81169805024,460.21187149110796,936.2127100963493,2571.337938227189,426.3389573024855,225.95964737031733,1337.4467287090704,1272304.0755097177,6573.538026862609,1077.3533173171984,122454167.64273037
6676,6677.0,30.0,494.0,8428171.180854023,51919.23432132043,460.21187149110796,936.2127100963493,2571.337938227189,426.3389573024855,225.95964737031733,1337.4467287090704,1272304.0755097177,6573.538026862609,1077.3533173171984,122454167.64273037
6677,6678.0,30.0,494.0,8867840.91874513,55512.327190889046,460.21187149110796,936.2127100963493,2572.904978245377,426.59877931867146,226.09735303889587,1337.4467287090704,1272304.0755097177,6573.538026862609,1077.3533173171984,122454167.64273037
6678,6679.0,30.0,494.0,9313152.000701718,56170.74981415948,460.21187149110796,936.2127100963493,2571.337938227189,426.3389573024855,225.95964737031733,1337.4467287090704,1272304.0755097177,6573.538026862609,1077.3533173171984,122454167.64273037
6679,6680.0,30.0,494.0,9761280.953883998,55363.29431548435,460.21187149110796,936.2127100963493,2570.555196220052,426.2091752904837,225.89086290395636,1337.4467287090704,1272304.0755097177,6573.538026862609,1077.3533173171984,122454167.64273037
6680,6681.0,30.0,494.0,10209409.907066278,54555.838816814125,460.21187149110796,936.2127100963493,2570.555196220052,426.2091752904837,225.89086290395636,1337.4467287090704,1272304.0755097177,6573.538026862609,1077.3533173171984,122454167.64273037
6681,6682.0,30.0,494.0,10660354.866740802,52283.47524476983,460.21187149110796,936.2127100963493,2569.7729721944283,426.07947916205836,225.82212395589093,1337.4467287090704,1272304.0755097177,6573.538026862609,1077.3533173171984,122454167.64273037
6682,6683.0,30.0,494.0,11119736.675982919,45622.19812461734,460.21187149110796,936.2127100963493,2567.429402870097,425.69090522658007,225.61617977008746,1337.4467287090704,1272304.0755097177,6573.538026862609,1077.3533173171984,122454167.64273037
6683,6684.0,30.0,494.0,11584733.761794584,36039.811268536374,460.21187149110796,936.2127100963493,2565.869603823001,425.43228379473555,225.47911041120986,1337.4467287090704,1272304.0755097177,6573.538026862609,1077.3533173171984,122454167.64273037
6684,6685.0,30.0,494.0,12052535.704470204,24998.316460832953,460.2118714911079,936.2127100963493,2565.0904769163467,425.3031011820377,225.41064362648,1337.4467287090704,1272304.0755097177,6573.538026862609,1077.3533173171984,122454167.64273037
6685,6686.0,30.0,494.0,12520337.647145823,13956.82165312767,460.21187149110784,936.2127100963493,2565.0904769163462,425.30310118203766,225.41064362647998,1337.4467287090704,1272304.0755097177,6573.538026862609,1077.3533173171984,122454167.64273037
6686,6687.0,30.0,494.0,12993743.74988648,0.0,460.21187149110784,936.2127100963493,2563.5337657871696,425.0449917403468,225.27384562238382,1337.4467287090704,1272304.0755097177,6573.538026862609,1077.3533173171984,122454167.64273037
6687,6688.0,30.0,494.0,12528312.523686193,0.0,509.6118714911079,1028.4636730022833,2824.3219127152097,468.2847950292151,248.190941365484,1469.2338185746903,1272304.0755097177,6573.538026862609,1077.3533173171984,122454167.64273037
6688,6689.0,30.0,494.0,11682931.765956938,0.0,527.7006799999999,1066.8961320754725,2929.8634492510337,485.78403850469874,257.4655404074903,1524.1373315363892,1272304.0755097177,6573.538026862609,1077.3533173171984,122454167.64273037
6689,6690.0,30.0,494.0,10781812.881935481,0.0,527.7006799999999,1072.5341262820214,2945.346262109979,488.35115587665456,258.82611261462694,1532.1916089743163,1272304.0755097177,6573.538026862609,1077.3533173171984,122454167.64273037
6690,6691.0,30.0,494.0,9834313.91049013,2319.725645709306,527.7006799999999,1076.7744832024619,2958.229619727728,490.4872723208015,259.95825433002483,1538.2492617178027,1272304.0755097177,6573.538026862609,1077.3533173171984,122454167.64273037
6691,6692.0,30.0,494.0,8856768.060191141,20270.06703519224,527.7006799999999,1076.7744832024619,2966.5759749648487,491.87113413692816,260.6917010925719,1538.2492617178027,1272304.0755097177,6573.538026862609,1077.3533173171984,122454167.64273037
6692,6693.0,30.0,494.0,7879222.209892154,38220.408424675414,527.16716,1076.7744832024619,2966.575974964849,491.87113413692816,260.6917010925719,1538.2492617178027,1272304.0755097177,6573.538026862609,1077.3533173171984,122454167.64273037
6693,6694.0,30.0,494.0,6901676.359593168,56170.74981415948,526.98932,1076.7744832024619,2966.5759749648482,491.87113413692805,260.69170109257186,1538.2492617178027,1272304.0755097177,6573.538026862609,1077.3533173171984,122454167.64273037
6694,6695.0,30.0,494.0,6719255.059277587,0.0,485.146241200022,1010.7588891690956,2745.708044413902,455.2502754731423,241.28264600076545,1443.9412702415652,1272304.0755097177,6573.538026862609,1077.3533173171984,122454167.64273037
6695,6696.0,30.0,494.0,6552221.720595563,13248.316729133949,485.146241200022,995.7042221816497,2741.433610626803,454.54155585416186,240.9070246027058,1422.4346031166426,1272304.0755097177,6573.538026862609,1077.3533173171984,122454167.64273037
6696,6697.0,30.0,494.0,6403585.689188272,16926.213777331013,485.146241200022,995.7042221816497,2736.3232474949327,453.6942355324383,240.4579448321923,1422.4346031166426,1272304.0755097177,6573.538026862609,1077.3533173171984,122454167.64273037
6697,6698.0,30.0,494.0,6294557.13275253,0.0,485.146241200022,995.7042221816497,2725.3211711139465,451.8700436583566,239.49112313892903,1422.4346031166426,1272304.0755097177,6573.538026862609,1077.3533173171984,122454167.64273037
6698,6699.0,30.0,494.0,6218774.506285042,12134.232387345284,485.146241200022,986.6907047086338,2716.08619056721,450.3388439204805,238.67958727785467,1409.5581495837628,1272304.0755097177,6573.538026862609,1077.3533173171984,122454167.64273037
6699,6700.0,30.0,494.0,6158023.211513491,16449.051284159534,485.146241200022,986.6907047086338,2711.9108206516717,449.64654952009136,238.31267124564843,1409.5581495837628,1272304.0755097177,6573.538026862609,1077.3533173171984,122454167.64273037
6700,6701.0,30.0,494.0,6112253.315066921,12970.432411185466,485.146241200022,986.6907047086338,2707.749321116955,448.95655488886484,237.94697409109838,1409.5581495837628,1272304.0755097177,6573.538026862609,1077.3533173171984,122454167.64273037
6701,6702.0,30.0,494.0,6078432.752234664,30738.205991680734,485.146241200022,981.3507689000885,2704.4300617796457,448.4062073270579,237.6552898833407,1401.9296698572693,1272304.0755097177,6573.538026862609,1077.3533173171984,122454167.64273037
6702,6703.0,30.0,494.0,6053553.398023471,43854.69459440559,485.146241200022,981.3507689000885,2701.9463927182387,447.9944042489084,237.43703425192146,1401.9296698572693,1272304.0755097177,6573.538026862609,1077.3533173171984,122454167.64273037
6703,6704.0,30.0,494.0,6037597.490076479,52329.13833299,485.146241200022,981.3507689000885,2699.46765764485,447.58341924732343,237.21921220108143,1401.9296698572693,1272304.0755097177,6573.538026862609,1077.3533173171984,122454167.64273037
6704,6705.0,30.0,494.0,6030547.318913605,56170.74981415948,485.146241200022,981.3507689000885,2696.9938418714837,447.1732498869699,237.00182244009406,1401.9296698572693,1272304.0755097177,6573.538026862609,1077.3533173171984,122454167.64273037
6705,6706.0,30.0,494.0,6032385.227721881,55388.714246804826,485.146241200022,981.3507689000885,2694.524930768386,446.7638937421713,236.7848636833508,1401.9296698572693,1272304.0755097177,6573.538026862609,1077.3533173171984,122454167.64273037
6706,6707.0,30.0,494.0,6048997.508172421,46920.937770356424,485.146241200022,981.3507689000885,2690.4209386455354,446.08343408868825,236.4242200670048,1401.9296698572693,1272304.0755097177,6573.538026862609,1077.3533173171984,122454167.64273037
6707,6708.0,30.0,494.0,6074451.039659847,33853.87501445785,485.146241200022,981.3507689000885,2687.965035579734,445.676234732764,236.2084044083649,1401.9296698572693,1272304.0755097177,6573.538026862609,1077.3533173171984,122454167.64273037
6708,6709.0,30.0,494.0,6096959.430635994,22318.89683438372,485.146241200022,981.3507689000885,2688.7831301662,445.81187835540237,236.28029552836327,1401.9296698572693,1272304.0755097177,6573.538026862609,1077.3533173171984,122454167.64273037
6709,6710.0,30.0,494.0,6116520.738574002,12317.01374742575,485.146241200022,981.3507689000885,2689.6017643434598,445.9476114445294,236.35223406560058,1401.9296698572693,1272304.0755097177,6573.538026862609,1077.3533173171984,122454167.64273037
6710,6711.0,30.0,494.0,6139029.12955014,782.0355673516169,485.1462412000225,981.3507689000885,2688.783130166202,445.81187835540277,236.28029552836347,1401.9296698572693,1272304.0755097177,6573.538026862609,1077.3533173171984,122454167.64273037
6711,6712.0,30.0,494.0,6140867.038358411,0.0,485.1462412000225,981.3507689000885,2694.524930768388,446.76389374217166,236.784863683351,1401.9296698572693,1272304.0755097177,6573.538026862609,1077.3533173171984,122454167.64273037
6712,6713.0,30.0,494.0,5265511.268326789,0.0,530.54612,1069.9281490617632,2938.1898415572473,487.16459038049373,258.19723290166166,1528.4687843739475,1272304.0755097177,6573.538026862609,1077.3533173171984,122454167.64273037
6713,6714.0,30.0,494.0,4347558.607625781,0.0,530.54612,1074.2368877795302,2950.0223111876326,489.126465048749,259.237026475837,1534.624125399329,1272304.0755097177,6573.538026862609,1077.3533173171984,122454167.64273037
6714,6715.0,30.0,494.0,3393273.1383677814,6698.72599165644,530.54612,1076.6094752399192,2960.1147580090187,490.79983640554053,260.1239132949365,1538.0135360570275,1272304.0755097177,6573.538026862609,1077.3533173171984,122454167.64273037
6715,6716.0,30.0,494.0,2419056.880481761,23765.60037012132,530.54612,1076.6094752399192,2965.651088183469,491.71778390624314,260.6104254703088,1538.0135360570275,1272304.0755097177,6573.538026862609,1077.3533173171984,122454167.64273037
6716,6717.0,30.0,494.0,1441511.0301827732,42564.55413839868,530.54612,1076.6094752399192,2966.5759749648487,491.87113413692805,260.6917010925719,1538.0135360570275,1272304.0755097177,6573.538026862609,1077.3533173171984,122454167.64273037
6717,6718.0,30.0,494.0,473947.2673382871,56170.74981415948,530.54612,1076.6094752399192,2963.8031728941537,491.4113915546516,260.44803752396535,1538.0135360570275,1272304.0755097177,6573.538026862609,1077.3533173171984,122454167.64273037
6718,6719.0,30.0,494.0,348241.23355219513,0.0,486.68888595600004,1005.022055777176,2729.953803711266,452.63815419013235,239.89822172077015,1435.7457939673943,1272304.0755097177,6573.538026862609,1077.3533173171984,122454167.64273037
6719,6720.0,30.0,494.0,240708.7525417786,10443.079580781981,486.68888595600004,990.2310848898982,2724.9055946069125,451.8011392751348,239.45460381582146,1414.6158355569976,1272304.0755097177,6573.538026862609,1077.3533173171984,122454167.64273037
6720,6721.0,30.0,494.0,151277.2577593103,11469.88795114599,486.68888595600004,990.2310848898982,2719.877542876927,450.96746654003607,239.01275726621913,1414.6158355569976,1272304.0755097177,6573.538026862609,1077.3533173171984,122454167.64273037
6721,6722.0,30.0,494.0,85868.27921025455,0.0,486.68888595600004,990.2310848898982,2713.204621700979,449.8610673328293,238.42636568639955,1414.6158355569974,1272304.0755097177,6573.538026862609,1077.3533173171984,122454167.64273037
6722,6723.0,30.0,494.0,47332.61673263274,8879.21220338624,486.68888595600004,983.5560396067211,2705.739811681136,448.6233695285045,237.7703858501074,1405.0800565810302,1272304.0755097177,6573.538026862609,1077.3533173171984,122454167.64273037
6723,6724.0,30.0,494.0,20689.343678507954,11571.912647613059,486.68888595600004,983.556039606721,2702.4363701746092,448.07564463149095,237.48009165469023,1405.08005658103,1272304.0755097177,6573.538026862609,1077.3533173171984,122454167.64273037
6724,6725.0,30.0,494.0,5907.063878165558,8094.433859832667,486.68888595600004,983.5560396067209,2699.1416498263366,447.52936574025574,237.19056384233556,1405.08005658103,1272304.0755097177,6573.538026862609,1077.3533173171984,122454167.64273037
6725,6726.0,30.0,494.0,0.0,0.0,486.68888595600004,983.5560396067209,2696.6763120701758,447.12060207184237,236.97391909807646,1405.08005658103,1272304.0755097177,6573.538026862609,1077.3533173171984,122454167.64273037
6726,6727.0,30.0,494.0,0.0,767.4658842133358,486.68888595600004,981.2353841551371,2695.0354609929077,446.8485418626529,236.82972718720603,1401.764834507339,1272304.0755097177,6573.538026862609,1077.3533173171984,122454167.64273037
6727,6728.0,30.0,494.0,2950.6136962622404,0.0,486.68888595600004,981.2353841551371,2694.2158460772794,446.7126461628603,236.75770246631598,1401.7648345073385,1272304.0755097177,6573.538026862609,1077.3533173171984,122454167.64273037
6728,6729.0,30.0,494.0,8849.898155733943,56170.74981415948,486.68888595600004,969.8658020115986,2693.3967708652767,446.57683994826436,236.68572517258013,1385.5225743022838,1272304.0755097177,6573.538026862609,1077.3533173171984,122454167.64273037
6729,6730.0,30.0,494.0,540755.6839200124,49998.740211655386,458.3965446170458,928.7816668731513,2547.2838538361634,422.35068601940156,223.84586359028285,1326.8309526759306,1272304.0755097177,6573.538026862609,1077.3533173171984,122454167.64273037
6730,6731.0,30.0,494.0,1075433.2483265758,42384.83020094875,458.3965446170458,928.7816668731513,2546.5139153244213,422.22302688234174,223.77820424764113,1326.8309526759306,1272304.0755097177,6573.538026862609,1077.3533173171984,122454167.64273037
6731,6732.0,30.0,494.0,1607339.0340908584,36212.82059844304,458.3965446170456,928.7816668731513,2547.2838538361625,422.3506860194014,223.84586359028276,1326.8309526759306,1272304.0755097177,6573.538026862609,1077.3533173171984,122454167.64273037
6732,6733.0,30.0,494.0,2142016.5984974136,28598.910587737337,458.3965446170455,928.7816668731513,2546.51391532442,422.2230268823415,223.778204247641,1326.8309526759306,1272304.0755097177,6573.538026862609,1077.3533173171984,122454167.64273037
6733,6734.0,30.0,494.0,2679464.1187738073,19544.04838896729,458.3965446170455,928.7816668731513,2545.744483138354,422.0954516962699,223.71058939902306,1326.8309526759306,1272304.0755097177,6573.538026862609,1077.3533173171984,122454167.64273037
6734,6735.0,30.0,494.0,3225210.5879877494,6172.009602507576,458.3965446170455,928.7816668731513,2543.4392195445903,421.71322901668304,223.508011378842,1326.8309526759306,1272304.0755097177,6573.538026862609,1077.3533173171984,122454167.64273037
6735,6736.0,30.0,494.0,3757116.373752034,0.0,458.3965446170455,928.7816668731513,2547.283853836162,422.3506860194013,223.84586359028268,1326.8309526759306,1272304.0755097177,6573.538026862609,1077.3533173171984,122454167.64273037
6736,6737.0,30.0,494.0,3346963.3310009916,0.0,507.79654461704547,1022.8722026969922,2808.966861757086,465.73886113328916,246.84159640064325,1461.2460038528461,1272304.0755097177,6573.538026862609,1077.3533173171984,122454167.64273037
6737,6738.0,30.0,494.0,2902653.872492088,0.0,507.7965446170455,1026.3271748492643,2818.454755023162,467.31199489448005,247.67535729407444,1466.1816783560919,1272304.0755097177,6573.538026862609,1077.3533173171984,122454167.64273037
6738,6739.0,30.0,494.0,2430212.460570261,0.0,507.7965446170455,1029.1727636932344,2826.2691865267484,468.60766145375294,248.36206057048906,1470.2468052760494,1272304.0755097177,6573.538026862609,1077.3533173171984,122454167.64273037
6739,6740.0,30.0,494.0,1935773.9946104214,6654.248494646512,507.7965446170455,1030.1039167076667,2832.379479315085,469.62077443958964,248.8990104529825,1471.5770238680955,1272304.0755097177,6573.538026862609,1077.3533173171984,122454167.64273037
6740,6741.0,30.0,494.0,1425560.4203931876,21514.8287247438,507.7965446170455,1030.1039167076667,2836.761453831028,470.3473247767815,249.2840821316942,1471.5770238680955,1272304.0755097177,6573.538026862609,1077.3533173171984,122454167.64273037
6741,6742.0,30.0,494.0,909022.0513013707,39665.61552918609,507.7965446170452,1030.1039167076667,2838.5183412961896,470.6386243212168,249.43847089024493,1471.5770238680955,1272304.0755097177,6573.538026862609,1077.3533173171984,122454167.64273037
6742,6743.0,30.0,494.0,395647.13544122875,56170.74981415948,507.7965446170452,1030.1039167076667,2837.6396042873916,470.49292592253323,249.36125073894263,1471.5770238680955,1272304.0755097177,6573.538026862609,1077.3533173171984,122454167.64273037
6743,6744.0,30.0,494.0,258244.5208168067,0.0,488.29232696400015,1006.2051822902066,2733.202853944136,453.17686077860213,240.18373621265914,1437.4359747002952,1272304.0755097177,6573.538026862609,1077.3533173171984,122454167.64273037
6744,6745.0,30.0,494.0,142022.2503210809,21301.816179214045,488.29232696400015,988.9986489893399,2727.3194250194983,452.20136280309185,239.66672228563866,1412.8552128419142,1272304.0755097177,6573.538026862609,1077.3533173171984,122454167.64273037
6745,6746.0,30.0,494.0,67866.13409652002,20720.49779280717,488.29232696400015,988.9986489893399,2715.634382166397,450.26393213248116,238.639884030215,1412.8552128419142,1272304.0755097177,6573.538026862609,1077.3533173171984,122454167.64273037
6746,6747.0,30.0,494.0,32423.750827535987,0.0,488.29232696400015,988.9986489893399,2704.8805674565147,448.48090311778986,237.69487865242866,1412.8552128419142,1272304.0755097177,6573.538026862609,1077.3533173171984,122454167.64273037
6747,6748.0,30.0,494.0,11783.051008675247,8049.066822034307,488.29232696400015,981.9073547297821,2700.7689887203687,447.79918557099256,237.33356835262603,1402.7247924711173,1272304.0755097177,6573.538026862609,1077.3533173171984,122454167.64273037
6748,6749.0,30.0,494.0,0.0,11490.317117775314,488.29232696400015,981.9073547297822,2698.3085307175397,447.3912309867981,237.11735242300304,1402.7247924711176,1272304.0755097177,6573.538026862609,1077.3533173171984,122454167.64273037
6749,6750.0,30.0,494.0,0.0,8801.934332385958,488.29232696400015,981.9073547297822,2695.0354609929077,446.8485418626529,236.82972718720603,1402.7247924711176,1272304.0755097177,6573.538026862609,1077.3533173171984,122454167.64273037
6750,6751.0,30.0,494.0,11752.13732518442,0.0,488.29232696400015,981.9073547297822,2691.7709784025787,446.3072765225348,236.54285655694343,1402.7247924711176,1272304.0755097177,6573.538026862609,1077.3533173171984,122454167.64273037
6751,6752.0,30.0,494.0,237247.59155201045,0.0,477.2524545619621,958.57541373471,2632.3978348187893,436.4629523864644,231.32536476482613,1369.393448192443,1272304.0755097177,6573.538026862609,1077.3533173171984,122454167.64273037
6752,6753.0,30.0,494.0,1374413.8536217073,56170.74981415948,427.852454561962,855.4364680869152,2379.1559437513256,394.4743509747612,209.07140601662346,1222.0520972670217,1272304.0755097177,6573.538026862609,1077.3533173171984,122454167.64273037
6753,6754.0,30.0,494.0,3421462.911707825,48223.31419751095,378.4524545619618,775.8678976758323,2126.4107226356527,352.56809959034223,186.8610927828814,1108.3827109654749,1272304.0755097177,6573.538026862609,1077.3533173171984,122454167.64273037
6754,6755.0,30.0,494.0,5473027.622564079,37926.8015394113,378.4524545619618,775.8678976758323,2125.1563746439483,352.36012326528305,186.75086533060002,1108.3827109654749,1272304.0755097177,6573.538026862609,1077.3533173171984,122454167.64273037
6755,6756.0,30.0,494.0,7526847.947896598,26456.901012429968,378.452454561962,775.8678976758323,2124.5298150672074,352.256236976101,186.69580559733353,1108.3827109654749,1272304.0755097177,6573.538026862609,1077.3533173171984,122454167.64273037
6756,6757.0,30.0,494.0,9582922.41502505,13814.378716118168,378.452454561962,775.8678976758323,2123.9036645683377,352.1524185138001,186.64078181231406,1108.3827109654749,1272304.0755097177,6573.538026862609,1077.3533173171984,122454167.64273037
6757,6758.0,30.0,494.0,11641249.552710904,0.0,378.452454561962,775.8678976758323,2123.277922746842,352.0486678119764,186.5857939403475,1108.3827109654749,1272304.0755097177,6573.538026862609,1077.3533173171984,122454167.64273037
6758,6759.0,30.0,494.0,12791191.06273667,0.0,427.85245456196196,865.0663230355018,2375.607263763528,393.88596447631403,208.75956117244644,1235.8090329078598,1272304.0755097177,6573.538026862609,1077.3533173171984,122454167.64273037
6759,6760.0,30.0,494.0,12993743.74988648,0.0,477.252454561962,960.896108678496,2638.770825673516,437.5196218485016,231.88539957970585,1372.7087266835658,1272304.0755097177,6573.538026862609,1077.3533173171984,122454167.64273037
6760,6761.0,30.0,494.0,12226056.384243587,0.0,526.6524545619619,1059.0373301456466,2908.281951449267,482.2057327779241,255.5690383722998,1512.910471636638,1272304.0755097177,6573.538026862609,1077.3533173171984,122454167.64273037
6761,6762.0,30.0,494.0,11363061.790119806,0.0,529.0002995150633,1068.6777977709935,2934.7561815828467,486.59527469800264,257.8954955899414,1526.6825682442764,1272304.0755097177,6573.538026862609,1077.3533173171984,122454167.64273037
6762,6763.0,30.0,494.0,10454159.506067324,0.0,529.0002995150631,1073.3214287480587,2947.5083176741523,488.7096340452204,259.01610604396683,1533.3163267829411,1272304.0755097177,6573.538026862609,1077.3533173171984,122454167.64273037
6763,6764.0,30.0,494.0,9512202.391558915,5012.65748284664,529.0002995150637,1075.690290512514,2956.690215023021,490.23203235917924,259.82297715036503,1536.700415017877,1272304.0755097177,6573.538026862609,1077.3533173171984,122454167.64273037
6764,6765.0,30.0,494.0,8553634.677889075,18666.275447180495,529.0002995150637,1075.690290512514,2961.3042703456426,490.99706269841914,260.22844323016216,1536.700415017877,1272304.0755097177,6573.538026862609,1077.3533173171984,122454167.64273037
6765,6766.0,30.0,494.0,7591738.15393359,34051.565932711586,529.0002995150637,1075.690290512514,2962.228939869431,491.15037690685534,260.30969976063335,1536.700415017877,1272304.0755097177,6573.538026862609,1077.3533173171984,122454167.64273037
6766,6767.0,30.0,494.0,6633170.440263744,47705.18389704544,529.0002995150637,1075.690290512514,2961.3042703456426,490.99706269841914,260.22844323016216,1536.700415017877,1272304.0755097177,6573.538026862609,1077.3533173171984,122454167.64273037
6767,6768.0,30.0,494.0,5684575.767573506,56170.74981415948,529.0002995150637,1075.690290512514,2958.5339811846407,490.53773676744396,259.9850004867453,1536.700415017877,1272304.0755097177,6573.538026862609,1077.3533173171984,122454167.64273037
6768,6769.0,30.0,494.0,4755867.123963162,54291.45160307083,529.0002995150637,1075.690290512514,2953.0100842180027,489.6218507463998,259.4995808955919,1536.700415017877,1272304.0755097177,6573.538026862609,1077.3533173171984,122454167.64273037
6769,6770.0,30.0,494.0,3886340.4579014387,21625.236903072335,529.0002995150637,1075.690290512514,2936.5706460100528,486.89612075190195,258.05494399850807,1536.700415017877,1272304.0755097177,6573.538026862609,1077.3533173171984,122454167.64273037
6770,6771.0,30.0,494.0,3065593.6038829796,21694.69446571668,529.0002995150637,1064.3908705138451,2923.0206982202576,484.64948077264387,256.86422480950125,1520.5583864483503,1272304.0755097177,6573.538026862609,1077.3533173171984,122454167.64273037
6771,6772.0,30.0,494.0,2260999.264381986,13361.49067547638,529.0002995150637,1064.3908705138451,2918.5338886320724,483.9055483268135,256.4699406132112,1520.5583864483503,1272304.0755097177,6573.538026862609,1077.3533173171984,122454167.64273037
6772,6773.0,30.0,494.0,1466070.8477952648,0.0,529.0002995150635,1064.3908705138451,2915.848910044774,483.46036725812934,256.2339946468086,1520.5583864483503,1272304.0755097177,6573.538026862609,1077.3533173171984,122454167.64273037
6773,6774.0,30.0,494.0,677575.7542271927,0.0,529.0002995150635,1061.1420627101854,2914.0618758729274,483.16406925926947,256.0769567074128,1515.9172324431222,1272304.0755097177,6573.538026862609,1077.3533173171984,122454167.64273037
6774,6775.0,30.0,494.0,0.0,0.0,523.3255344243316,1049.9224068982967,2883.2509482782393,478.0554841336215,253.3694065908194,1499.8891527118526,1272304.0755097177,6573.538026862609,1077.3533173171984,122454167.64273037
6775,6776.0,30.0,494.0,240690.09050065815,0.0,473.92553442433154,957.0384537222158,2628.1771025205026,435.7631367067156,230.9544624545593,1367.1977910317369,1272304.0755097177,6573.538026862609,1077.3533173171984,122454167.64273037
6776,6777.0,30.0,494.0,1395266.8531417688,56170.74981415948,424.52553442433157,853.6753701117132,2374.3196935925994,393.6724797701746,208.64641427819257,1219.5362430167331,1272304.0755097177,6573.538026862609,1077.3533173171984,122454167.64273037
6777,6778.0,30.0,494.0,3437446.1822445802,49659.66582136834,376.49080775691516,776.0811873971038,2127.7634251310155,352.79238351772483,186.97996326439417,1108.6874105672912,1272304.0755097177,6573.538026862609,1077.3533173171984,122454167.64273037
6778,6779.0,30.0,494.0,5484171.073056006,40783.94592901785,376.49080775691516,776.0811873971038,2126.500769100845,352.583029683936,186.86900573248607,1108.6874105672912,1272304.0755097177,6573.538026862609,1077.3533173171984,122454167.64273037
6779,6780.0,30.0,494.0,7535435.554939483,29546.696107826196,376.49080775691516,776.0811873971038,2125.2397715808297,352.37395083830785,186.75819394430317,1108.6874105672912,1272304.0755097177,6573.538026862609,1077.3533173171984,122454167.64273037
6780,6781.0,30.0,494.0,9591233.669014465,15951.01621294301,376.49080775691516,776.0811873971038,2123.980429305413,352.165146439397,186.64752761288042,1108.6874105672912,1272304.0755097177,6573.538026862609,1077.3533173171984,122454167.64273037
6781,6782.0,30.0,494.0,11651559.46812556,0.0,376.49080775691516,776.0811873971038,2122.7227390176035,351.9566159471803,186.53700645200556,1108.6874105672912,1272304.0755097177,6573.538026862609,1077.3533173171984,122454167.64273037
6782,6783.0,30.0,494.0,12804153.811199183,0.0,425.89080775691514,864.7979850351114,2374.870365694679,393.76378358766436,208.6948053014621,1235.4256929073022,1272304.0755097177,6573.538026862609,1077.3533173171984,122454167.64273037
6783,6784.0,30.0,494.0,12993743.74988648,0.0,475.2908077569151,962.2073099260847,2642.3715891353254,438.11664401232457,232.20182132653204,1374.5818713229783,1272304.0755097177,6573.538026862609,1077.3533173171984,122454167.64273037
6784,6785.0,30.0,494.0,12217233.161851337,0.0,524.6908077569151,1059.9298121869301,2910.732846558225,482.61210179293244,255.7844139502542,1514.185445981329,1272304.0755097177,6573.538026862609,1077.3533173171984,122454167.64273037
6785,6786.0,30.0,494.0,11342697.570448149,0.0,526.27796,1069.845186776106,2937.9620141604596,487.1268156122117,258.1772122744722,1528.3502668230085,1272304.0755097177,6573.538026862609,1077.3533173171984,122454167.64273037
6786,6787.0,30.0,494.0,10418586.347174777,0.0,526.27796,1074.8598355248782,2951.733023013289,489.4101084723351,259.3873574903376,1535.514050749826,1272304.0755097177,6573.538026862609,1077.3533173171984,122454167.64273037
6787,6788.0,30.0,494.0,9461146.057416935,6353.96044015215,526.27796,1076.9956277623035,2960.9910970367528,490.94513720858674,260.200922720551,1538.5651825175767,1272304.0755097177,6573.538026862609,1077.3533173171984,122454167.64273037
6788,6789.0,30.0,494.0,8486956.79369292,21420.86499150381,526.27796,1076.9956277623035,2965.643589805134,491.71654064266687,260.6097665406134,1538.5651825175764,1272304.0755097177,6573.538026862609,1077.3533173171984,122454167.64273037
6789,6790.0,30.0,494.0,7509410.943393933,38233.89150179901,526.27796,1076.9956277623037,2966.5759749648487,491.8711341369281,260.6917010925719,1538.5651825175769,1272304.0755097177,6573.538026862609,1077.3533173171984,122454167.64273037
6790,6791.0,30.0,494.0,6538575.999259599,51555.85339725633,526.27796,1076.995627762304,2964.711834363556,491.5620515583976,260.52788732595076,1538.565182517577,1272304.0755097177,6573.538026862609,1077.3533173171984,122454167.64273037
6791,6792.0,30.0,494.0,5584478.728540914,56170.74981415948,526.27796,1076.995627762304,2960.062480636987,490.79116859103374,260.1193193532479,1538.565182517577,1272304.0755097177,6573.538026862609,1077.3533173171984,122454167.64273037
6792,6793.0,30.0,494.0,4660367.505267542,45186.675450256094,526.27796,1076.995627762304,2951.733023013289,489.4101084723351,259.3873574903376,1538.565182517577,1272304.0755097177,6573.538026862609,1077.3533173171984,122454167.64273037
6793,6794.0,30.0,494.0,3815339.2726522945,0.0,526.27796,1075.646771641154,2929.7655256082544,485.7678023409735,257.45693524071595,1536.6382452016487,1272304.0755097177,6573.538026862609,1077.3533173171984,122454167.64273037
6794,6795.0,30.0,494.0,3025566.7226295173,7269.217860640958,526.27796,1059.8578202982496,2914.4167248881236,483.2229047615538,256.10813952362355,1514.082600426071,1272304.0755097177,6573.538026862609,1077.3533173171984,122454167.64273037
6795,6796.0,30.0,494.0,2251927.5043687187,6145.7533842320645,526.27796,1059.8578202982496,2909.9352438431292,482.4798558112432,255.71432357995891,1514.082600426071,1272304.0755097177,6573.538026862609,1077.3533173171984,122454167.64273037
6796,6797.0,30.0,494.0,1487942.679054113,0.0,526.27796,1059.8578202982496,2907.2534680247422,482.0352057755041,255.47865906101723,1514.0826004260712,1272304.0755097177,6573.538026862609,1077.3533173171984,122454167.64273037
6797,6798.0,30.0,494.0,730383.4817459527,0.0,526.27796,1058.0128508853493,2905.4685713562853,481.7392621839561,255.32180895749676,1511.4469298362135,1272304.0755097177,6573.538026862609,1077.3533173171984,122454167.64273037
6798,6799.0,30.0,494.0,0.0,0.0,525.4996894339315,1055.2639869193215,2897.9197614778946,480.48763683958504,254.6584475249801,1507.5199813133165,1272304.0755097177,6573.538026862609,1077.3533173171984,122454167.64273037
6799,6800.0,30.0,494.0,194924.05372451828,0.0,476.0996894339314,961.6677562726437,2640.889890513875,437.87097196902204,232.07161514358168,1373.811080389491,1272304.0755097177,6573.538026862609,1077.3533173171984,122454167.64273037
6800,6801.0,30.0,494.0,1314690.5672998168,56170.74981415948,426.6996894339314,857.196478473567,2383.9892072219905,395.27572697354265,209.4961352959776,1224.5663978193816,1272304.0755097177,6573.538026862609,1077.3533173171984,122454167.64273037
6801,6802.0,30.0,494.0,3353386.6251431582,54591.154443050735,377.29968943393203,775.4746248898912,2128.7310004808687,352.9528116977922,187.06499019982988,1107.8208926998445,1272304.0755097177,6573.538026862609,1077.3533173171984,122454167.64273037
6802,6803.0,30.0,494.0,5403422.500667682,47112.49935121508,377.29968943393203,775.4746248898912,2125.5810511249842,352.4305364635734,186.78818432569392,1107.8208926998445,1272304.0755097177,6573.538026862609,1077.3533173171984,122454167.64273037
6803,6804.0,30.0,494.0,7464761.090512667,33754.085990116,377.29968943393203,775.4746248898912,2122.4414082581848,351.9099700898448,186.51228414761778,1107.8208926998445,1272304.0755097177,6573.538026862609,1077.3533173171984,122454167.64273037
6804,6805.0,30.0,494.0,9532863.575016432,16877.042995058,377.29968943393203,775.4746248898912,2120.562548630751,351.59844703308545,186.3471769275353,1107.8208926998445,1272304.0755097177,6573.538026862609,1077.3533173171984,122454167.64273037
6805,6806.0,30.0,494.0,11600966.059520196,0.0,377.29968943393203,775.4746248898912,2120.562548630751,351.59844703308545,186.3471769275353,1107.8208926998445,1272304.0755097177,6573.538026862609,1077.3533173171984,122454167.64273037
6806,6807.0,30.0,494.0,12764307.743991574,0.0,426.699689433932,863.7108755004513,2371.8849930841916,393.26879589001766,208.43246182170938,1233.872679286359,1272304.0755097177,6573.538026862609,1077.3533173171984,122454167.64273037
6807,6808.0,30.0,494.0,12993743.74988648,0.0,476.09968943393204,958.1768210845235,2631.3032371332115,436.28146335346054,231.2291755773341,1368.824030120748,1272304.0755097177,6573.538026862609,1077.3533173171984,122454167.64273037
6808,6809.0,30.0,494.0,12276133.34560822,0.0,525.4996894339321,1053.9719711743871,2894.3716844035353,479.899350306795,254.34665566260136,1505.6742445348389,1272304.0755097177,6573.538026862609,1077.3533173171984,122454167.64273037
6809,6810.0,30.0,494.0,11389483.836025588,0.0,532.5651098174111,1071.070527580644,2941.3269914325274,487.68474340544026,258.47291400488336,1530.1007536866343,1272304.0755097177,6573.538026862609,1077.3533173171984,122454167.64273037
6810,6811.0,30.0,494.0,10473427.880276367,0.0,532.5651098174111,1074.0450332583778,2949.4954487010245,489.0391089685376,259.19072775332495,1534.3500475119683,1272304.0755097177,6573.538026862609,1077.3533173171984,122454167.64273037
6811,6812.0,30.0,494.0,9537669.842812926,8491.026001916267,532.5651098174111,1074.3868952338623,2954.968249177197,489.946522970349,259.671657174285,1534.8384217626606,1272304.0755097177,6573.538026862609,1077.3533173171984,122454167.64273037
6812,6813.0,30.0,494.0,8588733.349586984,23837.585289781913,532.5651098174111,1074.3868952338623,2958.628931333447,490.55347991300096,259.9933443538905,1534.8384217626606,1272304.0755097177,6573.538026862609,1077.3533173171984,122454167.64273037
6813,6814.0,30.0,494.0,7639796.856361043,39184.14457764756,532.5651098174111,1074.3868952338623,2958.628931333447,490.55347991300096,259.9933443538905,1534.8384217626606,1272304.0755097177,6573.538026862609,1077.3533173171984,122454167.64273037
6814,6815.0,30.0,494.0,6697453.976120407,51100.65605793707,532.5651098174111,1074.3868952338623,2956.797372170862,490.24979947800045,259.83239372334026,1534.8384217626606,1272304.0755097177,6573.538026862609,1077.3533173171984,122454167.64273037
6815,6816.0,30.0,494.0,5768272.028712394,56170.74981415948,532.5651098174111,1074.3868952338623,2953.1415574951334,489.6436495846823,259.5111342798816,1534.8384217626606,1272304.0755097177,6573.538026862609,1077.3533173171984,122454167.64273037
6816,6817.0,30.0,494.0,4862037.720185351,49303.30665270891,532.5651098174111,1074.3868952338623,2946.767213361518,488.5867557431491,258.95098054386904,1534.8384217626606,1272304.0755097177,6573.538026862609,1077.3533173171984,122454167.64273037
6817,6818.0,30.0,494.0,3991649.5731685013,23788.416640496813,532.5651098174111,1074.3868952338623,2936.8099462753657,486.93579777143293,258.07597281885944,1534.8384217626606,1272304.0755097177,6573.538026862609,1077.3533173171984,122454167.64273037
6818,6819.0,30.0,494.0,3153623.5334824547,21999.51453872708,532.5651098174111,1066.5000335041393,2927.8204720168096,485.44530403853497,257.28601114042357,1523.5714764344848,1272304.0755097177,6573.538026862609,1077.3533173171984,122454167.64273037
6819,6820.0,30.0,494.0,2328482.7473671846,13507.60516931396,532.5651098174111,1066.5000335041393,2924.241234913816,484.8518510381562,256.9714810502228,1523.5714764344848,1272304.0755097177,6573.538026862609,1077.3533173171984,122454167.64273037
6820,6821.0,30.0,494.0,1512983.6802050713,0.0,532.5651098174109,1066.5000335041393,2921.5629796490502,484.40778472544224,256.7361259044844,1523.5714764344848,1272304.0755097177,6573.538026862609,1077.3533173171984,122454167.64273037
6821,6822.0,30.0,494.0,703901.8754050706,0.0,532.5651098174109,1063.2244391081476,2919.780406770685,484.1122264283474,256.57948000702413,1518.8920558687826,1272304.0755097177,6573.538026862609,1077.3533173171984,122454167.64273037
6822,6823.0,30.0,494.0,0.0,0.0,527.1764159912368,1052.585333131297,2890.5637597165387,479.26797991537154,254.01202935514692,1503.69333304471,1272304.0755097177,6573.538026862609,1077.3533173171984,122454167.64273037
6823,6824.0,30.0,494.0,213042.91503847693,0.0,477.77641599123683,959.8350065569136,2635.8568734822193,437.0364759654198,231.62933226167252,1371.1928665098767,1272304.0755097177,6573.538026862609,1077.3533173171984,122454167.64273037
6824,6825.0,30.0,494.0,1335502.376470983,56170.74981415948,428.37641599123685,856.9240828006688,2383.2411661505453,395.1516985268425,209.43040021922653,1224.1772611438125,1272304.0755097177,6573.538026862609,1077.3533173171984,122454167.64273037
6825,6826.0,30.0,494.0,3372982.110217994,53381.24198894622,378.9764159912369,775.8329186325897,2129.0688682854047,353.0088316418651,187.0946807701885,1108.3327409036997,1272304.0755097177,6573.538026862609,1077.3533173171984,122454167.64273037
6826,6827.0,30.0,494.0,5419499.748543215,45890.14721092098,378.9764159912369,775.8329186325897,2126.5583392359017,352.592575061456,186.87406478257168,1108.3327409036997,1272304.0755097177,6573.538026862609,1077.3533173171984,122454167.64273037
6827,6828.0,30.0,494.0,7472780.340840069,34880.912151558325,378.9764159912369,775.8329186325897,2124.6797409104483,352.2810953296957,186.70898052473873,1108.3327409036997,1272304.0755097177,6573.538026862609,1077.3533173171984,122454167.64273037
6828,6829.0,30.0,494.0,9535057.646404311,19191.51817371091,378.9764159912369,775.8329186325897,2122.180653891729,351.8667358875045,186.48937002037738,1108.3327409036997,1272304.0755097177,6573.538026862609,1077.3533173171984,122454167.64273037
6829,6830.0,30.0,494.0,11604067.118069265,0.0,378.9764159912369,775.8329186325897,2120.3106077526427,351.5566741452524,186.32503729698377,1108.3327409036997,1272304.0755097177,6573.538026862609,1077.3533173171984,122454167.64273037
6830,6831.0,30.0,494.0,12774973.890203103,0.0,428.3764159912365,862.9456556545348,2369.783579844619,392.9203724812927,208.24779741508513,1232.779508077907,1272304.0755097177,6573.538026862609,1077.3533173171984,122454167.64273037
6831,6832.0,30.0,494.0,12993743.74988648,0.0,477.7764159912365,959.255717605579,2634.266055525303,436.7727114640966,231.48953707597119,1370.3653108651129,1272304.0755097177,6573.538026862609,1077.3533173171984,122454167.64273037
6832,6833.0,30.0,494.0,12264415.817052567,0.0,527.1764159912364,1055.1572165801174,2897.626553446772,480.4390216792037,254.63268148997795,1507.3674522573106,1272304.0755097177,6573.538026862609,1077.3533173171984,122454167.64273037
6833,6834.0,30.0,494.0,11372209.72206785,0.0,533.74724,1071.6325844417038,2942.8704873775514,487.94066171241155,258.60855070757816,1530.903692059577,1272304.0755097177,6573.538026862609,1077.3533173171984,122454167.64273037
6834,6835.0,30.0,494.0,10447354.697759118,0.0,533.74724,1074.9350721036287,2951.939634412,489.4443655363265,259.405513734253,1535.6215315766126,1272304.0755097177,6573.538026862609,1077.3533173171984,122454167.64273037
6835,6836.0,30.0,494.0,9496224.298291415,8592.936189641609,533.74724,1075.9220165979525,2959.238349733936,490.65452412098426,260.04689778412165,1537.0314522827896,1272304.0755097177,6573.538026862609,1077.3533173171984,122454167.64273037
6836,6837.0,30.0,494.0,8528600.728202904,25765.745637541324,533.74724,1075.9220165979525,2963.819786017494,491.4141460823926,260.4494974236681,1537.0314522827894,1272304.0755097177,6573.538026862609,1077.3533173171984,122454167.64273037
6837,6838.0,30.0,494.0,7551054.877903918,48100.20099307114,533.74724,1075.9220165979527,2966.5759749648482,491.87113413692805,260.69170109257186,1537.0314522827898,1272304.0755097177,6573.538026862609,1077.3533173171984,122454167.64273037
6838,6839.0,30.0,494.0,6603738.020293349,54709.30359779671,531.9461542580686,1075.9220165979527,2958.1790325513994,490.47888474805654,259.95380891647,1537.0314522827898,1272304.0755097177,6573.538026862609,1077.3533173171984,122454167.64273037
6839,6840.0,30.0,494.0,5666316.550709508,56170.74981415948,531.9461542580686,1075.9220165979527,2955.4303136550857,490.02313526030935,259.712261687964,1537.0314522827898,1272304.0755097177,6573.538026862609,1077.3533173171984,122454167.64273037
6840,6841.0,30.0,494.0,4748626.667899299,47367.67396898754,531.9461542580684,1075.9220165979527,2949.9493173290803,489.1143623511293,259.23061204609854,1537.0314522827898,1272304.0755097177,6573.538026862609,1077.3533173171984,122454167.64273037
6841,6842.0,30.0,494.0,3892904.310753055,6328.618241698481,531.9461542580684,1075.9220165979527,2932.7361157557534,486.26033904228746,257.71797969241237,1537.0314522827898,1272304.0755097177,6573.538026862609,1077.3533173171984,122454167.64273037
6842,6843.0,30.0,494.0,3085557.1227694135,13650.433313405141,531.9461542580684,1061.6252937785387,2919.298568766141,484.0323356021001,256.53713786911305,1516.6075625407695,1272304.0755097177,6573.538026862609,1077.3533173171984,122454167.64273037
6843,6844.0,30.0,494.0,2297426.740921175,10975.519141176715,531.9461542580684,1061.6252937785387,2913.960567061863,483.14727181999376,256.0680540645967,1516.6075625407695,1272304.0755097177,6573.538026862609,1077.3533173171984,122454167.64273037
6844,6845.0,30.0,494.0,1525252.6896489207,0.0,531.9461542580684,1061.6252937785387,2909.5282530129784,482.41237497040214,255.67855873431316,1516.6075625407695,1272304.0755097177,6573.538026862609,1077.3533173171984,122454167.64273037
6845,6846.0,30.0,494.0,759446.5522612003,0.0,531.9461542580684,1058.847041115329,2907.7593880450527,482.1190895041774,255.52311743721404,1512.6386301647558,1272304.0755097177,6573.538026862609,1077.3533173171984,122454167.64273037
6846,6847.0,30.0,494.0,0.0,0.0,531.9461542580684,1058.2037596402502,2905.992836621019,481.8261876335415,255.36787944577702,1511.7196566289288,1272304.0755097177,6573.538026862609,1077.3533173171984,122454167.64273037
6847,6848.0,30.0,494.0,151700.44554672338,0.0,482.54615425806844,966.0398883966232,2652.89644834104,439.8617112136485,233.12670694323373,1380.0569834237474,1272304.0755097177,6573.538026862609,1077.3533173171984,122454167.64273037
6848,6849.0,30.0,494.0,1212763.820228978,52154.63263916224,433.14615425806807,863.9152997785751,2400.2956346922806,397.97940321214907,210.92908370243902,1234.164713969393,1272304.0755097177,6573.538026862609,1077.3533173171984,122454167.64273037
6849,6850.0,30.0,494.0,3179131.5765277017,56170.74981415948,383.74615425806803,781.7026847307183,2148.8221953543734,356.2840187499608,188.83052993747924,1116.7181210438832,1272304.0755097177,6573.538026862609,1077.3533173171984,122454167.64273037
6850,6851.0,30.0,494.0,5176245.126921313,44192.670201682486,382.18343878655156,781.7026847307183,2140.2816969946816,354.8679671639818,188.08002259691037,1116.7181210438832,1272304.0755097177,6573.538026862609,1077.3533173171984,122454167.64273037
6851,6852.0,30.0,494.0,7177895.0990730245,29854.709361674264,382.18343878655156,781.7026847307183,2139.0215798396544,354.6590342866783,187.96928817193952,1116.7181210438832,1272304.0755097177,6573.538026862609,1077.3533173171984,122454167.64273037
6852,6853.0,30.0,494.0,9181811.065811606,14337.960840011016,382.18343878655133,781.7026847307183,2138.392136898857,354.5546699232583,187.9139750593269,1116.7181210438832,1272304.0755097177,6573.538026862609,1077.3533173171984,122454167.64273037
6853,6854.0,30.0,494.0,11183461.037963321,0.0,382.18343878655133,781.7026847307183,2139.021579839653,354.6590342866781,187.9692881719394,1116.7181210438832,1272304.0755097177,6573.538026862609,1077.3533173171984,122454167.64273037
6854,6855.0,30.0,494.0,12559529.901502198,0.0,416.141498229185,842.1932055868533,2312.794110009887,383.471271767867,203.23977403696952,1203.1331508383619,1272304.0755097177,6573.538026862609,1077.3533173171984,122454167.64273037
6855,6856.0,30.0,494.0,12993743.74988648,0.0,465.541498229185,937.4632383650014,2574.4205031083848,426.850059899203,226.2305317465776,1339.233197664288,1272304.0755097177,6573.538026862609,1077.3533173171984,122454167.64273037
6856,6857.0,30.0,494.0,12467424.695202203,0.0,514.941498229185,1034.6225672292337,2841.2351984052066,471.08909098675224,249.6772182229787,1478.0322388989052,1272304.0755097177,6573.538026862609,1077.3533173171984,122454167.64273037
6857,6858.0,30.0,494.0,11569046.274045713,0.0,531.4353199999999,1072.2569243955613,2944.585022425266,488.22493904275933,258.75921769266245,1531.7956062793735,1272304.0755097177,6573.538026862609,1077.3533173171984,122454167.64273037
6858,6859.0,30.0,494.0,10631242.458516981,0.0,531.4353199999999,1076.2448615554206,2955.5365208619996,490.04074487481415,259.72159478365154,1537.4926593648868,1272304.0755097177,6573.538026862609,1077.3533173171984,122454167.64273037
6859,6860.0,30.0,494.0,9666979.370561605,8814.800026239287,531.4353199999999,1077.2072673408788,2962.8863187582897,491.2593731713533,260.36746778081726,1538.8675247726842,1272304.0755097177,6573.538026862609,1077.3533173171984,122454167.64273037
6860,6861.0,30.0,494.0,8689433.52026262,24539.39441815263,531.4353199999999,1077.2072673408788,2966.575974964848,491.87113413692805,260.69170109257186,1538.8675247726842,1272304.0755097177,6573.538026862609,1077.3533173171984,122454167.64273037
6861,6862.0,30.0,494.0,7711887.669963632,40263.98881006363,531.25748,1077.2072673408786,2966.575974964849,491.87113413692816,260.6917010925719,1538.8675247726837,1272304.0755097177,6573.538026862609,1077.3533173171984,122454167.64273037
6862,6863.0,30.0,494.0,6740989.866039548,52530.218729603475,531.25748,1077.2072673408788,2964.729295416264,491.5649466764972,260.52942173854353,1538.8675247726842,1272304.0755097177,6573.538026862609,1077.3533173171984,122454167.64273037
6863,6864.0,30.0,494.0,5786673.323671076,56170.74981415948,531.25748,1077.2072673408788,2960.1233894285942,490.8012675322575,260.1246717920965,1538.8675247726842,1272304.0755097177,6573.538026862609,1077.3533173171984,122454167.64273037
6864,6865.0,30.0,494.0,4858771.923598945,46069.92223505955,531.25748,1077.2072673408788,2952.785849901833,489.5846717264329,259.47987601500944,1538.8675247726842,1272304.0755097177,6573.538026862609,1077.3533173171984,122454167.64273037
6865,6866.0,30.0,494.0,3986537.9194131494,7010.49037647713,531.25748,1077.2072673408788,2937.3226843778507,487.02081196763515,258.12103034284667,1538.8675247726842,1272304.0755097177,6573.538026862609,1077.3533173171984,122454167.64273037
6866,6867.0,30.0,494.0,3156451.939840764,15274.124331162708,531.25748,1063.7422248494574,2925.614899763015,485.07961061451687,257.09219362569394,1519.6317497849393,1272304.0755097177,6573.538026862609,1077.3533173171984,122454167.64273037
6867,6868.0,30.0,494.0,2348911.7051606122,11809.289689012076,531.25748,1063.7422248494577,2919.352192848505,484.0412267070076,256.54185015471404,1519.6317497849395,1272304.0755097177,6573.538026862609,1077.3533173171984,122454167.64273037
6868,6869.0,30.0,494.0,1557412.0944713894,0.0,531.25748,1063.7422248494577,2914.8964639621363,483.3024475760363,256.1502972152992,1519.6317497849398,1272304.0755097177,6573.538026862609,1077.3533173171984,122454167.64273037
6869,6870.0,30.0,494.0,775511.5913645811,0.0,531.25748,1060.4750100966792,2912.2300451892434,482.8603438048957,255.91598221659473,1514.9643001381132,1272304.0755097177,6573.538026862609,1077.3533173171984,122454167.64273037
6870,6871.0,30.0,494.0,0.0,0.0,531.25748,1059.8287621908921,2910.455347483069,482.5660912454289,255.7600283600773,1514.0410888441315,1272304.0755097177,6573.538026862609,1077.3533173171984,122454167.64273037
6871,6872.0,30.0,494.0,132554.38321603835,0.0,481.85748,967.9765410198694,2658.214798988453,440.743516765489,233.59406388570918,1382.823630028385,1272304.0755097177,6573.538026862609,1077.3533173171984,122454167.64273037
6872,6873.0,30.0,494.0,1175173.946502516,0.0,432.45748000000003,875.9220972461306,2405.418915635553,398.8288653629033,211.37929864233874,1251.3172817801867,1272304.0755097177,6573.538026862609,1077.3533173171984,122454167.64273037
6873,6874.0,30.0,494.0,3124371.7949391063,56170.74981415948,383.05748000000006,773.2982678275388,2153.591614204966,357.07480903445463,189.24964878826097,1104.7118111821983,1272304.0755097177,6573.538026862609,1077.3533173171984,122454167.64273037
6874,6875.0,30.0,494.0,5222706.789976028,44753.8341038744,375.0303873695191,771.3548701588679,2112.1646290382073,350.2060356236915,185.6091988805565,1101.9355287983828,1272304.0755097177,6573.538026862609,1077.3533173171984,122454167.64273037
6875,6876.0,30.0,494.0,7323287.259336642,32168.80550948344,375.0303873695191,771.3548701588679,2111.540886170516,350.1026163570587,185.55438666924113,1101.9355287983828,1272304.0755097177,6573.538026862609,1077.3533173171984,122454167.64273037
6876,6877.0,30.0,494.0,9428354.270533433,17249.843603705056,375.0303873695191,771.3548701588679,2110.2946245493545,349.8959807872284,185.44486981723105,1101.9355287983828,1272304.0755097177,6573.538026862609,1077.3533173171984,122454167.64273037
6877,6878.0,30.0,494.0,11537901.957421307,0.0,375.0303873695191,771.3548701588679,2109.0499924129435,349.689615393021,185.3354961583011,1101.9355287983828,1272304.0755097177,6573.538026862609,1077.3533173171984,122454167.64273037
6878,6879.0,30.0,494.0,12742702.39608778,0.0,424.43038736951877,859.5172609763944,2360.3686724744425,391.3593400974793,207.42045025166402,1227.8818013948492,1272304.0755097177,6573.538026862609,1077.3533173171984,122454167.64273037
6879,6880.0,30.0,494.0,12993743.74988648,0.0,473.8303873695188,955.9914080752397,2625.3017516043797,435.2863910820996,230.7017872735128,1365.702011536057,1272304.0755097177,6573.538026862609,1077.3533173171984,122454167.64273037
6880,6881.0,30.0,494.0,12279665.273849588,0.0,523.2303873695188,1053.6147113903323,2893.3905932253774,479.7366811439067,254.26044100627055,1505.1638734147605,1272304.0755097177,6573.538026862609,1077.3533173171984,122454167.64273037
6881,6882.0,30.0,494.0,11377072.92648208,0.0,530.2505177536883,1072.6831692865358,2945.755557483882,488.41901882082243,258.8620799750359,1532.4045275521942,1272304.0755097177,6573.538026862609,1077.3533173171984,122454167.64273037
6882,6883.0,30.0,494.0,10428310.737287847,0.0,530.2505177536883,1077.3533173171984,2958.580513546861,490.5454520344631,259.98908957826546,1539.0761675959977,1272304.0755097177,6573.538026862609,1077.3533173171984,122454167.64273037
6883,6884.0,30.0,494.0,9451114.231272353,12991.725001412684,529.6569199999999,1077.3533173171984,2966.4789348861004,491.8550444719428,260.59870974924297,1539.0761675959977,1272304.0755097177,6573.538026862609,1077.3533173171984,122454167.64273037
6884,6885.0,30.0,494.0,8473568.380973365,27965.20522939531,528.2342,1077.3533173171984,2966.575974964849,491.8711341369282,260.6917010925719,1539.0761675959977,1272304.0755097177,6573.538026862609,1077.3533173171984,122454167.64273037
6885,6886.0,30.0,494.0,7496022.530674377,42938.685457377935,527.7006799999999,1077.3533173171984,2966.5759749648487,491.87113413692816,260.6917010925719,1539.0761675959977,1272304.0755097177,6573.538026862609,1077.3533173171984,122454167.64273037
6886,6887.0,30.0,494.0,6521824.220393874,56170.74981415948,527.7006799999999,1077.3533173171984,2965.6461027374917,491.7169572977262,260.60998736779493,1539.0761675959977,1272304.0755097177,6573.538026862609,1077.3533173171984,122454167.64273037
6887,6888.0,30.0,494.0,5562100.253346476,56170.74981415948,527.7006799999999,1077.3533173171984,2961.6254518394076,491.0503159799582,259.9890895782654,1539.0761675959977,1272304.0755097177,6573.538026862609,1077.3533173171984,122454167.64273037
6888,6889.0,30.0,494.0,4627897.199271088,48596.976587564684,527.7006799999999,1077.3533173171984,2954.536309347182,489.8749054773667,259.63369990300436,1539.0761675959977,1272304.0755097177,6573.538026862609,1077.3533173171984,122454167.64273037
6889,6890.0,30.0,494.0,3772726.1382346386,0.0,527.7006799999999,1077.3358479009894,2932.582977947477,486.23494813099035,257.7045225094249,1539.051211287128,1272304.0755097177,6573.538026862609,1077.3533173171984,122454167.64273037
6890,6891.0,30.0,494.0,2966312.0378695903,10067.31027157139,527.7006799999999,1060.9970642920734,2919.0393777609765,483.98936061182707,256.51436112426836,1515.7100918458193,1272304.0755097177,6573.538026862609,1077.3533173171984,122454167.64273037
6891,6892.0,30.0,494.0,2179265.3429749506,10059.548375533528,527.7006799999999,1060.9970642920737,2913.6595429080853,483.09736071265297,256.04160117770607,1515.7100918458195,1272304.0755097177,6573.538026862609,1077.3533173171984,122454167.64273037
6892,6893.0,30.0,494.0,1398657.3895550491,6702.304013930059,527.7006799999999,1060.9970642920737,2911.871003609547,482.80081315727443,255.88443097335542,1515.7100918458195,1272304.0755097177,6573.538026862609,1077.3533173171984,122454167.64273037
6893,6894.0,30.0,494.0,624479.6755946269,0.0,527.7006799999999,1060.9970642920737,2910.0848259819136,482.5046571771518,255.72746830389042,1515.7100918458198,1272304.0755097177,6573.538026862609,1077.3533173171984,122454167.64273037
6894,6895.0,30.0,494.0,0.0,0.0,519.9274919093526,1044.551659734111,2868.5020375469708,475.6100509103044,252.07332698246134,1492.2166567630156,1272304.0755097177,6573.538026862609,1077.3533173171984,122454167.64273037
6895,6896.0,30.0,494.0,291785.16962904844,0.0,470.5274919093527,951.8701106279603,2613.9840249848385,433.4098630325285,229.7072274072401,1359.8144437542292,1272304.0755097177,6573.538026862609,1077.3533173171984,122454167.64273037
6896,6897.0,30.0,494.0,1496072.8749640267,56170.74981415948,421.12749190935267,848.6470344722829,2360.511098399858,391.38295493224354,207.43296611408908,1212.3529063889757,1272304.0755097177,6573.538026862609,1077.3533173171984,122454167.64273037
6897,6898.0,30.0,494.0,3612261.851407417,44471.43897994608,371.7274919093527,769.603823601928,2107.2051897586325,349.38373912978267,185.17338173878483,1099.43403371704,1272304.0755097177,6573.538026862609,1077.3533173171984,122454167.64273037
6898,6899.0,30.0,494.0,5732956.634906314,30428.172920186073,371.7274919093527,769.603823601928,2105.9535766876566,349.17621626641534,185.06339462120013,1099.43403371704,1272304.0755097177,6573.538026862609,1077.3533173171984,122454167.64273037
6899,6900.0,30.0,494.0,7855902.097412676,15214.086460093502,371.7274919093527,769.603823601928,2105.328388074474,349.07255728892386,185.00845536312966,1099.43403371704,1272304.0755097177,6573.538026862609,1077.3533173171984,122454167.64273037
6900,6901.0,30.0,494.0,9978847.559919037,0.0,371.7274919093527,769.603823601928,2105.328388074474,349.07255728892386,185.00845536312966,1099.43403371704,1272304.0755097177,6573.538026862609,1077.3533173171984,122454167.64273037
6901,6902.0,30.0,494.0,11918438.998657985,0.0,381.69799457105614,785.1920606688899,2156.2600613432,357.5172491173462,189.4841420321935,1121.7029438127,1272304.0755097177,6573.538026862609,1077.3533173171984,122454167.64273037
6902,6903.0,30.0,494.0,12944359.866261743,0.0,431.0979945710562,877.611195100309,2410.0574422140858,399.5979531422696,211.7869151654029,1253.7302787147273,1272304.0755097177,6573.538026862609,1077.3533173171984,122454167.64273037
6903,6904.0,30.0,494.0,12993743.74988648,0.0,480.49799457105615,976.3893605034899,2681.3177155415924,444.5740803049912,235.62426256164534,1394.8419435764142,1272304.0755097177,6573.538026862609,1077.3533173171984,122454167.64273037
6904,6905.0,30.0,494.0,12099215.16423506,0.0,527.7006799999999,1071.867507819913,2943.5156236738576,488.047628102086,258.6652428941056,1531.2392968855902,1272304.0755097177,6573.538026862609,1077.3533173171984,122454167.64273037
6905,6906.0,30.0,494.0,11121669.313936071,14973.480227983082,527.7006799999999,1077.3533173171984,2966.5759749648487,491.87113413692816,260.6917010925719,1539.0761675959977,1272304.0755097177,6573.538026862609,1077.3533173171984,122454167.64273037
6906,6907.0,30.0,494.0,10144123.463637084,29946.96045596525,523.96604,1077.3533173171984,2966.5759749648487,491.8711341369281,260.6917010925719,1539.0761675959977,1272304.0755097177,6573.538026862609,1077.3533173171984,122454167.64273037
6907,6908.0,30.0,494.0,9166577.613338096,44920.44068394974,521.47628,1077.3533173171984,2966.575974964849,491.8711341369282,260.691701092572,1539.0761675959977,1272304.0755097177,6573.538026862609,1077.3533173171984,122454167.64273037
6908,6909.0,30.0,494.0,8192327.613189328,41197.26958617685,520.58708,1077.3533173171984,2965.6604610342315,491.7193379654594,259.8143845101585,1539.0761675959977,1272304.0755097177,6573.538026862609,1077.3533173171984,122454167.64273037
6909,6910.0,30.0,494.0,7214781.762890341,56170.74981415948,520.94276,1077.3533173171984,2966.5759749648487,491.87113413692816,260.6917010925719,1539.0761675959977,1272304.0755097177,6573.538026862609,1077.3533173171984,122454167.64273037
6910,6911.0,30.0,494.0,6239875.441253405,56170.74981415948,522.1876400000001,1077.3533173171984,2965.842772558723,491.7495660051505,259.98908957826575,1539.0761675959977,1272304.0755097177,6573.538026862609,1077.3533173171984,122454167.64273037
6911,6912.0,30.0,494.0,5292654.7866188325,55368.83176885545,522.1896397711805,1077.3533173171984,2958.152309502511,490.47445395091023,259.95146059398246,1539.0761675959977,1272304.0755097177,6573.538026862609,1077.3533173171984,122454167.64273037
6912,6913.0,30.0,494.0,4392298.758671606,30187.577177692205,522.1896397711805,1077.3533173171984,2945.1343576449144,488.3160211993567,258.8074912356591,1539.0761675959977,1272304.0755097177,6573.538026862609,1077.3533173171984,122454167.64273037
6913,6914.0,30.0,494.0,3564697.8613467757,0.0,522.1896397711803,1070.967479478361,2924.924599138694,484.9651557838145,257.0315325654217,1529.9535421119442,1272304.0755097177,6573.538026862609,1077.3533173171984,122454167.64273037
6914,6915.0,30.0,494.0,2779586.104130294,8022.9067569077015,522.1896397711803,1059.239823569162,2913.1220602197122,483.0082437570313,255.9943691912266,1513.1997479559457,1272304.0755097177,6573.538026862609,1077.3533173171984,122454167.64273037
6915,6916.0,30.0,494.0,2007473.8023027685,9283.397588581312,522.1896397711803,1059.239823569162,2909.5111003894426,482.40953099119406,255.67705142533288,1513.1997479559457,1272304.0755097177,6573.538026862609,1077.3533173171984,122454167.64273037
6916,6917.0,30.0,494.0,1245088.352655325,5483.905665840022,522.1896397711803,1059.239823569162,2906.8091970060864,481.9615437180835,255.43961817058425,1513.1997479559457,1272304.0755097177,6573.538026862609,1077.3533173171984,122454167.64273037
6917,6918.0,30.0,494.0,485940.8673023117,0.0,522.1896397711803,1059.239823569162,2905.909762479855,481.81241358144354,255.36057919816508,1513.1997479559457,1272304.0755097177,6573.538026862609,1077.3533173171984,122454167.64273037
6918,6919.0,30.0,494.0,0.0,0.0,507.84720995255543,1030.5382536422103,2830.0190352435498,469.2294025980015,248.69158337694083,1472.1975052031576,1272304.0755097177,6573.538026862609,1077.3533173171984,122454167.64273037
6919,6920.0,30.0,494.0,441294.24221390573,0.0,458.44720995255545,936.7470460197077,2572.453727044601,426.5239599168494,226.05769875593018,1338.2100657424396,1272304.0755097177,6573.538026862609,1077.3533173171984,122454167.64273037
6920,6921.0,30.0,494.0,1813016.2929387717,56170.74981415948,409.0472099525555,831.7108019133223,2314.00155801378,383.6714718719931,203.34588009215636,1188.1582884476034,1272304.0755097177,6573.538026862609,1077.3533173171984,122454167.64273037
6921,6922.0,30.0,494.0,4116494.0153541435,49274.367119840346,359.64720995255544,749.7253862603352,2055.180538099749,340.75782675454445,180.60164817990858,1071.036266086193,1272304.0755097177,6573.538026862609,1077.3533173171984,122454167.64273037
6922,6923.0,30.0,494.0,6433171.329139099,35511.45623542648,359.64720995255544,749.7253862603352,2051.513984941531,340.14989637436014,180.27944507841087,1071.036266086193,1272304.0755097177,6573.538026862609,1077.3533173171984,122454167.64273037
6923,6924.0,30.0,494.0,8756428.824106637,18325.48486974323,359.64720995255544,749.7253862603352,2049.6861568352583,339.8468345646418,180.11882231926018,1071.036266086193,1272304.0755097177,6573.538026862609,1077.3533173171984,122454167.64273037
6924,6925.0,30.0,494.0,11081876.816542083,0.0,359.64720995255544,749.7253862603352,2049.077685316395,339.74594735372966,180.06535209747673,1071.036266086193,1272304.0755097177,6573.538026862609,1077.3533173171984,122454167.64273037
6925,6926.0,30.0,494.0,12496177.244736653,0.0,409.0472099525555,838.3260260748239,2302.1742309388605,381.71044986168783,202.30653842669457,1197.6086086783198,1272304.0755097177,6573.538026862609,1077.3533173171984,122454167.64273037
6926,6927.0,30.0,494.0,12993743.74988648,0.0,458.44720995255545,931.0550230988274,2556.8225428957335,423.93224194296613,224.68408822977207,1330.0786044268964,1272304.0755097177,6573.538026862609,1077.3533173171984,122454167.64273037
6927,6928.0,30.0,494.0,12507802.882584166,0.0,507.84720995255543,1030.5382536422103,2830.0190352435498,469.2294025980015,248.69158337694083,1472.1975052031576,1272304.0755097177,6573.538026862609,1077.3533173171984,122454167.64273037
6928,6929.0,30.0,494.0,11673477.497709751,0.0,522.899,1065.7778647017171,2926.7925123469117,485.2748638768986,257.1956778547563,1522.539806716739,1272304.0755097177,6573.538026862609,1077.3533173171984,122454167.64273037
6929,6930.0,30.0,494.0,10763063.378910176,0.0,522.899,1073.4743530767437,2947.9282717705673,488.7792642517051,259.05301005340374,1533.534790109634,1272304.0755097177,6573.538026862609,1077.3533173171984,122454167.64273037
6930,6931.0,30.0,494.0,9785517.528611187,14973.480227983082,522.899,1077.3533173171984,2966.575974964849,491.87113413692816,260.691701092572,1539.0761675959982,1272304.0755097177,6573.538026862609,1077.3533173171984,122454167.64273037
6931,6932.0,30.0,494.0,8807971.6783122,29946.96045596525,520.76492,1077.3533173171984,2966.575974964849,491.8711341369282,260.6917010925719,1539.0761675959977,1272304.0755097177,6573.538026862609,1077.3533173171984,122454167.64273037
6932,6933.0,30.0,494.0,7830425.8280132115,44920.44068394974,520.58708,1077.3533173171984,2966.575974964849,491.87113413692816,260.6917010925719,1539.0761675959977,1272304.0755097177,6573.538026862609,1077.3533173171984,122454167.64273037
6933,6934.0,30.0,494.0,6853536.299202397,56170.74981415948,521.6541199999999,1077.3533173171984,2966.3936634403567,491.84090609723694,260.5169960244646,1539.0761675959977,1272304.0755097177,6573.538026862609,1077.3533173171984,122454167.64273037
6934,6935.0,30.0,494.0,5902606.59577501,56170.74981415948,522.0419587962442,1077.3533173171984,2959.1826008338485,490.6452807121033,259.98908957826546,1539.0761675959977,1272304.0755097177,6573.538026862609,1077.3533173171984,122454167.64273037
6935,6936.0,30.0,494.0,4991698.058097582,36478.99133767374,522.0419587962442,1077.3533173171984,2948.0656103477486,488.8020355821173,259.06507885852216,1539.0761675959977,1272304.0755097177,6573.538026862609,1077.3533173171984,122454167.64273037
6936,6937.0,30.0,494.0,4140540.4946977403,0.0,522.0419587962442,1074.5736017481117,2931.468117492864,486.0500994431959,257.60655270489383,1535.1051453544453,1272304.0755097177,6573.538026862609,1077.3533173171984,122454167.64273037
6937,6938.0,30.0,494.0,3384141.3752202988,22293.191466306336,522.0419587962442,1053.5607200613092,2905.146327514419,481.6858327605046,255.29349136306743,1505.0867429447276,1272304.0755097177,6573.538026862609,1077.3533173171984,122454167.64273037
6938,6939.0,30.0,494.0,2682444.0105107874,16130.112534185871,522.0419587962442,1053.5607200613092,2889.9513956344385,479.1664473006301,253.95821706933398,1505.0867429447276,1272304.0755097177,6573.538026862609,1077.3533173171984,122454167.64273037
6939,6940.0,30.0,494.0,1999906.3677265386,0.0,522.0419587962442,1053.5607200613092,2884.629250655198,478.28401263215306,253.49052669504113,1505.0867429447276,1272304.0755097177,6573.538026862609,1077.3533173171984,122454167.64273037
6940,6941.0,30.0,494.0,1323738.4215128089,0.0,522.0419587962442,1049.7800050281257,2882.859890496721,477.9906450611921,253.33504188243182,1499.6857214687511,1272304.0755097177,6573.538026862609,1077.3533173171984,122454167.64273037
6941,6942.0,30.0,494.0,657109.2550244653,0.0,522.0419587962442,1048.8151433004932,2880.210229461892,477.5513197955394,253.1021994916359,1498.3073475721333,1272304.0755097177,6573.538026862609,1077.3533173171984,122454167.64273037
6942,6943.0,30.0,494.0,0.0,0.0,522.0419587962441,1047.8521901255187,2877.5658096108145,477.11286354083353,252.8698176766418,1496.9317001793127,1272304.0755097177,6573.538026862609,1077.3533173171984,122454167.64273037
6943,6944.0,30.0,494.0,0.0,0.0,486.8492300567999,981.3846136326232,2695.0354609929077,446.8485418626529,236.82972718720603,1401.978019475176,1272304.0755097177,6573.538026862609,1077.3533173171984,122454167.64273037
6944,6945.0,30.0,494.0,916992.7597270533,0.0,437.44923005679993,888.6294348940129,2440.3152499576154,404.61482860303835,214.44585915961034,1269.4706212771614,1272304.0755097177,6573.538026862609,1077.3533173171984,122454167.64273037
6945,6946.0,30.0,494.0,2746826.453942459,56170.74981415948,388.04923005679996,785.3721291992082,2186.7483237108504,362.5723349520578,192.16333752459064,1121.9601845702975,1272304.0755097177,6573.538026862609,1077.3533173171984,122454167.64273037
6946,6947.0,30.0,494.0,4902278.83263071,47637.99898218084,370.6904148191099,765.0165521857633,2096.29868913506,347.57539412987245,184.2149588888324,1092.8807888368049,1272304.0755097177,6573.538026862609,1077.3533173171984,122454167.64273037
6947,6948.0,30.0,494.0,7066658.784085056,34461.056648282334,370.6904148191099,765.0165521857633,2093.8188078111484,347.1642190749905,183.99703610974498,1092.8807888368049,1272304.0755097177,6573.538026862609,1077.3533173171984,122454167.64273037
6948,6949.0,30.0,494.0,9237719.054415759,17808.961440401617,370.6904148191102,765.0165521857633,2091.9631636788235,346.8565452477824,183.83396898132466,1092.8807888368049,1272304.0755097177,6573.538026862609,1077.3533173171984,122454167.64273037
6949,6950.0,30.0,494.0,11411003.179526608,0.0,370.6904148191102,765.0165521857633,2091.345426239894,346.7541217072261,183.77968450482985,1092.8807888368049,1272304.0755097177,6573.538026862609,1077.3533173171984,122454167.64273037
6950,6951.0,30.0,494.0,12680005.56176124,0.0,420.09041481911015,853.0231390895398,2342.534799261065,388.40240674483795,205.85327557476413,1218.6044844136284,1272304.0755097177,6573.538026862609,1077.3533173171984,122454167.64273037
6951,6952.0,30.0,494.0,12993743.74988648,0.0,469.4904148191102,949.6495302222085,2607.885964291452,432.3987781809675,229.17135243591278,1356.6421860317264,1272304.0755097177,6573.538026862609,1077.3533173171984,122454167.64273037
6952,6953.0,30.0,494.0,12353546.13967195,0.0,518.8904148191101,1046.1415521510419,2872.8681304969436,476.3339680151329,252.45700304802045,1494.4879316443457,1272304.0755097177,6573.538026862609,1077.3533173171984,122454167.64273037
6953,6954.0,30.0,494.0,11446315.899359405,0.0,531.5593858273697,1073.1522990419503,2947.0438610797264,488.63262513198663,258.97529131995293,1533.074712917072,1272304.0755097177,6573.538026862609,1077.3533173171984,122454167.64273037
6954,6955.0,30.0,494.0,10516089.853673603,1962.0538800014183,531.5593858273697,1075.0968484114587,2953.4315847945195,489.6917373659775,259.53662080396805,1535.8526405877983,1272304.0755097177,6573.538026862609,1077.3533173171984,122454167.64273037
6955,6956.0,30.0,494.0,9569372.492680471,12503.015870025381,531.5593858273695,1075.0968484114587,2958.012505713222,490.45127387766263,259.9391751551612,1535.8526405877983,1272304.0755097177,6573.538026862609,1077.3533173171984,122454167.64273037
6956,6957.0,30.0,494.0,8612733.91479929,28205.070619240403,531.5593858273695,1075.0968484114587,2960.768399293236,490.9082129590149,260.18135286827794,1535.8526405877983,1272304.0755097177,6573.538026862609,1077.3533173171984,122454167.64273037
6957,6958.0,30.0,494.0,7652783.846765719,45629.787824135274,531.5593858273695,1075.0968484114587,2961.688257668903,491.060729458273,260.2621866128847,1535.8526405877983,1272304.0755097177,6573.538026862609,1077.3533173171984,122454167.64273037
6958,6959.0,30.0,494.0,6706066.485772587,56170.74981415948,531.5593858273695,1075.0968484114587,2958.012505713222,490.45127387766263,259.9391751551612,1535.8526405877983,1272304.0755097177,6573.538026862609,1077.3533173171984,122454167.64273037
6959,6960.0,30.0,494.0,5782421.6013462115,54709.23336943425,531.5593858273695,1075.0968484114587,2951.6034844446785,489.3886304170974,259.37597412106163,1535.8526405877983,1272304.0755097177,6573.538026862609,1077.3533173171984,122454167.64273037
6960,6961.0,30.0,494.0,4891551.566898942,36197.98977738153,531.5593858273695,1075.0968484114587,2942.4993594504826,487.8791270960936,258.57593736092963,1535.8526405877983,1272304.0755097177,6573.538026862609,1077.3533173171984,122454167.64273037
6961,6962.0,30.0,494.0,4042965.231703274,0.0,531.5593858273695,1074.2588790065067,2930.7538874361485,485.931677009051,257.54378881479704,1534.655541437867,1272304.0755097177,6573.538026862609,1077.3533173171984,122454167.64273037
6962,6963.0,30.0,494.0,3226658.5952359512,3344.3484487514943,531.5593858273695,1063.304951578968,2921.787304456053,484.44497874918096,256.7558387370659,1519.0070736842401,1272304.0755097177,6573.538026862609,1077.3533173171984,122454167.64273037
6963,6964.0,30.0,494.0,2416782.416869987,3343.5235060043633,531.5593858273695,1063.304951578968,2920.0010660945645,484.1488126991223,256.5988707305348,1519.0070736842401,1272304.0755097177,6573.538026862609,1077.3533173171984,122454167.64273037
6964,6965.0,30.0,494.0,1610118.2959643807,1671.7617530021816,531.5593858273695,1063.304951578968,2919.108827911132,484.0008757472596,256.52046414604763,1519.0070736842401,1272304.0755097177,6573.538026862609,1077.3533173171984,122454167.64273037
6965,6966.0,30.0,494.0,803454.1750587763,0.0,531.5593858273695,1063.304951578968,2919.108827911132,484.0008757472596,256.52046414604763,1519.0070736842401,1272304.0755097177,6573.538026862609,1077.3533173171984,122454167.64273037
6966,6967.0,30.0,494.0,0.0,0.0,531.5593858273695,1062.655196006733,2918.217176287012,483.8530360494694,256.44210910621877,1518.07885143819,1272304.0755097177,6573.538026862609,1077.3533173171984,122454167.64273037
6967,6968.0,30.0,494.0,115427.3652059207,0.0,482.15938582736953,969.7089643132231,2662.972303991263,441.5323316824649,234.0121357917064,1385.2985204474617,1272304.0755097177,6573.538026862609,1077.3533173171984,122454167.64273037
6968,6969.0,30.0,494.0,1142125.3500859467,0.0,432.75938582736956,877.5325885343397,2409.841576304011,399.5621616402464,211.7679456693306,1253.6179836204853,1272304.0755097177,6573.538026862609,1077.3533173171984,122454167.64273037
6969,6970.0,30.0,494.0,3083500.179978232,56170.74981415948,383.3593858273695,774.0895777650004,2155.764674911717,357.4351119032833,189.44060930874016,1105.8422539500007,1272304.0755097177,6573.538026862609,1077.3533173171984,122454167.64273037
6970,6971.0,30.0,494.0,5172265.239312342,49409.50343208574,375.922405409281,771.4176143238202,2114.8229445112097,350.64679583264416,185.8428017913014,1102.0251633197431,1272304.0755097177,6573.538026862609,1077.3533173171984,122454167.64273037
6971,6972.0,30.0,494.0,7267765.096827842,39144.76362568792,375.922405409281,771.4176143238202,2112.952167238602,350.33661286529036,185.6784048186039,1102.0251633197431,1272304.0755097177,6573.538026862609,1077.3533173171984,122454167.64273037
6972,6973.0,30.0,494.0,9376695.01535542,21893.603561871685,375.9224054092814,771.4176143238202,2109.2215947352474,349.7180678006466,185.35057593434271,1102.0251633197431,1272304.0755097177,6573.538026862609,1077.3533173171984,122454167.64273037
6973,6974.0,30.0,494.0,11494549.146444902,0.0,375.9224054092814,771.4176143238202,2106.742646801385,349.30704750587404,185.13273517811325,1102.0251633197431,1272304.0755097177,6573.538026862609,1077.3533173171984,122454167.64273037
6974,6975.0,30.0,494.0,12713423.032616945,0.0,425.3224054092814,858.0937108719902,2356.4593815006733,390.71116273705894,207.07691625064126,1225.8481583885575,1272304.0755097177,6573.538026862609,1077.3533173171984,122454167.64273037
6975,6976.0,30.0,494.0,12993743.74988648,0.0,474.7224054092814,953.02975700081,2617.1685950847036,433.93787853591624,229.9870756240356,1361.4710814297287,1272304.0755097177,6573.538026862609,1077.3533173171984,122454167.64273037
6976,6977.0,30.0,494.0,12336355.837636646,0.0,524.1224054092814,1047.8803767174754,2877.643214395638,477.12569758911684,252.87661972223194,1496.9719667392505,1272304.0755097177,6573.538026862609,1077.3533173171984,122454167.64273037
6977,6978.0,30.0,494.0,11437377.52052216,0.0,535.5256400000001,1072.3176047621382,2944.751660191376,488.2525683054845,258.7738612019068,1531.8822925173404,1272304.0755097177,6573.538026862609,1077.3533173171984,122454167.64273037
6978,6979.0,30.0,494.0,10505814.224975944,0.0,535.5256400000001,1075.6136236963862,2953.803043089079,489.75332675865485,259.56926318208707,1536.5908909948375,1272304.0755097177,6573.538026862609,1077.3533173171984,122454167.64273037
6979,6980.0,30.0,494.0,9548027.4344233,6333.577169792469,535.5256400000001,1077.0346402456898,2961.0873472575313,490.9610959117026,260.2093808332024,1538.6209146366998,1272304.0755097177,6573.538026862609,1077.3533173171984,122454167.64273037
6980,6981.0,30.0,494.0,8570481.584124312,22945.96805124924,535.5256400000001,1077.0346402456898,2966.5759749648487,491.87113413692816,260.691701092572,1538.6209146366998,1272304.0755097177,6573.538026862609,1077.3533173171984,122454167.64273037
6981,6982.0,30.0,494.0,7592935.733825326,39558.35893270484,534.99212,1077.0346402456898,2966.5759749648482,491.8711341369281,260.6917010925719,1538.6209146366998,1272304.0755097177,6573.538026862609,1077.3533173171984,122454167.64273037
6982,6983.0,30.0,494.0,6615389.88352634,56170.74981415948,534.99212,1077.0346402456898,2966.5759749648482,491.8711341369281,260.6917010925719,1538.6209146366998,1272304.0755097177,6573.538026862609,1077.3533173171984,122454167.64273037
6983,6984.0,30.0,494.0,5694483.365122957,43318.927884796634,532.2962265624234,1077.0346402456898,2950.8428272160695,489.26251015694476,259.30913038318073,1538.6209146366998,1272304.0755097177,6573.538026862609,1077.3533173171984,122454167.64273037
6984,6985.0,30.0,494.0,4796497.681425475,18543.512774267234,532.2962265624234,1077.0346402456898,2944.475928686653,488.20685082880766,258.74963093926806,1538.6209146366998,1272304.0755097177,6573.538026862609,1077.3533173171984,122454167.64273037
6985,6986.0,30.0,494.0,3947271.7216195874,27436.76018903032,532.2962265624234,1065.5558374200857,2930.9315609389873,485.9611360446816,257.5594021036813,1522.222624885837,1272304.0755097177,6573.538026862609,1077.3533173171984,122454167.64273037
6986,6987.0,30.0,494.0,3133497.4044833872,17887.792465418577,532.2962265624234,1065.5558374200857,2921.0838824196303,484.32834833157085,256.6940246157326,1522.222624885837,1272304.0755097177,6573.538026862609,1077.3533173171984,122454167.64273037
6987,6988.0,30.0,494.0,2335752.8881500494,0.0,532.2962265624234,1065.5558374200857,2916.6311599743917,483.590067681549,256.302735871221,1522.222624885837,1272304.0755097177,6573.538026862609,1077.3533173171984,122454167.64273037
6988,6989.0,30.0,494.0,1547601.0356352814,0.0,532.2962265624234,1061.107343368171,2913.9665311358985,483.14826068927766,256.06857816531715,1515.8676333831017,1272304.0755097177,6573.538026862609,1077.3533173171984,122454167.64273037
6989,6990.0,30.0,494.0,769023.0025552234,0.0,532.2962265624229,1060.1389373219317,2911.3071368484793,482.7073216082263,255.83488045235995,1514.4841961741884,1272304.0755097177,6573.538026862609,1077.3533173171984,122454167.64273037
6990,6991.0,30.0,494.0,0.0,0.0,532.2962265624229,1059.1724318018146,2908.6529617026918,482.2672478834427,255.60164137822463,1513.1034740025923,1272304.0755097177,6573.538026862609,1077.3533173171984,122454167.64273037
6991,6992.0,30.0,494.0,139549.2429663764,0.0,482.89622656242295,967.2690005736534,2656.2717823911366,440.4213562054919,233.42331878891073,1381.8128579623622,1272304.0755097177,6573.538026862609,1077.3533173171984,122454167.64273037
6992,6993.0,30.0,494.0,1186483.551052602,0.0,433.49622656242286,875.4856544052604,2404.220375413399,398.6301422075367,211.27397536999447,1250.693792007515,1272304.0755097177,6573.538026862609,1077.3533173171984,122454167.64273037
6993,6994.0,30.0,494.0,3139618.069170842,56170.74981415948,384.0962265624229,772.9000678460417,2152.4980948489524,356.89349879315887,189.15355436037422,1104.142954065774,1272304.0755097177,6573.538026862609,1077.3533173171984,122454167.64273037
6994,6995.0,30.0,494.0,5234165.061183354,43292.437557816505,376.5888777368731,772.0221927268311,2113.2168521005433,350.38049876079094,185.70166434321922,1102.888846752616,1272304.0755097177,6573.538026862609,1077.3533173171984,122454167.64273037
6995,6996.0,30.0,494.0,7330950.7074543,29249.560267372057,376.5888777368731,772.0221927268311,2112.5950036954227,350.2773936042505,185.6470186102528,1102.888846752616,1272304.0755097177,6573.538026862609,1077.3533173171984,122454167.64273037
6996,6997.0,30.0,494.0,9427736.353725245,15206.682976927143,376.5888777368731,772.0221927268311,2112.5950036954227,350.2773936042505,185.6470186102528,1102.888846752616,1272304.0755097177,6573.538026862609,1077.3533173171984,122454167.64273037
6997,6998.0,30.0,494.0,11526759.194553595,0.0,376.5888777368731,772.0221927268311,2111.9735607628095,350.1743556768064,185.5924085087074,1102.888846752616,1272304.0755097177,6573.538026862609,1077.3533173171984,122454167.64273037
6998,6999.0,30.0,494.0,12728451.543137742,0.0,425.98887773687306,859.8316489015596,2361.2320308306444,391.50248864901323,207.49631898397703,1228.330927002228,1272304.0755097177,6573.538026862609,1077.3533173171984,122454167.64273037
6999,7000.0,30.0,494.0,12993743.74988648,0.0,475.38887773687304,954.5499131468048,2621.3431813404804,434.6300430021258,230.35392279112668,1363.6427330668641,1272304.0755097177,6573.538026862609,1077.3533173171984,122454167.64273037
7000,7001.0,30.0,494.0,12298766.955034181,0.0,524.788877736873,1051.682547985888,2888.0845706741015,478.8569196437539,253.79416741118956,1502.4036399798401,1272304.0755097177,6573.538026862609,1077.3533173171984,122454167.64273037
7001,7002.0,30.0,494.0,11380419.804359185,0.0,534.10292,1074.2767910259404,2950.131891735962,489.1446339778583,259.2466560082649,1534.6811300370578,1272304.0755097177,6573.538026862609,1077.3533173171984,122454167.64273037
7002,7003.0,30.0,494.0,10425979.795336032,3683.3990874976216,534.10292,1077.2114207312452,2960.157685721561,490.80695400604435,260.12768562320355,1538.8734581874933,1272304.0755097177,6573.538026862609,1077.3533173171984,122454167.64273037
7003,7004.0,30.0,494.0,9448433.945037045,19386.633186098283,534.10292,1077.2114207312452,2966.575974964849,491.87113413692816,260.6917010925719,1538.8734581874933,1272304.0755097177,6573.538026862609,1077.3533173171984,122454167.64273037
7004,7005.0,30.0,494.0,8470888.094738057,35089.867284695436,533.3915599999999,1077.2114207312452,2966.5759749648487,491.8711341369281,260.6917010925719,1538.8734581874933,1272304.0755097177,6573.538026862609,1077.3533173171984,122454167.64273037
7005,7006.0,30.0,494.0,7496654.0806699265,49070.25889495344,533.3915599999999,1077.2114207312454,2965.656020456277,491.7186016984185,260.6108589001618,1538.8734581874935,1272304.0755097177,6573.538026862609,1077.3533173171984,122454167.64273037
7006,7007.0,30.0,494.0,6535645.364055067,56170.74981415948,533.3915599999999,1077.2114207312457,2961.9823267192573,491.10948737936883,260.2880283110655,1538.873458187494,1272304.0755097177,6573.538026862609,1077.3533173171984,122454167.64273037
7007,7008.0,30.0,494.0,5602209.982781449,48927.38120663352,533.3253487215868,1077.2114207312459,2954.3230669022455,489.83954895721615,259.61496094732456,1538.8734581874942,1272304.0755097177,6573.538026862609,1077.3533173171984,122454167.64273037
7008,7009.0,30.0,494.0,4704767.159240488,22960.409315876663,533.3253487215868,1077.2114207312459,2944.3251341987298,488.1818484501657,258.73637967858787,1538.8734581874942,1272304.0755097177,6573.538026862609,1077.3533173171984,122454167.64273037
7009,7010.0,30.0,494.0,3862436.9102050792,29779.0354382166,533.3253487215871,1065.2617246249883,2929.016085724968,485.6435419652169,257.391077241565,1521.8024637499834,1272304.0755097177,6573.538026862609,1077.3533173171984,122454167.64273037
7010,7011.0,30.0,494.0,3058640.0336582344,16552.307045881636,533.3253487215871,1065.2617246249883,2918.312371144809,483.8688197688359,256.45047447748306,1521.8024637499834,1272304.0755097177,6573.538026862609,1077.3533173171984,122454167.64273037
7011,7012.0,30.0,494.0,2261235.9480646867,0.0,533.3253487215871,1065.2617246249883,2916.5365958800044,483.5743885454852,256.29442592910715,1521.8024637499834,1272304.0755097177,6573.538026862609,1077.3533173171984,122454167.64273037
7012,7013.0,30.0,494.0,1463831.862471139,0.0,533.3253487215871,1062.043220477178,2916.5365958800044,483.5743885454852,256.29442592910715,1517.204600681683,1272304.0755097177,6573.538026862609,1077.3533173171984,122454167.64273037
7013,7014.0,30.0,494.0,669621.0337897233,0.0,533.3253487215871,1061.720217800765,2915.649580071078,483.4273174859149,256.2164782675349,1516.7431682868075,1272304.0755097177,6573.538026862609,1077.3533173171984,122454167.64273037
7014,7015.0,30.0,494.0,0.0,0.0,526.6847730146917,1049.1177751188563,2881.0413037122753,477.68911550262334,253.1752312163904,1498.7396787412235,1272304.0755097177,6573.538026862609,1077.3533173171984,122454167.64273037
7015,7016.0,30.0,494.0,233477.2018157176,0.0,477.2847730146917,957.768048118787,2630.180682710764,436.0953389725044,231.13052965542735,1368.2400687411243,1272304.0755097177,6573.538026862609,1077.3533173171984,122454167.64273037
7016,7017.0,30.0,494.0,1375168.1375190727,56170.74981415948,427.8847730146917,854.9787906328975,2377.899089964197,394.26595917797715,208.9609583643279,1221.3982723327108,1272304.0755097177,6573.538026862609,1077.3533173171984,122454167.64273037
7017,7018.0,30.0,494.0,3426142.988723574,44466.897856144424,378.4847730146921,776.2012121634526,2125.320224547213,352.38729028828436,186.76526385279072,1108.858874519218,1272304.0755097177,6573.538026862609,1077.3533173171984,122454167.64273037
7018,7019.0,30.0,494.0,5477117.839928076,32763.045898129232,378.4847730146921,776.2012121634526,2125.320224547213,352.38729028828436,186.76526385279072,1108.858874519218,1272304.0755097177,6573.538026862609,1077.3533173171984,122454167.64273037
7019,7020.0,30.0,494.0,7525835.409785193,22233.448928072117,378.4847730146921,776.2012121634526,2125.9472471437066,352.49125334814516,186.82036427451695,1108.858874519218,1272304.0755097177,6573.538026862609,1077.3533173171984,122454167.64273037
7020,7021.0,30.0,494.0,9574552.979642317,11703.851958015468,378.4847730146921,776.2012121634526,2125.9472471437066,352.49125334814516,186.82036427451695,1108.858874519218,1272304.0755097177,6573.538026862609,1077.3533173171984,122454167.64273037
7021,7022.0,30.0,494.0,11625527.830846818,0.0,378.4847730146921,776.2012121634526,2125.320224547213,352.38729028828436,186.76526385279072,1108.858874519218,1272304.0755097177,6573.538026862609,1077.3533173171984,122454167.64273037
7022,7023.0,30.0,494.0,12777429.717258556,0.0,427.8847730146921,864.8680280542745,2375.062714767425,393.79567589629227,208.71170822503493,1235.5257543632495,1272304.0755097177,6573.538026862609,1077.3533173171984,122454167.64273037
7023,7024.0,30.0,494.0,12993743.74988648,0.0,477.28477301469206,959.5041281574215,2634.9482297073732,436.8858188955075,231.549484014619,1370.7201830820309,1272304.0755097177,6573.538026862609,1077.3533173171984,122454167.64273037
7024,7025.0,30.0,494.0,12251114.04220431,0.0,526.684773014692,1056.5027108498412,2901.3214909046214,481.0516582990964,254.9573788985211,1509.2895869283445,1272304.0755097177,6573.538026862609,1077.3533173171984,122454167.64273037
7025,7026.0,30.0,494.0,11332943.763762195,0.0,532.50236,1074.2589001370532,2950.0827605601617,489.1364878163015,259.2423385426398,1534.6555716243618,1272304.0755097177,6573.538026862609,1077.3533173171984,122454167.64273037
7026,7027.0,30.0,494.0,10381874.953584198,4694.351983774531,532.50236,1076.673844789912,2959.221241597907,490.6516875179973,260.0453943845386,1538.1054925570172,1272304.0755097177,6573.538026862609,1077.3533173171984,122454167.64273037
7027,7028.0,30.0,494.0,9407646.467945272,21436.543932679862,532.50236,1076.673844789912,2965.654484781498,491.71834707689464,260.61072395075416,1538.1054925570172,1272304.0755097177,6573.538026862609,1077.3533173171984,122454167.64273037
7028,7029.0,30.0,494.0,8430100.617646284,39904.4543009907,532.50236,1076.673844789912,2966.5759749648487,491.87113413692816,260.6917010925719,1538.1054925570172,1272304.0755097177,6573.538026862609,1077.3533173171984,122454167.64273037
7029,7030.0,30.0,494.0,7465810.94890688,51476.39783038592,532.50236,1076.6738447899122,2962.8937023094086,491.26059739608024,260.36811661992255,1538.1054925570174,1272304.0755097177,6573.538026862609,1077.3533173171984,122454167.64273037
7030,7031.0,30.0,494.0,6514742.138728883,56170.74981415948,532.50236,1076.6738447899122,2959.221241597907,490.6516875179973,260.0453943845386,1538.1054925570174,1272304.0755097177,6573.538026862609,1077.3533173171984,122454167.64273037
7031,7032.0,30.0,494.0,5634816.4389918,23855.912672638893,530.0882913077717,1076.6738447899122,2939.4592664754305,487.37506652520665,258.30878525835953,1538.1054925570174,1272304.0755097177,6573.538026862609,1077.3533173171984,122454167.64273037
7032,7033.0,30.0,494.0,4780968.67964562,26019.782835595932,530.0882913077717,1067.3318293249072,2932.2153941446236,486.17400114580425,257.67222060727624,1524.759756178439,1272304.0755097177,6573.538026862609,1077.3533173171984,122454167.64273037
7033,7034.0,30.0,494.0,3949825.980442146,16372.307392285205,530.0882913077717,1067.3318293249072,2925.908432993872,485.1282796944214,257.1179882380433,1524.759756178439,1272304.0755097177,6573.538026862609,1077.3533173171984,122454167.64273037
7034,7035.0,30.0,494.0,3131610.488598531,0.0,530.0882913077717,1067.3318293249072,2922.317542060581,484.53289443854885,256.8024340524309,1524.759756178439,1272304.0755097177,6573.538026862609,1077.3533173171984,122454167.64273037
7035,7036.0,30.0,494.0,2316621.466077391,1.3969838619232178e-09,530.0882913077717,1063.821962948723,2921.421300582113,484.3842937230455,256.72367567321413,1519.7456613553186,1272304.0755097177,6573.538026862609,1077.3533173171984,122454167.64273037
7036,7037.0,30.0,494.0,1501632.4435562547,0.0,530.0882913077714,1063.821962948723,2921.4213005821116,484.38429372304535,256.723675673214,1519.7456613553186,1272304.0755097177,6573.538026862609,1077.3533173171984,122454167.64273037
7037,7038.0,30.0,494.0,686643.4210351198,-9.313225746154785e-10,530.0882913077714,1063.821962948723,2921.4213005821116,484.38429372304535,256.723675673214,1519.7456613553186,1272304.0755097177,6573.538026862609,1077.3533173171984,122454167.64273037
7038,7039.0,30.0,494.0,0.0,0.0,523.3000702030109,1050.8396148550553,2885.7697446137745,478.4731114658305,253.5907490768902,1501.199449792936,1272304.0755097177,6573.538026862609,1077.3533173171984,122454167.64273037
7039,7040.0,30.0,494.0,226783.64529350723,0.0,473.90007020301084,958.4451112962538,2632.0400039669335,436.40362248275835,231.29391991586195,1369.2073018517913,1272304.0755097177,6573.538026862609,1077.3533173171984,122454167.64273037
7040,7041.0,30.0,494.0,1363813.406183321,56170.74981415948,424.50007020301086,855.4502753838685,2379.193860745737,394.4806377765156,209.0747380215533,1222.071821976955,1272304.0755097177,6573.538026862609,1077.3533173171984,122454167.64273037
7041,7042.0,30.0,494.0,3415644.9676966434,46356.823810061906,375.1000702030109,775.7470690419498,2125.082249461429,352.3478329892539,186.7443514843046,1108.210098631357,1272304.0755097177,6573.538026862609,1077.3533173171984,122454167.64273037
7042,7043.0,30.0,494.0,5469752.120355483,35359.1179212518,375.1000702030109,775.7470690419498,2124.4501408099004,352.243026639459,186.68880411891328,1108.210098631357,1272304.0755097177,6573.538026862609,1077.3533173171984,122454167.64273037
7043,7044.0,30.0,494.0,7523859.27301431,24361.412032441236,375.1000702030109,775.7470690419498,2124.4501408099004,352.243026639459,186.68880411891328,1108.210098631357,1272304.0755097177,6573.538026862609,1077.3533173171984,122454167.64273037
7044,7045.0,30.0,494.0,9580240.517883886,12180.706016220618,375.1000702030109,775.7470690419498,2123.8184485291367,352.1382893257388,186.63329334264157,1108.210098631357,1272304.0755097177,6573.538026862609,1077.3533173171984,122454167.64273037
7045,7046.0,30.0,494.0,11636621.762753462,0.0,375.1000702030109,775.7470690419498,2123.8184485291367,352.1382893257388,186.63329334264157,1108.210098631357,1272304.0755097177,6573.538026862609,1077.3533173171984,122454167.64273037
7046,7047.0,30.0,494.0,12781382.466517577,0.0,424.50007020301126,865.5903692787379,2377.046376613987,394.12457561450157,208.88602507568584,1236.557670398197,1272304.0755097177,6573.538026862609,1077.3533173171984,122454167.64273037
7047,7048.0,30.0,494.0,12993743.74988648,0.0,473.9000702030113,959.903954612037,2636.046215612657,437.06786971000076,231.64597094630042,1371.2913637314814,1272304.0755097177,6573.538026862609,1077.3533173171984,122454167.64273037
7048,7049.0,30.0,494.0,12265556.160267958,0.0,523.3000702030112,1055.0418691712691,2897.3097914424966,480.3865011681467,254.60484561911778,1507.2026702446703,1272304.0755097177,6573.538026862609,1077.3533173171984,122454167.64273037
7049,7050.0,30.0,494.0,11370640.969721384,0.0,530.1904400000001,1071.9066134788955,2943.6230139225117,488.0654338700307,258.6746799511163,1531.2951621127079,1272304.0755097177,6573.538026862609,1077.3533173171984,122454167.64273037
7050,7051.0,30.0,494.0,10429622.715867326,0.0,530.1904400000001,1076.5700067632179,2956.429420396813,490.18879148159766,259.8000594852468,1537.9571525188828,1272304.0755097177,6573.538026862609,1077.3533173171984,122454167.64273037
7051,7052.0,30.0,494.0,9452076.865568338,15344.364064497055,530.1904400000001,1077.281201015654,2966.575974964849,491.8711341369281,260.6917010925719,1538.9731443080773,1272304.0755097177,6573.538026862609,1077.3533173171984,122454167.64273037
7052,7053.0,30.0,494.0,8474531.01526935,30688.72812899411,529.1234,1077.281201015654,2966.5759749648487,491.8711341369281,260.6917010925719,1538.9731443080773,1272304.0755097177,6573.538026862609,1077.3533173171984,122454167.64273037
7053,7054.0,30.0,494.0,7496985.164970363,46033.09219349116,529.1234,1077.281201015654,2966.5759749648487,491.8711341369281,260.6917010925719,1538.9731443080773,1272304.0755097177,6573.538026862609,1077.3533173171984,122454167.64273037
7054,7055.0,30.0,494.0,6529448.215172073,56170.74981415948,529.1234,1077.281201015654,2963.7957248257662,491.4101566326823,260.44738301532163,1538.9731443080773,1272304.0755097177,6573.538026862609,1077.3533173171984,122454167.64273037
7055,7056.0,30.0,494.0,5607575.581730391,42553.48148564156,528.1040324636915,1077.281201015654,2951.1111925044866,489.3070062830816,259.33271333003324,1538.9731443080773,1272304.0755097177,6573.538026862609,1077.3533173171984,122454167.64273037
7056,7057.0,30.0,494.0,4728529.865336708,6657.323987681419,528.1040324636915,1077.281201015654,2939.2148266578197,487.33453734566393,258.2873047932019,1538.9731443080773,1272304.0755097177,6573.538026862609,1077.3533173171984,122454167.64273037
7057,7058.0,30.0,494.0,3901687.2518779403,17889.37872441858,528.1040324636912,1062.836960623093,2924.713964731454,484.9302316875999,257.01302279442797,1518.3385151758473,1272304.0755097177,6573.538026862609,1077.3533173171984,122454167.64273037
7058,7059.0,30.0,494.0,3107191.173610463,12294.518936007284,528.1040324636912,1062.836960623093,2915.728816067206,483.44045515695683,256.22344123318715,1518.3385151758473,1272304.0755097177,6573.538026862609,1077.3533173171984,122454167.64273037
7059,7060.0,30.0,494.0,2325573.9127912764,0.0,528.1040324636912,1062.836960623093,2912.151366776014,482.8472985835113,255.909068249261,1518.3385151758473,1272304.0755097177,6573.538026862609,1077.3533173171984,122454167.64273037
7060,7061.0,30.0,494.0,1547171.043777693,0.0,528.1040324636912,1060.1212192166115,2911.2584801633475,482.69925411927557,255.83060468321605,1514.4588845951594,1272304.0755097177,6573.538026862609,1077.3533173171984,122454167.64273037
7061,7062.0,30.0,494.0,771980.4457533197,0.0,528.1040324636912,1059.79629323808,2910.366182666345,482.5513073329664,255.75219288647222,1513.9947046258285,1272304.0755097177,6573.538026862609,1077.3533173171984,122454167.64273037
7062,7063.0,30.0,494.0,0.0,0.0,528.1040324636912,1059.4715815710344,2909.474473702163,482.4034581279458,255.67383280781127,1513.5308308157635,1272304.0755097177,6573.538026862609,1077.3533173171984,122454167.64273037
7063,7064.0,30.0,494.0,141173.6188582637,0.0,478.70403246369096,967.104692541128,2655.8205668656124,440.34654271878094,233.38366764095392,1381.5781322016114,1272304.0755097177,6573.538026862609,1077.3533173171984,122454167.64273037
7064,7065.0,30.0,494.0,1194899.4101274014,56170.74981415948,429.30403246369093,863.8765955590699,2402.3338523070356,398.3173485128081,211.10819471178831,1234.1094222272427,1272304.0755097177,6573.538026862609,1077.3533173171984,122454167.64273037
7065,7066.0,30.0,494.0,3129680.9380654497,48063.57487754896,381.4566866976474,787.2549854123149,2157.5961476767857,357.7387780132018,189.60155234699695,1124.64997916045,1272304.0755097177,6573.538026862609,1077.3533173171984,122454167.64273037
7066,7067.0,30.0,494.0,5066776.620352147,38752.55918357149,381.4566866976474,787.2549854123149,2156.9533270243805,357.6321955673068,189.5450636506726,1124.64997916045,1272304.0755097177,6573.538026862609,1077.3533173171984,122454167.64273037
7067,7068.0,30.0,494.0,7008496.039832632,27036.240105893463,381.4566866976474,787.2549854123149,2155.668955581662,357.4192412241467,189.43219784879776,1124.64997916045,1272304.0755097177,6573.538026862609,1077.3533173171984,122454167.64273037
7068,7069.0,30.0,494.0,8952525.045167515,14118.45683643641,381.4566866976474,787.2549854123149,2155.02740395544,357.3128691882844,189.37582066979076,1124.64997916045,1272304.0755097177,6573.538026862609,1077.3533173171984,122454167.64273037
7069,7070.0,30.0,494.0,10898862.11653135,0.0,381.4566866976474,787.2549854123149,2154.3862745029537,357.2065671506544,189.31948058984685,1124.64997916045,1272304.0755097177,6573.538026862609,1077.3533173171984,122454167.64273037
7070,7071.0,30.0,494.0,12408795.648219554,0.0,405.06211398250457,828.6525957082412,2275.6094799684065,377.30589919513795,199.97212657342314,1183.7894224403447,1272304.0755097177,6573.538026862609,1077.3533173171984,122454167.64273037
7071,7072.0,30.0,494.0,12993743.74988648,0.0,454.46211398250455,922.2162449106316,2532.5498771965395,419.9077289331044,222.55109633454535,1317.4517784437596,1272304.0755097177,6573.538026862609,1077.3533173171984,122454167.64273037
7072,7073.0,30.0,494.0,12646963.65383152,0.0,503.86211398250424,1016.4619350742281,2791.3632654526186,462.8201086886397,245.29465760497905,1452.0884786774689,1272304.0755097177,6573.538026862609,1077.3533173171984,122454167.64273037
7073,7074.0,30.0,494.0,11725494.732508468,0.0,532.6802,1074.5925627606352,2950.999050249311,489.28841261189194,259.32285868430273,1535.1322325151932,1272304.0755097177,6573.538026862609,1077.3533173171984,122454167.64273037
7074,7075.0,30.0,494.0,10761200.643977853,10542.257822849673,532.6802,1076.8745085235153,2962.8949300291897,491.2608009573327,260.36822450738634,1538.392155033593,1272304.0755097177,6573.538026862609,1077.3533173171984,122454167.64273037
7075,7076.0,30.0,494.0,9783654.793678865,27978.183275488846,532.6802,1076.8745085235153,2966.575974964849,491.8711341369282,260.691701092572,1538.3921550335933,1272304.0755097177,6573.538026862609,1077.3533173171984,122454167.64273037
7076,7077.0,30.0,494.0,8812739.245529873,41964.97493700865,532.6802,1076.8745085235153,2964.734224367627,491.56576391796267,260.52985487652023,1538.3921550335933,1272304.0755097177,6573.538026862609,1077.3533173171984,122454167.64273037
7077,7078.0,30.0,494.0,7851752.576385159,50786.68794799019,532.6802,1076.8745085235153,2961.976202421995,491.10847194438077,260.2874901305218,1538.3921550335933,1272304.0755097177,6573.538026862609,1077.3533173171984,122454167.64273037
7078,7079.0,30.0,494.0,6897374.136192037,56170.74981415948,532.6802,1076.8745085235153,2960.140583268775,490.80411834536375,260.1261827230428,1538.3921550335933,1272304.0755097177,6573.538026862609,1077.3533173171984,122454167.64273037
7079,7080.0,30.0,494.0,5956185.77618411,54693.23128095362,532.6802,1076.8745085235153,2956.4766721062206,490.19662601949324,259.8042117903314,1538.3921550335933,1272304.0755097177,6573.538026862609,1077.3533173171984,122454167.64273037
7080,7081.0,30.0,494.0,5037995.793096013,41251.78151497431,532.6802,1076.8745085235153,2950.0882340729345,489.1373953484051,259.2428195346547,1538.3921550335933,1272304.0755097177,6573.538026862609,1077.3533173171984,122454167.64273037
7081,7082.0,30.0,494.0,4152475.890317643,10815.106583441608,532.6802,1076.8745085235153,2941.013211764677,487.63271737866825,258.44534021069416,1538.3921550335933,1272304.0755097177,6573.538026862609,1077.3533173171984,122454167.64273037
7082,7083.0,30.0,494.0,3299410.656780822,16925.154971309115,532.6802,1066.485363245167,2931.9980258642468,486.1379605442836,257.6531190884703,1523.5505189216672,1272304.0755097177,6573.538026862609,1077.3533173171984,122454167.64273037
7083,7084.0,30.0,494.0,2465715.7120054644,12958.631281546332,532.6802,1066.485363245167,2926.6173900971735,485.2458278500723,257.1802887605383,1523.5505189216674,1272304.0755097177,6573.538026862609,1077.3533173171984,122454167.64273037
7084,7085.0,30.0,494.0,1635241.7155964505,7316.54566436529,532.6802,1066.4853632451673,2925.722682217634,485.09748141190784,257.10166514831116,1523.5505189216676,1272304.0755097177,6573.538026862609,1077.3533173171984,122454167.64273037
7085,7086.0,30.0,494.0,807986.5493990984,0.0,532.6802,1066.4853632451673,2924.828562714394,484.94923252907995,257.0230932404124,1523.5505189216678,1272304.0755097177,6573.538026862609,1077.3533173171984,122454167.64273037
7086,7087.0,30.0,494.0,0.0,0.0,532.6802,1063.1136523986593,2919.476169159324,484.0617825158334,256.5527447333917,1518.7337891409418,1272304.0755097177,6573.538026862609,1077.3533173171984,122454167.64273037
7087,7088.0,30.0,494.0,0.0,0.0,489.0940474680001,981.3846136326232,2695.0354609929077,446.8485418626529,236.82972718720603,1401.978019475176,1272304.0755097177,6573.538026862609,1077.3533173171984,122454167.64273037
7088,7089.0,30.0,494.0,910152.0361122992,0.0,439.6940474680001,889.3213842413303,2442.2154509617135,404.9298901524008,214.61284178077244,1270.4591203447576,1272304.0755097177,6573.538026862609,1077.3533173171984,122454167.64273037
7089,7090.0,30.0,494.0,2726925.7427254105,56170.74981415948,390.29404746800014,786.6931663301178,2190.376098044821,363.17383563537135,192.48213288674683,1123.847380471597,1272304.0755097177,6573.538026862609,1077.3533173171984,122454167.64273037
7090,7091.0,30.0,494.0,4888505.559307654,44441.426337522455,371.5731226424582,765.0183085398478,2094.5966230533954,347.29318420805356,184.0653876302684,1092.8832979140684,1272304.0755097177,6573.538026862609,1077.3533173171984,122454167.64273037
7091,7092.0,30.0,494.0,7054533.468291455,30398.17123889271,371.5731226424582,765.0183085398478,2093.3610418307403,347.0883194945136,183.9568093320922,1092.8832979140684,1272304.0755097177,6573.538026862609,1077.3533173171984,122454167.64273037
7092,7093.0,30.0,494.0,9222783.241097108,15199.085619445425,371.57312264245815,765.0183085398478,2092.7438574357816,346.98598765104094,183.9025734550517,1092.8832979140684,1272304.0755097177,6573.538026862609,1077.3533173171984,122454167.64273037
7093,7094.0,30.0,494.0,11391033.013902757,0.0,371.5731226424583,765.0183085398478,2092.7438574357825,346.9859876510411,183.9025734550518,1092.8832979140684,1272304.0755097177,6573.538026862609,1077.3533173171984,122454167.64273037
7094,7095.0,30.0,494.0,12656479.94403133,0.0,420.9731226424583,853.3827783474247,2343.5224248460813,388.5661593406603,205.94006445054998,1219.1182547820354,1272304.0755097177,6573.538026862609,1077.3533173171984,122454167.64273037
7095,7096.0,30.0,494.0,12993743.74988648,0.0,470.37312264245827,947.2698790697572,2601.3510704775886,431.3152645076905,228.59709018907597,1353.2426843853675,1272304.0755097177,6573.538026862609,1077.3533173171984,122454167.64273037
7096,7097.0,30.0,494.0,12378426.366289252,0.0,519.7731226424581,1043.6248802989849,2865.956956436581,475.1880654486805,251.84967468780067,1490.892686141407,1272304.0755097177,6573.538026862609,1077.3533173171984,122454167.64273037
7097,7098.0,30.0,494.0,11485310.315518754,0.0,532.0332538711564,1071.7246278200835,2943.1232528736027,487.9825713254681,258.6307628024981,1531.0351826001192,1272304.0755097177,6573.538026862609,1077.3533173171984,122454167.64273037
7098,7099.0,30.0,494.0,10559433.743188372,0.0,532.0332538711563,1075.038403202302,2952.223397751347,489.4914147259407,259.43044980474855,1535.7691474318603,1272304.0755097177,6573.538026862609,1077.3533173171984,122454167.64273037
7099,7100.0,30.0,494.0,9610494.867728533,6757.6742336098105,532.0332538711558,1076.0571971831298,2958.6295930650867,490.5535896309704,259.99340250441435,1537.2245674044711,1272304.0755097177,6573.538026862609,1077.3533173171984,122454167.64273037
7100,7101.0,30.0,494.0,8645016.922427254,22119.098850417882,532.0332538711558,1076.0571971831298,2963.223779132152,491.31532556165735,260.3971225476784,1537.2245674044711,1272304.0755097177,6573.538026862609,1077.3533173171984,122454167.64273037
7101,7102.0,30.0,494.0,7672907.878057461,40930.071821464226,532.0332538711558,1076.0571971831298,2965.0657510956394,491.6207324841077,260.55898821657706,1537.2245674044711,1272304.0755097177,6573.538026862609,1077.3533173171984,122454167.64273037
7102,7103.0,30.0,494.0,6714052.182329213,52846.5516591596,532.0332538711558,1076.0571971831298,2961.3842653618653,491.0103262182773,260.235472895687,1537.2245674044711,1272304.0755097177,6573.538026862609,1077.3533173171984,122454167.64273037
7103,7104.0,30.0,494.0,5771713.5100521445,56170.74981415948,532.0332538711558,1076.0571971831298,2956.796203292093,490.2496056728424,259.83229100660645,1537.2245674044711,1272304.0755097177,6573.538026862609,1077.3533173171984,122454167.64273037
7104,7105.0,30.0,494.0,4852406.460443864,47513.72204399668,532.0332538711558,1076.0571971831298,2950.3985303285413,489.18884381035315,259.2700872194872,1537.2245674044711,1272304.0755097177,6573.538026862609,1077.3533173171984,122454167.64273037
7105,7106.0,30.0,494.0,3982093.867887281,13369.403714288957,532.0332538711558,1076.0571971831298,2936.788958925292,486.93231797797057,258.0741285283244,1537.2245674044711,1272304.0755097177,6573.538026862609,1077.3533173171984,122454167.64273037
7106,7107.0,30.0,494.0,3137713.4520233814,17996.180561181158,532.0332538711558,1065.895294957422,2929.5855765106576,485.7379660018847,257.4411219809989,1522.7075642248888,1272304.0755097177,6573.538026862609,1077.3533173171984,122454167.64273037
7107,7108.0,30.0,494.0,2306247.879833387,15904.557142904028,532.0332538711558,1065.895294957422,2925.998119934573,485.14315017729865,257.1258695939683,1522.7075642248888,1272304.0755097177,6573.538026862609,1077.3533173171984,122454167.64273037
7108,7109.0,30.0,494.0,1478005.7034225333,12136.098634391092,532.0332538711558,1065.895294957422,2925.102732218145,484.99469101923614,257.0471862401952,1522.7075642248888,1272304.0755097177,6573.538026862609,1077.3533173171984,122454167.64273037
7109,7110.0,30.0,494.0,665848.7198968834,0.0,532.0332538711558,1065.895294957422,2920.6346230833665,484.25385918950457,256.65454537043746,1522.7075642248888,1272304.0755097177,6573.538026862609,1077.3533173171984,122454167.64273037
7110,7111.0,30.0,494.0,0.0,0.0,524.0667668526913,1048.7361999693505,2879.9934387420417,477.5153749560535,253.08314872670837,1498.1945713847865,1272304.0755097177,6573.538026862609,1077.3533173171984,122454167.64273037
7111,7112.0,30.0,494.0,238539.02041808362,0.0,474.66676685269135,957.2560376539012,2628.7746219878845,435.86220802009854,231.00697025065224,1367.508625219859,1272304.0755097177,6573.538026862609,1077.3533173171984,122454167.64273037
7112,7113.0,30.0,494.0,1384630.481063446,56170.74981415948,425.2667668526914,854.5336710033149,2376.6767219247504,394.0632852673916,208.85354119171757,1220.7623871475928,1272304.0755097177,6573.538026862609,1077.3533173171984,122454167.64273037
7113,7114.0,30.0,494.0,3438274.381936094,43281.84555834113,375.8667668526914,776.1616606635334,2124.5788218616162,352.26436251468476,186.70011213278292,1108.8023723764763,1272304.0755097177,6573.538026862609,1077.3533173171984,122454167.64273037
7114,7115.0,30.0,494.0,5489647.030179666,31574.464257868472,375.8667668526914,776.1616606635334,2125.209725369693,352.3689690464802,186.7555535946345,1108.8023723764763,1272304.0755097177,6573.538026862609,1077.3533173171984,122454167.64273037
7115,7116.0,30.0,494.0,7541019.678423239,19867.082957398146,375.8667668526914,776.1616606635334,2125.209725369693,352.3689690464802,186.7555535946345,1108.8023723764763,1272304.0755097177,6573.538026862609,1077.3533173171984,122454167.64273037
7116,7117.0,30.0,494.0,9590119.579437517,9342.002114723902,375.8667668526914,776.1616606635334,2125.8410440445004,352.4736444147161,186.81103153979953,1108.8023723764763,1272304.0755097177,6573.538026862609,1077.3533173171984,122454167.64273037
7117,7118.0,30.0,494.0,11636945.23714648,0.0,375.8667668526914,776.1616606635334,2126.472778295973,352.5783886873615,186.8665460043016,1108.8023723764763,1272304.0755097177,6573.538026862609,1077.3533173171984,122454167.64273037
7118,7119.0,30.0,494.0,12775322.335997872,0.0,425.2667668526909,866.2360803908435,2378.819600200854,394.4185837586082,209.04184939206235,1237.4801148440622,1272304.0755097177,6573.538026862609,1077.3533173171984,122454167.64273037
7119,7120.0,30.0,494.0,12993743.74988648,0.0,474.6667668526909,959.2909634149178,2634.3628460238497,436.78875974760444,231.49804266623036,1370.4156620213112,1272304.0755097177,6573.538026862609,1077.3533173171984,122454167.64273037
7120,7121.0,30.0,494.0,12993743.74988648,0.0,485.40613314960007,981.3846136326235,2695.035460992908,446.84854186265295,236.8297271872061,1401.9780194751766,1272304.0755097177,6573.538026862609,1077.3533173171984,122454167.64273037
7121,7122.0,30.0,494.0,12972980.0373436,0.0,485.4061331496,983.4848939759107,2700.8031589214847,447.8048511382048,237.33657110324856,1404.978419965587,1272304.0755097177,6573.538026862609,1077.3533173171984,122454167.64273037
7122,7123.0,30.0,494.0,12934342.099852683,8852.569061934017,485.4061331496,983.5715654869614,2705.7682214070533,448.6280799840011,237.7728823915206,1405.102236409945,1272304.0755097177,6573.538026862609,1077.3533173171984,122454167.64273037
7123,7124.0,30.0,494.0,12886740.338963604,22368.18748131208,485.4061331496,983.5715654869614,2708.258172350985,449.04092462545736,237.9916900514924,1405.102236409945,1272304.0755097177,6573.538026862609,1077.3533173171984,122454167.64273037
7124,7125.0,30.0,494.0,12836146.666622315,37440.22107700538,485.4061331496,983.5715654869614,2709.089258865488,449.17872236598515,238.06472285397214,1405.102236409945,1272304.0755097177,6573.538026862609,1077.3533173171984,122454167.64273037
7125,7126.0,30.0,494.0,12788544.905733235,50955.83949638344,485.4061331496,983.5715654869614,2708.258172350985,449.04092462545736,237.9916900514924,1405.102236409945,1272304.0755097177,6573.538026862609,1077.3533173171984,122454167.64273037
7126,7127.0,30.0,494.0,12758931.024496024,55114.02560962271,484.7584213315042,983.5715654869614,2703.2615391143554,448.2124612125166,237.5526044426338,1405.102236409945,1272304.0755097177,6573.538026862609,1077.3533173171984,122454167.64273037
7127,7128.0,30.0,494.0,12735279.112497116,56170.74981415948,484.7584213315042,983.5715654869614,2701.6054365481627,447.93787224046446,237.40707228744617,1405.102236409945,1272304.0755097177,6573.538026862609,1077.3533173171984,122454167.64273037
7128,7129.0,30.0,494.0,12723527.443364067,51036.87683886476,484.7584213315042,983.5715654869614,2698.2998135298653,447.38978563935916,237.11658638886036,1405.102236409945,1272304.0755097177,6573.538026862609,1077.3533173171984,122454167.64273037
7129,7130.0,30.0,494.0,12729567.13447926,42133.804984833114,484.7584213315042,982.504842772115,2693.3577690164648,446.57037327295575,236.68229783466657,1403.5783468173072,1272304.0755097177,6573.538026862609,1077.3533173171984,122454167.64273037
7130,7131.0,30.0,494.0,12744476.067879315,28616.885590481572,484.7584213315042,982.504842772115,2690.8940906040034,446.1618847309084,236.46579890738147,1403.5783468173072,1272304.0755097177,6573.538026862609,1077.3533173171984,122454167.64273037
7131,7132.0,30.0,494.0,12759385.00127937,15099.966196129099,484.7584213315042,982.504842772115,2690.8940906040034,446.1618847309084,236.46579890738147,1403.5783468173072,1272304.0755097177,6573.538026862609,1077.3533173171984,122454167.64273037
7132,7133.0,30.0,494.0,12774293.934679426,16245.495551504195,484.7584213315042,979.6538110707792,2690.8940906040034,446.1618847309084,236.46579890738147,1399.5054443868275,1272304.0755097177,6573.538026862609,1077.3533173171984,122454167.64273037
7133,7134.0,30.0,494.0,12786248.407167757,18927.958026159555,484.7584213315042,979.6538110707792,2691.7147741905933,446.2979576209709,236.5379175391146,1399.5054443868275,1272304.0755097177,6573.538026862609,1077.3533173171984,122454167.64273037
7134,7135.0,30.0,494.0,12792288.09828295,24687.334921854548,484.7584213315042,979.6538110707792,2693.3577690164648,446.57037327295575,236.68229783466657,1399.5054443868275,1272304.0755097177,6573.538026862609,1077.3533173171984,122454167.64273037
7135,7136.0,30.0,494.0,12798327.789398143,30446.711817550473,484.7584213315042,979.6538110707792,2693.3577690164648,446.57037327295575,236.68229783466657,1399.5054443868275,1272304.0755097177,6573.538026862609,1077.3533173171984,122454167.64273037
7136,7137.0,30.0,494.0,12801407.156176914,37746.0720308125,484.7584213315042,979.6538110707792,2694.180081332138,446.7067162133484,236.75455959307465,1399.5054443868275,1272304.0755097177,6573.538026862609,1077.3533173171984,122454167.64273037
7137,7138.0,30.0,494.0,12804486.522955684,45045.43224407453,484.7584213315042,979.6538110707792,2694.180081332138,446.7067162133484,236.75455959307465,1399.5054443868275,1272304.0755097177,6573.538026862609,1077.3533173171984,122454167.64273037
7138,7139.0,30.0,494.0,12810526.214070877,50804.809139769524,484.7584213315042,979.6538110707792,2693.3577690164648,446.57037327295575,236.68229783466657,1399.5054443868275,1272304.0755097177,6573.538026862609,1077.3533173171984,122454167.64273037
7139,7140.0,30.0,494.0,12819524.273109663,55025.22045878414,484.7584213315042,979.6538110707792,2692.5360001488,446.4341204385946,236.61008383245516,1399.5054443868275,1272304.0755097177,6573.538026862609,1077.3533173171984,122454167.64273037
7140,7141.0,30.0,494.0,12834433.206509724,56170.74981415948,484.7584213315042,979.6538110707792,2690.8940906040034,446.1618847309084,236.46579890738147,1399.5054443868275,1272304.0755097177,6573.538026862609,1077.3533173171984,122454167.64273037
7141,7142.0,30.0,494.0,12864085.22399014,49646.81428898126,484.7584213315042,979.6538110707792,2686.79878947057,445.4828660810799,236.10591902297236,1399.5054443868275,1272304.0755097177,6573.538026862609,1077.3533173171984,122454167.64273037
7142,7143.0,30.0,494.0,12920152.671909092,29381.370206373744,484.75842133150513,979.6538110707792,2679.4611699043103,444.26625700436,235.4611162123108,1399.5054443868275,1272304.0755097177,6573.538026862609,1077.3533173171984,122454167.64273037
7143,7144.0,30.0,494.0,12993743.74988648,0.0,484.75842133150513,979.6538110707792,2674.593494888078,443.4591754224118,235.03336297387827,1399.5054443868275,1272304.0755097177,6573.538026862609,1077.3533173171984,122454167.64273037
7144,7145.0,30.0,494.0,12168598.905501293,0.0,533.7911172413955,1064.8492394045566,2924.2423622110146,484.85203794891,256.9715801129223,1521.2131991493666,1272304.0755097177,6573.538026862609,1077.3533173171984,122454167.64273037
7145,7146.0,30.0,494.0,11314481.306662967,0.0,533.7911172413955,1067.779876521747,2932.290349559109,486.1864290778862,257.6788074112797,1525.3998236024956,1272304.0755097177,6573.538026862609,1077.3533173171984,122454167.64273037
7146,7147.0,30.0,494.0,10424718.693637446,0.0,533.7911172413955,1071.385422614673,2942.1917423888913,487.82812285610737,258.5489051137369,1530.5506037352473,1272304.0755097177,6573.538026862609,1077.3533173171984,122454167.64273037
7147,7148.0,30.0,494.0,9505598.792143589,6802.458893657662,533.7911172413955,1073.0322555778287,2950.346544741201,489.180224375011,259.26551891875584,1532.903222254041,1272304.0755097177,6573.538026862609,1077.3533173171984,122454167.64273037
7148,7149.0,30.0,494.0,8570093.534975,22128.704887613654,533.7911172413955,1073.0322555778287,2954.8980324286267,489.93488072958183,259.6654867866784,1532.903222254041,1272304.0755097177,6573.538026862609,1077.3533173171984,122454167.64273037
7149,7150.0,30.0,494.0,7634588.277806411,37454.95088157058,533.7911172413955,1073.0322555778287,2954.8980324286267,489.93488072958183,259.6654867866784,1532.903222254041,1272304.0755097177,6573.538026862609,1077.3533173171984,122454167.64273037
7150,7151.0,30.0,494.0,6705643.681679599,49368.290920501575,533.7911172413955,1073.0322555778287,2953.075626583685,489.6327179542563,259.50534051575585,1532.903222254041,1272304.0755097177,6573.538026862609,1077.3533173171984,122454167.64273037
7151,7152.0,30.0,494.0,5786523.780185742,56170.74981415948,533.7911172413955,1073.0322555778287,2950.346544741201,489.180224375011,259.26551891875584,1532.903222254041,1272304.0755097177,6573.538026862609,1077.3533173171984,122454167.64273037
7152,7153.0,30.0,494.0,4886994.812332742,52781.855479625054,533.7911172413955,1073.0322555778287,2944.9046187298513,488.27792949307275,258.78730263132854,1532.903222254041,1272304.0755097177,6573.538026862609,1077.3533173171984,122454167.64273037
7153,7154.0,30.0,494.0,4036104.8792252764,24090.563982346095,533.7911172413955,1073.0322555778287,2931.393775744981,486.03777325969236,257.60001982763697,1532.903222254041,1272304.0755097177,6573.538026862609,1077.3533173171984,122454167.64273037
7154,7155.0,30.0,494.0,3207749.291233942,22728.9950852748,533.7911172413955,1065.4387603937887,2925.134235434945,484.9999143889079,257.0499546261212,1522.0553719911268,1272304.0755097177,6573.538026862609,1077.3533173171984,122454167.64273037
7155,7156.0,30.0,494.0,2392224.0505234003,14692.981591741554,533.7911172413955,1065.4387603937887,2921.5702500791695,484.4089901942179,256.7367648029355,1522.0553719911268,1272304.0755097177,6573.538026862609,1077.3533173171984,122454167.64273037
7156,7157.0,30.0,494.0,1589495.5618575662,0.0,533.7911172413955,1065.4387603937887,2918.015596733416,483.8196132871727,256.4243950422015,1522.0553719911268,1272304.0755097177,6573.538026862609,1077.3533173171984,122454167.64273037
7157,7158.0,30.0,494.0,793152.8922078644,0.0,533.7911172413948,1061.9358566789988,2916.241758117825,483.5255031686423,256.2685166793804,1517.0512238271413,1272304.0755097177,6573.538026862609,1077.3533173171984,122454167.64273037
7158,7159.0,30.0,494.0,0.0,0.0,533.7911172413948,1061.6132059561705,2915.3557088284256,483.37859236219197,256.19065395196174,1516.590294223101,1272304.0755097177,6573.538026862609,1077.3533173171984,122454167.64273037
7159,7160.0,30.0,494.0,115138.23096841472,0.0,484.3911172413948,969.7382106705086,2663.0526190572373,441.5456482679567,234.01919358201707,1385.3403009578694,1272304.0755097177,6573.538026862609,1077.3533173171984,122454167.64273037
7160,7161.0,30.0,494.0,1134788.5690371133,0.0,434.99111724139453,878.2454684701265,2411.799255973824,399.8867534011162,211.9399793025916,1254.6363835287523,1272304.0755097177,6573.538026862609,1077.3533173171984,122454167.64273037
7161,7162.0,30.0,494.0,3056062.1079362985,56170.74981415948,385.59111724139444,776.1228531852956,2161.348366854245,358.3609121900853,189.93128346074522,1108.746933121851,1272304.0755097177,6573.538026862609,1077.3533173171984,122454167.64273037
7162,7163.0,30.0,494.0,5159705.29371598,44164.01484467543,375.7217647372845,770.9326258644685,2110.690131609663,349.96155756933496,185.47962551174754,1101.3323226635264,1272304.0755097177,6573.538026862609,1077.3533173171984,122454167.64273037
7163,7164.0,30.0,494.0,7265586.356733149,30993.11905332096,375.7217647372845,770.9326258644685,2110.068499043694,349.8584881998599,185.42499874592576,1101.3323226635264,1272304.0755097177,6573.538026862609,1077.3533173171984,122454167.64273037
7164,7165.0,30.0,494.0,9373703.836364849,16658.822267306503,375.7217647372845,770.9326258644685,2109.4472722063247,349.7554861019423,185.37040763402945,1101.3323226635264,1272304.0755097177,6573.538026862609,1077.3533173171984,122454167.64273037
7165,7166.0,30.0,494.0,11486289.773072947,0.0,375.7217647372845,770.9326258644685,2108.2060341295496,349.54968345751,185.26133223248033,1101.3323226635264,1272304.0755097177,6573.538026862609,1077.3533173171984,122454167.64273037
7166,7167.0,30.0,494.0,12701248.246198034,0.0,425.1217647372845,858.4897607133365,2357.5469962359384,390.89149396668313,207.17249180234208,1226.4139438761952,1272304.0755097177,6573.538026862609,1077.3533173171984,122454167.64273037
7167,7168.0,30.0,494.0,12993743.74988648,0.0,474.52176473728446,951.7982592835036,2613.7867099683394,433.37714734893683,229.68988809493652,1359.7117989764338,1272304.0755097177,6573.538026862609,1077.3533173171984,122454167.64273037
7168,7169.0,30.0,494.0,12340037.067435738,0.0,523.9217647372845,1047.5080148592488,2876.6206505625582,476.9561520805746,252.78676060270456,1496.4400212274984,1272304.0755097177,6573.538026862609,1077.3533173171984,122454167.64273037
7169,7170.0,30.0,494.0,11451113.27073234,0.0,533.5694,1071.3005750986335,2941.9587378549627,487.78948969608393,258.5284295389245,1530.4293929980481,1272304.0755097177,6573.538026862609,1077.3533173171984,122454167.64273037
7170,7171.0,30.0,494.0,10522997.834707137,0.0,533.5694,1075.2648675881783,2952.845304333242,489.594529528442,259.4851006500743,1536.092667983112,1272304.0755097177,6573.538026862609,1077.3533173171984,122454167.64273037
7171,7172.0,30.0,494.0,9568580.875607852,4848.341655936955,533.5694,1076.9825725867033,2960.1512829649314,490.805892401288,260.1271229726827,1538.546532266719,1272304.0755097177,6573.538026862609,1077.3533173171984,122454167.64273037
7172,7173.0,30.0,494.0,8591035.025308866,21728.509069323212,533.5694,1076.9825725867033,2966.5759749648482,491.8711341369281,260.69170109257186,1538.5465322667192,1272304.0755097177,6573.538026862609,1077.3533173171984,122454167.64273037
7173,7174.0,30.0,494.0,7613489.17500988,38608.676482708295,532.85804,1076.9825725867033,2966.5759749648482,491.87113413692805,260.69170109257186,1538.5465322667192,1272304.0755097177,6573.538026862609,1077.3533173171984,122454167.64273037
7174,7175.0,30.0,494.0,6635943.3247108925,55488.843896092476,532.6802,1076.9825725867033,2966.575974964849,491.8711341369282,260.691701092572,1538.5465322667192,1272304.0755097177,6573.538026862609,1077.3533173171984,122454167.64273037
7175,7176.0,30.0,494.0,5689535.544003513,56170.74981415948,531.3654902738931,1076.9825725867033,2957.9265111894024,490.43701561348274,259.93161827514587,1538.5465322667192,1272304.0755097177,6573.538026862609,1077.3533173171984,122454167.64273037
7176,7177.0,30.0,494.0,4766207.198412033,44846.557407093234,531.3654902738931,1076.9825725867033,2951.5155569905405,489.37405166470626,259.3682473822943,1538.5465322667192,1272304.0755097177,6573.538026862609,1077.3533173171984,122454167.64273037
7177,7178.0,30.0,494.0,3908231.3889862355,0.0,531.3654902738932,1076.890304189679,2933.3620747222953,486.36412574769946,257.77298664628074,1538.41472027097,1272304.0755097177,6573.538026862609,1077.3533173171984,122454167.64273037
7178,7179.0,30.0,494.0,3072925.2308695856,7128.380911523476,531.3654902738932,1064.490997304801,2927.0649493586434,485.3200351123809,257.2196186095619,1520.7014247211446,1272304.0755097177,6573.538026862609,1077.3533173171984,122454167.64273037
7179,7180.0,30.0,494.0,2247302.6182344574,9219.307543804869,531.3654902738932,1064.490997304801,2924.375075613776,484.8740424053886,256.98324247485596,1520.7014247211446,1272304.0755097177,6573.538026862609,1077.3533173171984,122454167.64273037
7180,7181.0,30.0,494.0,1431344.421690274,6282.731151849963,531.3654902738932,1064.490997304801,2921.690515588514,484.4289307361012,256.74733329013367,1520.7014247211446,1272304.0755097177,6573.538026862609,1077.3533173171984,122454167.64273037
7181,7182.0,30.0,494.0,621818.5697410991,0.0,531.3654902738932,1064.490997304801,2919.9037532010116,484.1326778002618,256.59031923413875,1520.7014247211446,1272304.0755097177,6573.538026862609,1077.3533173171984,122454167.64273037
7182,7183.0,30.0,494.0,0.0,0.0,521.3263780118225,1044.2824849271476,2867.762841476547,475.4874890030493,252.00836917161612,1491.8321213244967,1272304.0755097177,6573.538026862609,1077.3533173171984,122454167.64273037
7183,7184.0,30.0,494.0,291733.93084429204,0.0,471.92637801182246,951.8752935070922,2613.998257980604,433.412222924818,229.70847815015355,1359.8218478672748,1272304.0755097177,6573.538026862609,1077.3533173171984,122454167.64273037
7184,7185.0,30.0,494.0,1495820.008604208,56170.74981415948,422.52637801182243,848.6674294007763,2360.567106059597,391.3922412445945,207.4378878596351,1212.382042001109,1272304.0755097177,6573.538026862609,1077.3533173171984,122454167.64273037
7185,7186.0,30.0,494.0,3611060.243846787,43588.046087503084,373.12637801182245,769.8715610228035,2107.4687289810804,349.42743507329766,185.19654058884777,1099.8165157468623,1272304.0755097177,6573.538026862609,1077.3533173171984,122454167.64273037
7186,7187.0,30.0,494.0,5728546.3007901115,29837.0487685455,373.12637801182245,769.8715610228035,2106.844889619762,349.323999807604,185.14171989803015,1099.8165157468623,1272304.0755097177,6573.538026862609,1077.3533173171984,122454167.64273037
7187,7188.0,30.0,494.0,7848276.705932181,14918.52438427275,373.12637801182245,769.8715610228035,2106.221459564555,349.2206324066348,185.08693517551646,1099.8165157468623,1272304.0755097177,6573.538026862609,1077.3533173171984,122454167.64273037
7188,7189.0,30.0,494.0,9968007.111074254,0.0,373.12637801182245,769.8715610228035,2106.221459564555,349.2206324066348,185.08693517551646,1099.8165157468623,1272304.0755097177,6573.538026862609,1077.3533173171984,122454167.64273037
7189,7190.0,30.0,494.0,11889919.677167518,0.0,383.9188051378394,786.9803048777488,2161.170859300334,358.3314806695051,189.9156847548377,1124.257578396784,1272304.0755097177,6573.538026862609,1077.3533173171984,122454167.64273037
7190,7191.0,30.0,494.0,12908968.582080355,0.0,433.31880513783943,878.306304326549,2411.9663207393414,399.91445346219086,211.95466033496118,1254.7232918950701,1272304.0755097177,6573.538026862609,1077.3533173171984,122454167.64273037
7191,7192.0,30.0,494.0,12993743.74988648,0.0,482.7188051378391,972.8094795772644,2671.4868032689837,442.94407250814527,234.760358429317,1389.7278279675206,1272304.0755097177,6573.538026862609,1077.3533173171984,122454167.64273037
7192,7193.0,30.0,494.0,12125100.161694774,0.0,532.1188051378391,1069.249201905765,2936.325346601714,486.8554490484968,258.0333879957033,1527.4988598653786,1272304.0755097177,6573.538026862609,1077.3533173171984,122454167.64273037
7193,7194.0,30.0,494.0,11200920.495758377,0.0,532.1188051378391,1074.8667586018362,2951.7520348641387,489.4132607194773,259.389028181323,1535.523940859766,1272304.0755097177,6573.538026862609,1077.3533173171984,122454167.64273037
7194,7195.0,30.0,494.0,10230531.732087322,11250.30913021043,532.1188051378391,1077.3533173171984,2964.5878953459787,491.5415019329527,260.51699602446496,1539.0761675959977,1272304.0755097177,6573.538026862609,1077.3533173171984,122454167.64273037
7195,7196.0,30.0,494.0,9252985.881788334,26223.789358194917,530.54612,1077.3533173171984,2966.5759749648487,491.87113413692805,260.6917010925719,1539.0761675959977,1272304.0755097177,6573.538026862609,1077.3533173171984,122454167.64273037
7196,7197.0,30.0,494.0,8275440.031489346,41197.26958617661,528.94556,1077.3533173171984,2966.5759749648487,491.87113413692816,260.6917010925719,1539.0761675959977,1272304.0755097177,6573.538026862609,1077.3533173171984,122454167.64273037
7197,7198.0,30.0,494.0,7297894.1811903585,56170.74981415948,528.2342,1077.3533173171984,2966.575974964849,491.8711341369282,260.6917010925719,1539.0761675959977,1272304.0755097177,6573.538026862609,1077.3533173171984,122454167.64273037
7198,7199.0,30.0,494.0,6476493.508789219,0.0,519.9333077921112,1075.3926010925386,2923.2023144376694,484.6795935274123,256.8801845695285,1536.2751444179125,1272304.0755097177,6573.538026862609,1077.3533173171984,122454167.64273037
7199,7200.0,30.0,494.0,5668245.990464333,21463.451788663864,519.9333077921112,1058.9666008339516,2919.5486605275983,484.07380189839057,256.559115006147,1512.809429762788,1272304.0755097177,6573.538026862609,1077.3533173171984,122454167.64273037
7200,7201.0,30.0,494.0,4889464.106714528,27598.65554420743,519.93330779211,1058.9666008339516,2911.3637620345203,482.7167103091102,255.83985646382843,1512.809429762788,1272304.0755097177,6573.538026862609,1077.3533173171984,122454167.64273037
7201,7202.0,30.0,494.0,4175529.136244444,0.0,519.93330779211,1058.9666008339516,2893.3507305679314,479.7300717428014,254.25693802368474,1512.809429762788,1272304.0755097177,6573.538026862609,1077.3533173171984,122454167.64273037
7202,7203.0,30.0,494.0,3490494.342427196,7752.680920331739,519.93330779211,1049.1694340897732,2885.322903719921,478.3990233119813,253.5514823553501,1498.8134772711046,1272304.0755097177,6573.538026862609,1077.3533173171984,122454167.64273037
7203,7204.0,30.0,494.0,2821440.7049715146,7191.842308544554,519.93330779211,1049.1694340897732,2880.8836936194857,477.66298306720074,253.1613810256164,1498.8134772711046,1272304.0755097177,6573.538026862609,1077.3533173171984,122454167.64273037
7204,7205.0,30.0,494.0,2165133.9079487734,0.0,519.93330779211,1049.1694340897732,2877.3429046103356,477.07590492716054,252.8502296113951,1498.8134772711046,1272304.0755097177,6573.538026862609,1077.3533173171984,122454167.64273037
7205,7206.0,30.0,494.0,1518365.1133520473,0.0,519.93330779211,1046.8062372049094,2874.6934594919985,476.63661546139673,252.61740619454028,1495.4374817212993,1272304.0755097177,6573.538026862609,1077.3533173171984,122454167.64273037
7206,7207.0,30.0,494.0,877944.4812815133,0.0,519.93330779211,1046.164111142808,2872.9300810125,476.3442396786954,252.46244702970856,1494.5201587754402,1272304.0755097177,6573.538026862609,1077.3533173171984,122454167.64273037
7207,7208.0,30.0,494.0,1152444.307581745,0.0,470.53330779211,953.6185487623027,2618.785509242843,434.2059699003303,230.12916404717507,1362.3122125175753,1272304.0755097177,6573.538026862609,1077.3533173171984,122454167.64273037
7208,7209.0,30.0,494.0,2341260.3409089018,56170.74981415948,421.13330779211,850.2120170604746,2364.8087850686975,392.0955299796405,207.81063088920948,1214.5885958006781,1272304.0755097177,6573.538026862609,1077.3533173171984,122454167.64273037
7209,7210.0,30.0,494.0,4251323.351202093,47354.50717247399,382.1682800000001,789.8931744377697,2164.4624025781322,358.87723278870726,190.20493337801483,1128.4188206253855,1272304.0755097177,6573.538026862609,1077.3533173171984,122454167.64273037
7210,7211.0,30.0,494.0,6161386.361495284,38538.26453078929,382.1682800000001,789.8931744377699,2164.4624025781322,358.87723278870726,190.20493337801483,1128.4188206253855,1272304.0755097177,6573.538026862609,1077.3533173171984,122454167.64273037
7211,7212.0,30.0,494.0,8076100.0968643185,27302.679203146392,382.1682800000001,789.8931744377697,2163.1705345015093,358.6630354712051,190.0914087997387,1128.4188206253855,1272304.0755097177,6573.538026862609,1077.3533173171984,122454167.64273037
7212,7213.0,30.0,494.0,9993136.894161595,14858.619327241482,382.1682800000001,789.8931744377697,2162.525239521442,358.55604277107636,190.0347026686705,1128.4188206253855,1272304.0755097177,6573.538026862609,1077.3533173171984,122454167.64273037
7213,7214.0,30.0,494.0,11914815.221678056,0.0,382.1682800000001,789.8931744377697,2161.2359255716688,358.3422689388585,189.92140253759501,1128.4188206253855,1272304.0755097177,6573.538026862609,1077.3533173171984,122454167.64273037
7214,7215.0,30.0,494.0,12929465.571617587,0.0,431.5682800000001,878.7512246908738,2413.18814156526,400.1170366424056,212.06202942047497,1255.358892415534,1272304.0755097177,6573.538026862609,1077.3533173171984,122454167.64273037
7215,7216.0,30.0,494.0,12993743.74988648,0.0,480.96828000000005,974.8827804926341,2677.180411473771,443.8880973868787,235.26069161504572,1392.6896864180487,1272304.0755097177,6573.538026862609,1077.3533173171984,122454167.64273037
7216,7217.0,30.0,494.0,12082390.499889966,0.0,530.36828,1073.5693475912663,2948.1891415474947,488.8225175896011,259.0759343224886,1533.670496558952,1272304.0755097177,6573.538026862609,1077.3533173171984,122454167.64273037
7217,7218.0,30.0,494.0,11104844.649590978,14973.480227983082,530.36828,1077.3533173171984,2966.575974964849,491.8711341369281,260.6917010925719,1539.0761675959977,1272304.0755097177,6573.538026862609,1077.3533173171984,122454167.64273037
7218,7219.0,30.0,494.0,10127955.12078016,26223.789358200505,526.4558000000001,1077.3533173171984,2966.3936634403576,491.8409060972371,260.51699602446536,1539.0761675959977,1272304.0755097177,6573.538026862609,1077.3533173171984,122454167.64273037
7219,7220.0,30.0,494.0,9150409.270481173,41197.26958618313,523.25468,1077.3533173171984,2966.5759749648487,491.8711341369281,260.6917010925719,1539.0761675959977,1272304.0755097177,6573.538026862609,1077.3533173171984,122454167.64273037
7220,7221.0,30.0,494.0,8172863.420182187,56170.74981415948,521.83196,1077.3533173171984,2966.5759749648482,491.87113413692816,260.6917010925719,1539.0761675959977,1272304.0755097177,6573.538026862609,1077.3533173171984,122454167.64273037
7221,7222.0,30.0,494.0,7201193.854753785,55251.70338952076,521.83196,1077.3533173171984,2964.9436736119083,491.60049150902995,259.9459644937627,1539.0761675959977,1272304.0755097177,6573.538026862609,1077.3533173171984,122454167.64273037
7222,7223.0,30.0,494.0,6250664.974020675,56170.74981415948,521.83196,1077.3533173171984,2959.071261196549,490.6268201184307,260.0322146627683,1539.0761675959977,1272304.0755097177,6573.538026862609,1077.3533173171984,122454167.64273037
7223,7224.0,30.0,494.0,5333701.402595842,39628.86611443013,521.83196,1077.3533173171984,2949.7475641664723,489.0809108037072,259.21288272596485,1539.0761675959977,1272304.0755097177,6573.538026862609,1077.3533173171984,122454167.64273037
7224,7225.0,30.0,494.0,4473279.994223544,0.0,521.83196,1076.1231290684354,2934.0414077629903,486.47676210557586,257.8326839159552,1537.3187558120508,1272304.0755097177,6573.538026862609,1077.3533173171984,122454167.64273037
7225,7226.0,30.0,494.0,3681817.1922524534,14074.08827029448,521.83196,1058.7056225453407,2914.8862393182108,483.30075228582757,256.1493987114886,1512.4366036362012,1272304.0755097177,6573.538026862609,1077.3533173171984,122454167.64273037
7226,7227.0,30.0,494.0,2922852.5331898704,11242.3945236421,521.83196,1058.7056225453407,2905.8589773991807,481.8039931953017,255.35611639350986,1512.4366036362012,1272304.0755097177,6573.538026862609,1077.3533173171984,122454167.64273037
7227,7228.0,30.0,494.0,2180055.8429049067,0.0,521.83196,1058.7056225453407,2901.3678749609535,481.0593489763575,254.9614549574695,1512.4366036362012,1272304.0755097177,6573.538026862609,1077.3533173171984,122454167.64273037
7228,7229.0,30.0,494.0,1446934.1363186482,0.0,521.83196,1055.5409624262652,2898.6803794890902,480.613750597321,254.72528781658013,1507.9156606089502,1272304.0755097177,6573.538026862609,1077.3533173171984,122454167.64273037
7229,7230.0,30.0,494.0,720251.7055858728,0.0,521.83196,1054.889620115869,2896.891691752012,480.31717843019015,254.5681045680008,1506.9851715940988,1272304.0755097177,6573.538026862609,1077.3533173171984,122454167.64273037
7230,7231.0,30.0,494.0,0.0,0.0,521.83196,1054.2391427221357,2895.1053792112057,480.0210000808797,254.41113004286623,1506.0559181744798,1272304.0755097177,6573.538026862609,1077.3533173171984,122454167.64273037
7231,7232.0,30.0,494.0,204756.4288865272,56170.74981415948,472.43196,949.7511066891715,2638.1586751910945,437.4181246495112,231.83160606424093,1356.787295270245,1272304.0755097177,6573.538026862609,1077.3533173171984,122454167.64273037
7232,7233.0,30.0,494.0,1330086.8075181525,49732.30758094393,423.03196,868.8076948294433,2382.4436891507894,395.0194733893007,209.36032089632937,1241.1538497563477,1272304.0755097177,6573.538026862609,1077.3533173171984,122454167.64273037
7233,7234.0,30.0,494.0,2458012.5577473883,41943.7332307685,423.03196,868.8076948294433,2381.7227525958974,394.8999389887365,209.29696766403038,1241.1538497563477,1272304.0755097177,6573.538026862609,1077.3533173171984,122454167.64273037
7234,7235.0,30.0,494.0,3588531.9603739567,32805.92110474689,423.03196,868.8076948294433,2381.002293596639,394.78048376896294,209.23365639755036,1241.1538497563477,1272304.0755097177,6573.538026862609,1077.3533173171984,122454167.64273037
7235,7236.0,30.0,494.0,4721643.2979052365,22319.76465565276,423.03196,868.8076948294433,2380.2823116786635,394.6611076513306,209.17038705520523,1241.1538497563477,1272304.0755097177,6573.538026862609,1077.3533173171984,122454167.64273037
7236,7237.0,30.0,494.0,5857344.854554005,10486.15644909413,423.03196,868.8076948294433,2379.5628063682498,394.54181055729447,209.10715959536606,1241.1538497563477,1272304.0755097177,6573.538026862609,1077.3533173171984,122454167.64273037
7237,7238.0,30.0,494.0,6990456.192085285,0.0,423.03196,868.8076948294433,2380.2823116786635,394.6611076513306,209.17038705520523,1241.1538497563477,1272304.0755097177,6573.538026862609,1077.3533173171984,122454167.64273037
7238,7239.0,30.0,494.0,7518996.2072526645,0.0,455.2601731642745,927.9220065865753,2548.21879011308,422.50570249993444,223.92802232496527,1325.6028665522506,1272304.0755097177,6573.538026862609,1077.3533173171984,122454167.64273037
7239,7240.0,30.0,494.0,7111034.1198853105,0.0,504.6601731642745,1022.6505843078978,2808.358263039395,465.6379528322609,246.7881150010983,1460.9294061541398,1272304.0755097177,6573.538026862609,1077.3533173171984,122454167.64273037
7240,7241.0,30.0,494.0,6183182.376217723,0.0,530.72396,1075.2381947148072,2952.7720564561264,489.5823847134452,259.478663898126,1536.054563878296,1272304.0755097177,6573.538026862609,1077.3533173171984,122454167.64273037
7241,7242.0,30.0,494.0,5205636.525918735,14973.480227983082,530.72396,1077.3533173171984,2966.575974964849,491.8711341369281,260.6917010925719,1539.0761675959977,1272304.0755097177,6573.538026862609,1077.3533173171984,122454167.64273037
7242,7243.0,30.0,494.0,4228090.6756197475,29946.96045596525,527.7006799999999,1077.3533173171984,2966.5759749648487,491.87113413692816,260.6917010925719,1539.0761675959977,1272304.0755097177,6573.538026862609,1077.3533173171984,122454167.64273037
7243,7244.0,30.0,494.0,3251201.1468089297,41197.26958617685,526.4558000000001,1077.3533173171984,2966.393663440357,491.84090609723705,260.51699602446536,1539.0761675959977,1272304.0755097177,6573.538026862609,1077.3533173171984,122454167.64273037
7244,7245.0,30.0,494.0,2273655.296509942,56170.74981415948,525.7444399999999,1077.3533173171984,2966.5759749648487,491.87113413692816,260.6917010925719,1539.0761675959977,1272304.0755097177,6573.538026862609,1077.3533173171984,122454167.64273037
7245,7246.0,30.0,494.0,1312708.618819179,56170.74981415948,524.5761229886882,1077.3533173171984,2961.965093684786,491.1066300676797,259.98908957826546,1539.0761675959977,1272304.0755097177,6573.538026862609,1077.3533173171984,122454167.64273037
7246,7247.0,30.0,494.0,363946.4296249468,56170.74981415948,524.5761229886882,1077.3533173171984,2958.580513546861,490.5454520344631,259.98908957826546,1539.0761675959977,1272304.0755097177,6573.538026862609,1077.3533173171984,122454167.64273037
7247,7248.0,30.0,494.0,200743.21208153293,0.0,483.96303624240005,1008.8149515712936,2740.3696880883003,454.36515289328594,240.81353103344156,1441.1642165304195,1272304.0755097177,6573.538026862609,1077.3533173171984,122454167.64273037
7248,7249.0,30.0,494.0,83467.6657460127,27743.872513275594,483.96303624240005,987.8525673389557,2727.6120016416635,452.2498732731356,239.6924328347619,1411.2179533413655,1272304.0755097177,6573.538026862609,1077.3533173171984,122454167.64273037
7249,7250.0,30.0,494.0,32722.27700764686,20878.24918375444,483.96303624240005,987.8525673389556,2709.1314023091204,449.18570993130993,238.0684262635943,1411.2179533413653,1272304.0755097177,6573.538026862609,1077.3533173171984,122454167.64273037
7250,7251.0,30.0,494.0,8913.490023508668,0.0,483.96303624240005,987.8525673389556,2701.649012932946,447.9450973936329,237.41090161862545,1411.2179533413653,1272304.0755097177,6573.538026862609,1077.3533173171984,122454167.64273037
7251,7252.0,30.0,494.0,0.0,8099.698708395474,483.96303624240005,980.7112849632717,2697.511430443882,447.2590683120736,237.04730620539902,1401.0161213761025,1272304.0755097177,6573.538026862609,1077.3533173171984,122454167.64273037
7252,7253.0,30.0,494.0,0.0,11562.531865062088,483.96303624240005,980.7112849632719,2695.0354609929077,446.8485418626529,236.82972718720603,1401.0161213761028,1272304.0755097177,6573.538026862609,1077.3533173171984,122454167.64273037
7253,7254.0,30.0,494.0,11857.126916188747,8857.197088047933,483.96303624240005,980.7112849632719,2691.7418146273,446.302441042391,236.54029375246725,1401.0161213761028,1272304.0755097177,6573.538026862609,1077.3533173171984,122454167.64273037
7254,7255.0,30.0,494.0,35540.036297628656,0.0,483.96303624240005,980.7112849632719,2688.4568750536187,445.7577838459081,236.25162543833127,1401.0161213761028,1272304.0755097177,6573.538026862609,1077.3533173171984,122454167.64273037
7255,7256.0,30.0,494.0,950609.8644318936,56170.74981415948,436.5460657752535,877.9018520371883,2440.8493976222785,404.7033925972969,214.49279807656737,1254.145502910269,1272304.0755097177,6573.538026862609,1077.3533173171984,122454167.64273037
7256,7257.0,30.0,494.0,2785323.5871209735,52493.807151722256,387.1460657752535,796.5155583905646,2185.3927602459416,362.3475766635439,192.0442156316783,1137.8793691293781,1272304.0755097177,6573.538026862609,1077.3533173171984,122454167.64273037
7257,7258.0,30.0,494.0,4627069.410455307,45158.71205378696,387.14606577525404,796.5155583905646,2183.439398955593,362.02370090867663,191.87256148159864,1137.8793691293781,1272304.0755097177,6573.538026862609,1077.3533173171984,122454167.64273037
7258,7259.0,30.0,494.0,6473495.593489398,35388.85811231425,387.14606577525404,796.5155583905646,2182.1392990389936,361.8081387164841,191.7583135197366,1137.8793691293781,1272304.0755097177,6573.538026862609,1077.3533173171984,122454167.64273037
7259,7260.0,30.0,494.0,8322259.648714418,24402.82521087583,387.14606577525404,796.5155583905646,2181.489890097069,361.7004639036768,191.70124586894872,1137.8793691293781,1272304.0755097177,6573.538026862609,1077.3533173171984,122454167.64273037
7260,7261.0,30.0,494.0,10173360.039713137,12201.412605437916,387.14606577525404,796.5155583905646,2180.8409079377066,361.5928598532651,191.6442157222305,1137.8793691293781,1272304.0755097177,6573.538026862609,1077.3533173171984,122454167.64273037
7261,7262.0,30.0,494.0,12024460.43071186,0.0,387.14606577525404,796.5155583905646,2180.8409079377066,361.5928598532651,191.6442157222305,1137.8793691293781,1272304.0755097177,6573.538026862609,1077.3533173171984,122454167.64273037
7262,7263.0,30.0,494.0,12971237.534814252,0.0,436.5460657752541,885.6167042515491,2432.0418209644654,403.2430582737413,213.71882088508292,1265.1667203593558,1272304.0755097177,6573.538026862609,1077.3533173171984,122454167.64273037
7263,7264.0,30.0,494.0,12993743.74988648,0.0,485.9460657752541,979.1080765720958,2688.7837345839557,445.8119785704819,236.28034864235542,1398.7258236744226,1272304.0755097177,6573.538026862609,1077.3533173171984,122454167.64273037
7264,7265.0,30.0,494.0,12115081.809794372,0.0,533.1894669269903,1070.2625730707289,2939.1082221296037,487.3168618535679,258.277936782391,1528.9465329581842,1272304.0755097177,6573.538026862609,1077.3533173171984,122454167.64273037
7265,7266.0,30.0,494.0,11190728.783322811,0.0,533.1894669269903,1074.8842942772837,2951.8001905683413,489.421245143622,259.3932599261197,1535.5489918246913,1272304.0755097177,6573.538026862609,1077.3533173171984,122454167.64273037
7266,7267.0,30.0,494.0,10226872.806539062,7851.903523130342,533.1894669269905,1077.3533173171984,2962.773232321727,491.24062295080375,260.357530163926,1539.0761675959977,1272304.0755097177,6573.538026862609,1077.3533173171984,122454167.64273037
7267,7268.0,30.0,494.0,9249778.9118451,22590.27299535647,533.1894669269905,1077.3533173171984,2966.4504317412307,491.8503185271796,260.6806688194052,1539.0761675959977,1272304.0755097177,6573.538026862609,1077.3533173171984,122454167.64273037
7268,7269.0,30.0,494.0,8272685.017151136,37328.6424675826,533.1894669269905,1077.3533173171984,2966.4504317412307,491.8503185271796,260.6806688194052,1539.0761675959977,1272304.0755097177,6573.538026862609,1077.3533173171984,122454167.64273037
7269,7270.0,30.0,494.0,7302214.493643032,48621.48368913215,533.1894669269905,1077.3533173171984,2964.6106064118226,491.545267525949,260.518991788753,1539.0761675959977,1272304.0755097177,6573.538026862609,1077.3533173171984,122454167.64273037
7270,7271.0,30.0,494.0,6338940.27956054,56170.74981415948,533.1582064301015,1077.3533173171984,2962.611631571378,491.2138288470888,260.3433292889571,1539.0761675959977,1272304.0755097177,6573.538026862609,1077.3533173171984,122454167.64273037
7271,7272.0,30.0,494.0,5395455.774561731,53425.25820827484,533.1582064301015,1077.3533173171984,2957.1144901592434,490.3023790127626,259.8602608767642,1539.0761675959977,1272304.0755097177,6573.538026862609,1077.3533173171984,122454167.64273037
7272,7273.0,30.0,494.0,4484779.274759391,33612.791857898235,533.1582064301015,1077.3533173171984,2948.001155382446,488.79134866994934,259.05941479507317,1539.0761675959977,1272304.0755097177,6573.538026862609,1077.3533173171984,122454167.64273037
7273,7274.0,30.0,494.0,3603444.659048833,30842.25930502576,533.1582064301015,1071.0716328396459,2939.850632023618,487.43995662668175,258.3431770121413,1530.1023326280656,1272304.0755097177,6573.538026862609,1077.3533173171984,122454167.64273037
7274,7275.0,30.0,494.0,2744811.1692509595,16262.427762374282,533.1582064301015,1071.0716328396459,2933.5447637145394,486.39441637317736,257.78904067778404,1530.1023326280656,1272304.0755097177,6573.538026862609,1077.3533173171984,122454167.64273037
7275,7276.0,30.0,494.0,1889412.1499053258,0.0,533.1582064301015,1071.0716328396459,2932.646299700027,486.24544715158027,257.7100869903376,1530.1023326280656,1272304.0755097177,6573.538026862609,1077.3533173171984,122454167.64273037
7276,7277.0,30.0,494.0,1037245.4704621546,0.0,533.1582064301023,1067.5825381291775,2931.748427504899,486.09657605619805,257.631185309785,1525.117911613111,1272304.0755097177,6573.538026862609,1077.3533173171984,122454167.64273037
7277,7278.0,30.0,494.0,194763.04845798961,0.0,533.1582064301024,1066.6029611148806,2929.058355994065,485.6505505587527,257.3947917961389,1523.718515878401,1272304.0755097177,6573.538026862609,1077.3533173171984,122454167.64273037
7278,7279.0,30.0,494.0,0.0,0.0,498.41614539753635,1001.085185070913,2749.1363077867936,455.81869637575005,241.58390907914753,1430.1216929584473,1272304.0755097177,6573.538026862609,1077.3533173171984,122454167.64273037
7279,7280.0,30.0,494.0,717908.7125105051,55137.495055368636,449.0161453975364,898.0459021762892,2495.616374184434,413.78399430856683,219.30551698354043,1282.922717394699,1272304.0755097177,6573.538026862609,1077.3533173171984,122454167.64273037
7280,7281.0,30.0,494.0,2347290.7768783877,56170.74981415948,399.61614539753634,816.3692886827093,2242.4293320018287,371.8044870793249,197.05637815204219,1166.241840975299,1272304.0755097177,6573.538026862609,1077.3533173171984,122454167.64273037
7281,7282.0,30.0,494.0,3981481.7866683984,54702.35445507243,399.61614539753634,816.3692886827093,2241.093513829016,371.58300264568584,196.9389914022135,1166.241840975299,1272304.0755097177,6573.538026862609,1077.3533173171984,122454167.64273037
7282,7283.0,30.0,494.0,5622874.394268029,49487.63294172706,399.61614539753634,816.3692886827093,2239.0930699930145,371.25132040100544,196.7631998125329,1166.241840975299,1272304.0755097177,6573.538026862609,1077.3533173171984,122454167.64273037
7283,7284.0,30.0,494.0,7269060.20492466,41779.450609007385,399.61614539753634,816.3692886827093,2237.7616246993994,371.0305610096605,196.6461973351201,1166.241840975299,1272304.0755097177,6573.538026862609,1077.3533173171984,122454167.64273037
7284,7285.0,30.0,494.0,8922424.057812221,30337.195913869888,399.61614539753634,816.3692886827093,2235.767724079696,370.69996365855735,196.4709807390354,1166.241840975299,1272304.0755097177,6573.538026862609,1077.3533173171984,122454167.64273037
7285,7286.0,30.0,494.0,10580565.448565684,16409.629551354796,399.61614539753634,816.3692886827093,2234.4406302280568,370.47992575512234,196.35436065021486,1166.241840975299,1272304.0755097177,6573.538026862609,1077.3533173171984,122454167.64273037
7286,7287.0,30.0,494.0,12243478.132604364,0.0,399.6161453975367,816.3692886827093,2233.115270982163,370.2601754568262,196.23789299211788,1166.241840975299,1272304.0755097177,6573.538026862609,1077.3533173171984,122454167.64273037
7287,7288.0,30.0,494.0,12993743.74988648,0.0,449.01614539753666,905.4941328253914,2486.6283450812093,412.29374018867657,218.5156822999986,1293.5630468934164,1272304.0755097177,6573.538026862609,1077.3533173171984,122454167.64273037
7288,7289.0,30.0,494.0,12993743.74988648,0.0,488.13198286319977,981.3846136326229,2695.0354609929072,446.8485418626527,236.82972718720595,1401.9780194751756,1272304.0755097177,6573.538026862609,1077.3533173171984,122454167.64273037
7289,7290.0,30.0,494.0,12961254.898556579,0.0,488.1319828631999,984.6709091678398,2704.0601419178797,448.344873013195,237.62278269699337,1406.6727273826284,1272304.0755097177,6573.538026862609,1077.3533173171984,122454167.64273037
7290,7291.0,30.0,494.0,12904989.396463254,4087.156665753573,488.1319828631999,986.2812277770181,2710.6647671299656,449.4399484540512,238.20317268064716,1408.9731825385975,1272304.0755097177,6573.538026862609,1077.3533173171984,122454167.64273037
7291,7292.0,30.0,494.0,12833799.52488768,15938.084261933342,488.1319828631999,986.2812277770181,2714.8104253194565,450.1273165216879,238.56747775649458,1408.9731825385975,1272304.0755097177,6573.538026862609,1077.3533173171984,122454167.64273037
7292,7293.0,30.0,494.0,12753631.289369425,32459.62531781383,488.1319828631999,986.2812277770181,2717.304415303534,450.54083085347867,238.7866403523437,1408.9731825385975,1272304.0755097177,6573.538026862609,1077.3533173171984,122454167.64273037
7293,7294.0,30.0,494.0,12673463.05385117,48981.166373694316,488.1319828631999,986.2812277770181,2717.304415303534,450.54083085347867,238.7866403523437,1408.9731825385975,1272304.0755097177,6573.538026862609,1077.3533173171984,122454167.64273037
7294,7295.0,30.0,494.0,12611233.727748517,56170.74981415948,488.1319828631999,986.2812277770181,2712.3213849103117,449.71462285083953,238.34875011094496,1408.9731825385975,1272304.0755097177,6573.538026862609,1077.3533173171984,122454167.64273037
7295,7296.0,30.0,494.0,12569843.34430756,56170.74981415948,488.1319828631999,985.5713123534161,2706.532789726507,448.7548487199406,237.84006982156853,1407.9590176477375,1272304.0755097177,6573.538026862609,1077.3533173171984,122454167.64273037
7296,7297.0,30.0,494.0,12549195.848699408,55533.15932584647,488.1319828631999,983.5971143887455,2700.7708764396166,447.79949856301266,237.33373423839672,1405.1387348410651,1272304.0755097177,6573.538026862609,1077.3533173171984,122454167.64273037
7297,7298.0,30.0,494.0,12558015.73659618,39566.41099776002,488.1319828631999,983.5971143887455,2692.585492132693,446.44232642369445,236.61443300455807,1405.1387348410651,1272304.0755097177,6573.538026862609,1077.3533173171984,122454167.64273037
7298,7299.0,30.0,494.0,12575638.16337064,19020.514750949107,488.1319828631999,983.5971143887455,2690.140342444447,446.0369100243027,236.39956231288045,1405.1387348410651,1272304.0755097177,6573.538026862609,1077.3533173171984,122454167.64273037
7299,7300.0,30.0,494.0,12590328.335027127,0.0,488.1319828631999,983.5971143887455,2690.9548577549945,446.17196018750496,236.47113889937765,1405.1387348410651,1272304.0755097177,6573.538026862609,1077.3533173171984,122454167.64273037
7300,7301.0,30.0,494.0,12081665.901710343,0.0,516.694107529973,1032.8365737701913,2836.3305813586812,470.27588425631944,249.2462186558493,1475.480819671702,1272304.0755097177,6573.538026862609,1077.3533173171984,122454167.64273037
7301,7302.0,30.0,494.0,11573003.468393559,0.0,516.694107529973,1032.8365737701913,2836.3305813586812,470.27588425631944,249.2462186558493,1475.480819671702,1272304.0755097177,6573.538026862609,1077.3533173171984,122454167.64273037
7302,7303.0,30.0,494.0,11064341.035076775,0.0,516.694107529973,1032.8365737701913,2836.3305813586812,470.27588425631944,249.2462186558493,1475.480819671702,1272304.0755097177,6573.538026862609,1077.3533173171984,122454167.64273037
7303,7304.0,30.0,494.0,10552572.734801572,1615.6957005355507,516.694107529973,1032.8365737701913,2837.1933221804643,470.4189304179744,249.32203312152646,1475.480819671702,1272304.0755097177,6573.538026862609,1077.3533173171984,122454167.64273037
7304,7305.0,30.0,494.0,10037696.52911449,4848.147520657629,516.694107529973,1032.8365737701913,2838.0566292393196,470.5620704641863,249.39789734601877,1475.480819671702,1272304.0755097177,6573.538026862609,1077.3533173171984,122454167.64273037
7305,7306.0,30.0,494.0,9519710.37755459,9698.416923723184,516.694107529973,1032.8365737701913,2838.92050309288,470.7053044874131,249.47381137832897,1475.480819671702,1272304.0755097177,6573.538026862609,1077.3533173171984,122454167.64273037
7306,7307.0,30.0,494.0,9001724.22599469,14548.686326788738,516.694107529973,1032.8365737701913,2838.92050309288,470.7053044874131,249.47381137832897,1475.480819671702,1272304.0755097177,6573.538026862609,1077.3533173171984,122454167.64273037
7307,7308.0,30.0,494.0,8480626.086090907,21017.835821835324,516.694107529973,1032.8365737701913,2839.784944299514,470.84863258023455,249.54977526752432,1475.480819671702,1272304.0755097177,6573.538026862609,1077.3533173171984,122454167.64273037
7308,7309.0,30.0,494.0,7959527.946187126,11850.900729326531,516.694107529973,1035.8769235511047,2839.784944299514,470.84863258023455,249.54977526752432,1479.8241765015782,1272304.0755097177,6573.538026862609,1077.3533173171984,122454167.64273037
7309,7310.0,30.0,494.0,7435315.7734556375,4303.909284892492,516.6941075299725,1035.8769235511047,2840.6499534183213,470.99205483535195,249.62578906273654,1479.8241765015782,1272304.0755097177,6573.538026862609,1077.3533173171984,122454167.64273037
7310,7311.0,30.0,494.0,6904869.393552947,0.0,516.6941075299725,1035.8769235511047,2842.381677632544,471.27918220389074,249.7779665680621,1479.8241765015782,1272304.0755097177,6573.538026862609,1077.3533173171984,122454167.64273037
7311,7312.0,30.0,494.0,5973109.350620379,0.0,537.83756,1075.6335249865479,2953.857695140843,489.76238830533737,259.5740658018288,1536.6193214093541,1272304.0755097177,6573.538026862609,1077.3533173171984,122454167.64273037
7312,7313.0,30.0,494.0,5018509.269607007,3036.9158881096937,537.83756,1077.3533173171984,2960.202150163289,490.81432640289717,260.1315929935355,1539.0761675959977,1272304.0755097177,6573.538026862609,1077.3533173171984,122454167.64273037
7313,7314.0,30.0,494.0,4050810.3141519716,12887.966251580045,537.83756,1077.3533173171984,2963.8407263970844,491.4176180879456,260.45133758661115,1539.0761675959977,1272304.0755097177,6573.538026862609,1077.3533173171984,122454167.64273037
7314,7315.0,30.0,494.0,3073264.463852984,27861.44647956267,537.83756,1077.3533173171984,2966.5759749648487,491.8711341369281,260.6917010925719,1539.0761675959977,1272304.0755097177,6573.538026862609,1077.3533173171984,122454167.64273037
7315,7316.0,30.0,494.0,2095718.6135539962,42834.92670754343,536.59268,1077.3533173171984,2966.575974964849,491.8711341369281,260.6917010925719,1539.0761675959977,1272304.0755097177,6573.538026862609,1077.3533173171984,122454167.64273037
7316,7317.0,30.0,494.0,1118461.449842538,56170.74981415948,535.5256400000001,1077.3533173171984,2966.495784246091,491.8578381687427,260.6148561151562,1539.0761675959977,1272304.0755097177,6573.538026862609,1077.3533173171984,122454167.64273037
7317,7318.0,30.0,494.0,169699.26064830646,56170.74981415948,533.0877151361882,1077.3533173171984,2958.5805135468613,490.54545203446315,259.98908957826546,1539.0761675959977,1272304.0755097177,6573.538026862609,1077.3533173171984,122454167.64273037
7318,7319.0,30.0,494.0,98154.06482233293,0.0,485.72682135119993,999.5436066265862,2714.9091265001225,450.1436816045594,238.5761512504165,1427.9194380379804,1272304.0755097177,6573.538026862609,1077.3533173171984,122454167.64273037
7319,7320.0,30.0,494.0,38612.31787606329,13953.906681293622,485.72682135119993,984.6940900815707,2711.574835144649,449.5908416690916,238.28314608461858,1406.7058429736726,1272304.0755097177,6573.538026862609,1077.3533173171984,122454167.64273037
7320,7321.0,30.0,494.0,0.0,17020.164594587837,485.72682135119993,984.6940900815708,2705.7611048473696,448.62690002760945,237.77225701463303,1406.7058429736728,1272304.0755097177,6573.538026862609,1077.3533173171984,122454167.64273037
7321,7322.0,30.0,494.0,0.0,0.0,485.72682135119993,984.6940900815708,2695.0354609929077,446.8485418626529,236.82972718720603,1406.7058429736726,1272304.0755097177,6573.538026862609,1077.3533173171984,122454167.64273037
7322,7323.0,30.0,494.0,14762.79275151901,1838.8831378286704,485.72682135119993,979.5337746232623,2690.9346852285967,446.1686154953341,236.46936621252706,1399.3339637475176,1272304.0755097177,6573.538026862609,1077.3533173171984,122454167.64273037
7323,7324.0,30.0,494.0,32472.307568969205,2144.858963033195,485.72682135119993,979.5337746232623,2690.1161513213933,446.03289903141626,236.3974364866507,1399.3339637475176,1272304.0755097177,6573.538026862609,1077.3533173171984,122454167.64273037
7324,7325.0,30.0,494.0,50181.8223864194,2450.834788239133,485.72682135119993,979.5337746232622,2690.1161513213933,446.03289903141626,236.3974364866507,1399.3339637475174,1272304.0755097177,6573.538026862609,1077.3533173171984,122454167.64273037
7325,7326.0,30.0,494.0,67891.3372038696,2756.8106134456557,485.72682135119993,979.533774623262,2690.1161513213933,446.03289903141626,236.3974364866507,1399.3339637475174,1272304.0755097177,6573.538026862609,1077.3533173171984,122454167.64273037
7326,7327.0,30.0,494.0,91488.475041762,0.0,485.72682135119993,979.533774623262,2688.480700482382,445.76173420509855,236.25371912870227,1399.3339637475174,1272304.0755097177,6573.538026862609,1077.3533173171984,122454167.64273037
7327,7328.0,30.0,494.0,1021654.9491770422,56170.74981415948,436.58893227492536,876.3748038862361,2436.6558848442187,404.00809003179074,214.1242877168491,1251.964005551766,1272304.0755097177,6573.538026862609,1077.3533173171984,122454167.64273037
7328,7329.0,30.0,494.0,2857925.6895879405,47825.09017449943,387.1889322749254,797.2658698158247,2184.960255323211,362.27586547574407,192.00620870214436,1138.9512425940352,1272304.0755097177,6573.538026862609,1077.3533173171984,122454167.64273037
7329,7330.0,30.0,494.0,4694196.42999884,39479.430534845684,387.18893227492583,797.2658698158247,2184.9602553232135,362.27586547574447,192.0062087021446,1138.9512425940352,1272304.0755097177,6573.538026862609,1077.3533173171984,122454167.64273037
7330,7331.0,30.0,494.0,6532811.462991692,29914.25199880195,387.18893227492583,797.2658698158247,2184.3090629393378,362.167894960544,191.94898432908832,1138.9512425940352,1272304.0755097177,6573.538026862609,1077.3533173171984,122454167.64273037
7331,7332.0,30.0,494.0,8371426.495984544,20349.073462759145,387.18893227492583,797.2658698158247,2184.3090629393378,362.167894960544,191.94898432908832,1138.9512425940352,1272304.0755097177,6573.538026862609,1077.3533173171984,122454167.64273037
7332,7333.0,30.0,494.0,10210041.528977396,10783.894926715177,387.18893227492583,797.2658698158247,2184.3090629393378,362.167894960544,191.94898432908832,1138.9512425940352,1272304.0755097177,6573.538026862609,1077.3533173171984,122454167.64273037
7333,7334.0,30.0,494.0,12050999.311887955,0.0,387.18893227492583,797.2658698158247,2183.6582990733077,362.05999549545675,191.8917976125921,1138.9512425940352,1272304.0755097177,6573.538026862609,1077.3533173171984,122454167.64273037
7334,7335.0,30.0,494.0,12983807.438714974,0.0,436.5889322749258,887.0296870371038,2435.9220924298465,403.88642407409264,214.0598047592691,1267.1852671958627,1272304.0755097177,6573.538026862609,1077.3533173171984,122454167.64273037
7335,7336.0,30.0,494.0,12993743.74988648,0.0,485.98893227492584,980.3795410091601,2692.275374556378,446.3909075875462,236.58718102139952,1400.5422014416574,1272304.0755097177,6573.538026862609,1077.3533173171984,122454167.64273037
7336,7337.0,30.0,494.0,12090876.425427523,0.0,533.4423648090008,1072.7109836274842,2945.831940009284,488.43168337406996,258.8687921882571,1532.4442623249774,1272304.0755097177,6573.538026862609,1077.3533173171984,122454167.64273037
7337,7338.0,30.0,494.0,11142114.236233301,0.0,533.4423648090008,1077.3533173171984,2958.580513546861,490.5454520344631,259.98908957826546,1539.0761675959977,1272304.0755097177,6573.538026862609,1077.3533173171984,122454167.64273037
7338,7339.0,30.0,494.0,10164568.385934314,14973.480227983082,533.3915599999999,1077.3533173171984,2966.5759749648487,491.8711341369281,260.6917010925719,1539.0761675959977,1272304.0755097177,6573.538026862609,1077.3533173171984,122454167.64273037
7339,7340.0,30.0,494.0,9187022.535635326,29946.96045596525,532.32452,1077.3533173171984,2966.5759749648487,491.8711341369281,260.6917010925719,1539.0761675959977,1272304.0755097177,6573.538026862609,1077.3533173171984,122454167.64273037
7340,7341.0,30.0,494.0,8209476.6853363365,44920.44068394974,531.61316,1077.3533173171984,2966.575974964849,491.87113413692816,260.691701092572,1539.0761675959977,1272304.0755097177,6573.538026862609,1077.3533173171984,122454167.64273037
7341,7342.0,30.0,494.0,7239087.921665281,56170.74981415948,530.8748218095022,1077.3533173171984,2964.5878953459787,491.5415019329527,260.51699602446496,1539.0761675959977,1272304.0755097177,6573.538026862609,1077.3533173171984,122454167.64273037
7342,7343.0,30.0,494.0,6290325.732471049,56170.74981415948,529.7185432444694,1077.3533173171984,2958.5805135468613,490.54545203446315,259.98908957826546,1539.0761675959977,1272304.0755097177,6573.538026862609,1077.3533173171984,122454167.64273037
7343,7344.0,30.0,494.0,5407732.020427953,21749.402900281362,526.5330846469863,1077.3533173171984,2940.2003810048786,487.49794652126985,258.37391165627304,1539.0761675959977,1272304.0755097177,6573.538026862609,1077.3533173171984,122454167.64273037
7344,7345.0,30.0,494.0,4551406.081313444,0.0,526.5330846469863,1072.2323039824669,2932.9037774136077,486.2881380706946,257.73271317746816,1531.760434260667,1272304.0755097177,6573.538026862609,1077.3533173171984,122454167.64273037
7345,7346.0,30.0,494.0,3753673.005034996,11739.559226652918,526.5330846469863,1059.7938063014274,2916.6279821813655,483.5895407897137,256.30245661854826,1513.991151859182,1272304.0755097177,6573.538026862609,1077.3533173171984,122454167.64273037
7346,7347.0,30.0,494.0,2981757.24781275,10048.752002678812,526.5330846469863,1059.7938063014274,2909.4565046657535,482.40047878395023,255.67225375549364,1513.991151859182,1272304.0755097177,6573.538026862609,1077.3533173171984,122454167.64273037
7347,7348.0,30.0,494.0,2225908.04601915,0.0,526.5330846469863,1059.7938063014274,2904.9935726022436,481.66050533503807,255.28006782757018,1513.991151859182,1272304.0755097177,6573.538026862609,1077.3533173171984,122454167.64273037
7348,7349.0,30.0,494.0,1479673.336242523,2218.873405895196,526.5330846469863,1056.4359145558979,2902.322880375304,481.2176930067238,255.0453772935636,1509.1941636512827,1272304.0755097177,6573.538026862609,1077.3533173171984,122454167.64273037
7349,7350.0,30.0,494.0,736639.2295167398,2772.768672800623,526.5330846469859,1056.4359145558979,2901.4338239722915,481.0702836078235,254.96725031214646,1509.1941636512827,1272304.0755097177,6573.538026862609,1077.3533173171984,122454167.64273037
7350,7351.0,30.0,494.0,0.0,0.0,526.5330846469859,1056.4359145558979,2899.657469192002,480.77575629829767,254.81115083809777,1509.1941636512827,1272304.0755097177,6573.538026862609,1077.3533173171984,122454167.64273037
7351,7352.0,30.0,494.0,26736.36786032468,0.0,485.23644,978.6801903387644,2687.6086921428173,445.61715144889143,236.17709026791246,1398.1145576268063,1272304.0755097177,6573.538026862609,1077.3533173171984,122454167.64273037
7352,7353.0,30.0,494.0,965461.498845866,56170.74981415948,435.83644000000004,875.5090830422188,2434.2784801635908,403.61390604782014,213.9153702053447,1250.727261488884,1272304.0755097177,6573.538026862609,1077.3533173171984,122454167.64273037
7353,7354.0,30.0,494.0,2817914.5991000095,48824.276941571174,386.43644000000006,795.4347137823875,2180.465155366757,361.5305584509792,191.61119597901896,1136.3353054034108,1272304.0755097177,6573.538026862609,1077.3533173171984,122454167.64273037
7354,7355.0,30.0,494.0,4675042.554887726,39045.90853470985,386.43644000000006,795.4347137823875,2179.166584385209,361.3152497628345,191.49708237430232,1136.3353054034108,1272304.0755097177,6573.538026862609,1077.3533173171984,122454167.64273037
7355,7356.0,30.0,494.0,6534505.632739224,28052.79180501813,386.43644000000006,795.4347137823873,2178.5179393674916,361.20770161196646,191.44008185434222,1136.3353054034105,1272304.0755097177,6573.538026862609,1077.3533173171984,122454167.64273037
7356,7357.0,30.0,494.0,8398634.35088867,14632.573376973338,386.43644000000006,795.4347137823872,2177.2219281736175,360.9928173476953,191.32619319427852,1136.3353054034103,1272304.0755097177,6573.538026862609,1077.3533173171984,122454167.64273037
7357,7358.0,30.0,494.0,10265093.590296855,0.0,386.43644000000006,795.4347137823872,2176.5745611573006,360.88548109498987,191.26930498034463,1136.3353054034103,1272304.0755097177,6573.538026862609,1077.3533173171984,122454167.64273037
7358,7359.0,30.0,494.0,11227521.458523257,0.0,435.83644000000004,884.0336062299787,2427.694386485574,402.5222348241603,213.33678445680496,1262.9051517571124,1272304.0755097177,6573.538026862609,1077.3533173171984,122454167.64273037
7359,7360.0,30.0,494.0,11260139.505362215,0.0,485.23644,978.0852497799006,2685.9748924265305,445.34626038586646,236.03351800450923,1397.2646425427151,1272304.0755097177,6573.538026862609,1077.3533173171984,122454167.64273037
7360,7361.0,30.0,494.0,10344998.550799133,0.0,534.63644,1073.9524795302636,2949.2412817048744,488.99696698070005,259.168392499771,1534.2178279003767,1272304.0755097177,6573.538026862609,1077.3533173171984,122454167.64273037
7361,7362.0,30.0,494.0,9367452.700500146,14973.480227983082,534.63644,1077.3533173171984,2966.575974964849,491.8711341369282,260.6917010925719,1539.0761675959977,1272304.0755097177,6573.538026862609,1077.3533173171984,122454167.64273037
7362,7363.0,30.0,494.0,8389906.850201158,29946.96045596525,532.50236,1077.3533173171984,2966.5759749648487,491.87113413692816,260.6917010925719,1539.0761675959977,1272304.0755097177,6573.538026862609,1077.3533173171984,122454167.64273037
7363,7364.0,30.0,494.0,7413017.321390339,41197.26958617778,530.9018,1077.3533173171984,2966.393663440357,491.84090609723705,260.51699602446536,1539.0761675959977,1272304.0755097177,6573.538026862609,1077.3533173171984,122454167.64273037
7364,7365.0,30.0,494.0,6435471.471091353,56170.74981415948,529.8347600000001,1077.3533173171984,2966.5759749648482,491.87113413692805,260.69170109257186,1539.0761675959977,1272304.0755097177,6573.538026862609,1077.3533173171984,122454167.64273037
7365,7366.0,30.0,494.0,5460565.149454422,56170.74981415948,529.1234,1077.3533173171984,2965.842772558723,491.7495660051505,259.98908957826546,1539.0761675959977,1272304.0755097177,6573.538026862609,1077.3533173171984,122454167.64273037
7366,7367.0,30.0,494.0,4511802.96026019,56170.74981415948,527.4133203711883,1077.3533173171984,2958.5805135468613,490.54545203446315,259.98908957826546,1539.0761675959977,1272304.0755097177,6573.538026862609,1077.3533173171984,122454167.64273037
7367,7368.0,30.0,494.0,3835879.217638964,0.0,513.5790873872149,1060.6773937139144,2882.79205616547,477.97939783552596,253.32908085282878,1515.2534195913065,1272304.0755097177,6573.538026862609,1077.3533173171984,122454167.64273037
7368,7369.0,30.0,494.0,3198620.0028860066,25396.34901482798,513.5790873872149,1040.9061501135388,2872.0519095353966,476.19863504761395,252.3852765752354,1487.0087858764841,1272304.0755097177,6573.538026862609,1077.3533173171984,122454167.64273037
7369,7370.0,30.0,494.0,2621948.9796138704,19274.258318818174,513.5790873872149,1040.9061501135388,2855.2218563462784,473.40813939890086,250.90631388141747,1487.0087858764841,1272304.0755097177,6573.538026862609,1077.3533173171984,122454167.64273037
7370,7371.0,30.0,494.0,2070560.4911889434,0.0,513.5790873872149,1040.9061501135388,2848.198929999832,472.2437078198217,250.2891651445055,1487.0087858764841,1272304.0755097177,6573.538026862609,1077.3533173171984,122454167.64273037
7371,7372.0,30.0,494.0,1534905.6182429418,9371.410543750972,513.5790873872149,1033.7446803867226,2843.828481255692,471.51906850547107,249.90510630789967,1476.7781148381753,1272304.0755097177,6573.538026862609,1077.3533173171984,122454167.64273037
7372,7373.0,30.0,494.0,1014932.3879585471,10585.110868440941,513.5790873872149,1033.7446803867226,2839.4724694052397,470.79682289056774,249.52231613200092,1476.7781148381753,1272304.0755097177,6573.538026862609,1077.3533173171984,122454167.64273037
7373,7374.0,30.0,494.0,504343.3033421463,6917.1069823708385,513.5790873872152,1033.7446803867226,2836.8657622752407,470.36461956821375,249.2932483711533,1476.7781148381753,1272304.0755097177,6573.538026862609,1077.3533173171984,122454167.64273037
7374,7375.0,30.0,494.0,0.0,0.0,513.5790873872152,1033.7446803867226,2835.130823032393,470.07695913401625,249.14078834102864,1476.7781148381753,1272304.0755097177,6573.538026862609,1077.3533173171984,122454167.64273037
7375,7376.0,30.0,494.0,414356.38449109835,0.0,464.1790873872144,939.4718503122277,2579.9364653009357,427.7646303003669,226.71525405919445,1342.1026433031825,1272304.0755097177,6573.538026862609,1077.3533173171984,122454167.64273037
7376,7377.0,30.0,494.0,1740573.8692106102,56170.74981415948,414.77908738721425,836.313656307184,2326.641715237489,385.76726463838884,204.4566502583461,1194.7337947245487,1272304.0755097177,6573.538026862609,1077.3533173171984,122454167.64273037
7377,7378.0,30.0,494.0,3739353.4883120675,46128.13747464679,378.35486427747173,781.1578185493419,2139.8189001313913,354.7912334413525,188.03935372391683,1115.9397407847741,1272304.0755097177,6573.538026862609,1077.3533173171984,122454167.64273037
7378,7379.0,30.0,494.0,5740423.91282591,34893.830672651995,378.35486427747173,781.1578185493419,2139.1825652946172,354.6857263717557,187.98343497703056,1115.9397407847741,1272304.0755097177,6573.538026862609,1077.3533173171984,122454167.64273037
7379,7380.0,30.0,494.0,7743783.635285191,22468.613603989594,378.35486427747173,781.1578185493419,2138.546649198665,354.5802887311991,187.92755302753554,1115.9397407847741,1272304.0755097177,6573.538026862609,1077.3533173171984,122454167.64273037
7380,7381.0,30.0,494.0,9744854.059799036,11234.306801994797,378.35486427747173,781.1578185493419,2139.1825652946172,354.6857263717557,187.98343497703056,1115.9397407847741,1272304.0755097177,6573.538026862609,1077.3533173171984,122454167.64273037
7381,7382.0,30.0,494.0,11745924.48431288,0.0,378.35486427747173,781.1578185493419,2139.1825652946172,354.6857263717557,187.98343497703056,1115.9397407847741,1272304.0755097177,6573.538026862609,1077.3533173171984,122454167.64273037
7382,7383.0,30.0,494.0,12838546.349969145,0.0,427.7548642774717,870.8642901430168,2391.529387199501,396.52592144300286,210.15873836479153,1244.0918430614527,1272304.0755097177,6573.538026862609,1077.3533173171984,122454167.64273037
7383,7384.0,30.0,494.0,12993743.74988648,0.0,477.15486427747175,965.6861662715069,2651.925072126981,439.70065283384804,233.04134600193947,1379.5516661021527,1272304.0755097177,6573.538026862609,1077.3533173171984,122454167.64273037
7384,7385.0,30.0,494.0,12192370.164394192,0.0,526.5548642774718,1062.4447412838638,2917.639234740765,483.7572108401316,256.39132174526975,1517.7782018340913,1272304.0755097177,6573.538026862609,1077.3533173171984,122454167.64273037
7385,7386.0,30.0,494.0,11321456.60129034,0.0,527.3156321060831,1069.4788132374524,2936.9558951884223,486.95999673279346,258.0887982683806,1527.8268760535036,1272304.0755097177,6573.538026862609,1077.3533173171984,122454167.64273037
7386,7387.0,30.0,494.0,10407722.84442639,0.0,527.3156321060831,1073.8101393942934,2948.8503934551163,488.93215601736995,259.13404268920607,1534.0144848489906,1272304.0755097177,6573.538026862609,1077.3533173171984,122454167.64273037
7387,7388.0,30.0,494.0,9464125.136826012,4294.3878297051415,527.3156321060831,1075.9959024825648,2957.145935326346,490.30759275754326,259.86302416149795,1537.1370035465213,1272304.0755097177,6573.538026862609,1077.3533173171984,122454167.64273037
7388,7389.0,30.0,494.0,8500517.552254574,18998.066405992955,527.3156321060831,1075.9959024825648,2962.7042344849738,491.2291828108905,260.351466889772,1537.1370035465213,1272304.0755097177,6573.538026862609,1077.3533173171984,122454167.64273037
7389,7390.0,30.0,494.0,7533567.123406356,35440.71809279919,527.3156321060831,1075.9959024825648,2963.632802339635,491.383143379455,260.43306599111116,1537.1370035465213,1272304.0755097177,6573.538026862609,1077.3533173171984,122454167.64273037
7390,7391.0,30.0,494.0,6569959.538834918,50144.39666908793,527.3156321060831,1075.9959024825648,2962.7042344849738,491.2291828108905,260.351466889772,1537.1370035465213,1272304.0755097177,6573.538026862609,1077.3533173171984,122454167.64273037
7391,7392.0,30.0,494.0,5623032.458107941,56170.74981415948,527.3156321060831,1075.9959024825648,2958.0707611948455,490.46093288860914,259.9442944309628,1537.1370035465213,1272304.0755097177,6573.538026862609,1077.3533173171984,122454167.64273037
7392,7393.0,30.0,494.0,4712605.802722828,43209.3030688595,527.3156321060831,1075.9959024825648,2947.9317541554387,488.7798416461864,259.0533160724788,1537.1370035465213,1272304.0755097177,6573.538026862609,1077.3533173171984,122454167.64273037
7393,7394.0,30.0,494.0,3871120.0482841767,0.0,527.3156321060831,1074.9039556413309,2928.7815038925332,485.60464728227555,257.37046305960604,1535.5770794876155,1272304.0755097177,6573.538026862609,1077.3533173171984,122454167.64273037
7394,7395.0,30.0,494.0,3055644.8191487063,11205.29234896414,527.3156321060831,1061.6923366238075,2921.556357974983,484.4066868232274,256.73554401631054,1516.7033380340108,1272304.0755097177,6573.538026862609,1077.3533173171984,122454167.64273037
7395,7396.0,30.0,494.0,2262815.8050301448,10629.850775294937,527.3156321060831,1061.6923366238075,2915.265742692508,483.36367558753955,256.18274806139596,1516.7033380340108,1272304.0755097177,6573.538026862609,1077.3533173171984,122454167.64273037
7396,7397.0,30.0,494.0,1489314.4757691976,0.0,527.3156321060831,1061.6923366238075,2909.8969413431705,482.4735050910008,255.71095769823043,1516.7033380340108,1272304.0755097177,6573.538026862609,1077.3533173171984,122454167.64273037
7397,7398.0,30.0,494.0,738265.5038307016,0.0,527.3156321060832,1057.3543319260812,2903.660175420268,481.4394223121563,255.16289382544284,1510.5061884658303,1272304.0755097177,6573.538026862609,1077.3533173171984,122454167.64273037
7398,7399.0,30.0,494.0,0.0,0.0,527.3156321060832,1056.0612651524782,2900.1092120569915,480.85065722017384,254.85084832669216,1508.658950217826,1272304.0755097177,6573.538026862609,1077.3533173171984,122454167.64273037
7399,7400.0,30.0,494.0,184622.5843493772,0.0,477.9156321060832,962.7097651904089,2643.7514097847475,438.3454242470007,232.3230748509104,1375.299664557727,1272304.0755097177,6573.538026862609,1077.3533173171984,122454167.64273037
7400,7401.0,30.0,494.0,1283948.9654421965,56170.74981415948,428.5156321060831,859.2640282134557,2389.667021800458,396.2171332006874,209.99508059636432,1227.5200403049369,1272304.0755097177,6573.538026862609,1077.3533173171984,122454167.64273037
7401,7402.0,30.0,494.0,3095572.465027795,53197.57644788781,390.19173006972164,798.7143247004863,2191.806711108019,363.41103747204926,192.60784986018612,1141.0204638578375,1272304.0755097177,6573.538026862609,1077.3533173171984,122454167.64273037
7402,7403.0,30.0,494.0,4914218.5087289745,46571.22202580469,390.19173006972164,798.7143247004863,2189.8560044092465,363.0876018599527,192.43642898577494,1141.0204638578375,1272304.0755097177,6573.538026862609,1077.3533173171984,122454167.64273037
7403,7404.0,30.0,494.0,6742206.505987621,35085.112050928175,390.19173006972164,798.7143247004863,2187.2610173099497,362.65734176940606,192.2083911377852,1141.0204638578375,1272304.0755097177,6573.538026862609,1077.3533173171984,122454167.64273037
7404,7405.0,30.0,494.0,8579512.043590084,18751.946463365108,390.19173006972164,798.7143247004863,2184.67281165889,362.2282060723231,191.98094921833123,1141.0204638578375,1272304.0755097177,6573.538026862609,1077.3533173171984,122454167.64273037
7405,7406.0,30.0,494.0,10421467.226295466,0.0,390.19173006972164,798.7143247004863,2183.381243574745,362.0140584948719,191.8674510022821,1141.0204638578375,1272304.0755097177,6573.538026862609,1077.3533173171984,122454167.64273037
7406,7407.0,30.0,494.0,11367619.348896531,0.0,439.5917300697217,885.6799220580682,2432.215426937056,403.271842895255,213.73407673448517,1265.257031511526,1272304.0755097177,6573.538026862609,1077.3533173171984,122454167.64273037
7407,7408.0,30.0,494.0,11390001.66080103,0.0,488.99173006972165,979.1206095614211,2688.818152130548,445.81768514864444,236.28337312878156,1398.7437279448875,1272304.0755097177,6573.538026862609,1077.3533173171984,122454167.64273037
7408,7409.0,30.0,494.0,10516167.134032872,0.0,535.2156131730633,1069.7742730476828,2937.7672739840627,487.0945268482513,258.1600992295732,1528.2489614966896,1272304.0755097177,6573.538026862609,1077.3533173171984,122454167.64273037
7409,7410.0,30.0,494.0,9567404.94483864,0.0,535.2156131730633,1077.3533173171984,2958.580513546861,490.5454520344631,259.98908957826546,1539.0761675959977,1272304.0755097177,6573.538026862609,1077.3533173171984,122454167.64273037
7410,7411.0,30.0,494.0,8589859.094539652,14973.480227983082,533.3915599999999,1077.3533173171984,2966.5759749648487,491.8711341369281,260.6917010925719,1539.0761675959977,1272304.0755097177,6573.538026862609,1077.3533173171984,122454167.64273037
7411,7412.0,30.0,494.0,7612313.244240664,29946.96045596525,531.0796399999999,1077.3533173171984,2966.5759749648487,491.8711341369281,260.6917010925719,1539.0761675959977,1272304.0755097177,6573.538026862609,1077.3533173171984,122454167.64273037
7412,7413.0,30.0,494.0,6634767.393941676,44920.44068394974,529.47908,1077.3533173171984,2966.5759749648487,491.8711341369281,260.6917010925719,1539.0761675959977,1272304.0755097177,6573.538026862609,1077.3533173171984,122454167.64273037
7413,7414.0,30.0,494.0,5657877.865130855,56170.74981415948,528.76772,1077.3533173171984,2966.393663440358,491.84090609723717,260.5169960244656,1539.0761675959977,1272304.0755097177,6573.538026862609,1077.3533173171984,122454167.64273037
7414,7415.0,30.0,494.0,4709115.675936623,56170.74981415948,527.2359955347823,1077.3533173171984,2958.580513546861,490.5454520344631,259.98908957826546,1539.0761675959977,1272304.0755097177,6573.538026862609,1077.3533173171984,122454167.64273037
7415,7416.0,30.0,494.0,3783624.30915327,44065.09035721887,527.2359955347824,1077.3533173171984,2952.116396210506,489.47367340743347,259.42104690593976,1539.0761675959977,1272304.0755097177,6573.538026862609,1077.3533173171984,122454167.64273037
7416,7417.0,30.0,494.0,3149656.132554883,0.0,514.7764790143444,1054.0796477083254,2871.1377322702365,476.0470605010623,252.304942065563,1505.8280681547506,1272304.0755097177,6573.538026862609,1077.3533173171984,122454167.64273037
7417,7418.0,30.0,494.0,2576094.78022586,11460.095540074632,514.7764790143444,1037.1728438471653,2854.358058862081,473.264918038045,250.83040656016385,1481.6754912102363,1272304.0755097177,6573.538026862609,1077.3533173171984,122454167.64273037
7418,7419.0,30.0,494.0,2024597.2441024855,11442.425464902073,514.7764790143444,1037.1728438471653,2848.229221027178,472.2487302032363,250.29182700771523,1481.6754912102363,1272304.0755097177,6573.538026862609,1077.3533173171984,122454167.64273037
7419,7420.0,30.0,494.0,1495061.6221323814,0.0,514.7764790143444,1037.1728438471653,2842.1286893179363,471.2372356465534,249.75573489267333,1481.6754912102363,1272304.0755097177,6573.538026862609,1077.3533173171984,122454167.64273037
7420,7421.0,30.0,494.0,981151.0830980148,0.0,514.7764790143444,1033.3674274532868,2837.7883885024535,470.51759498923553,249.37432534429485,1476.2391820761243,1272304.0755097177,6573.538026862609,1077.3533173171984,122454167.64273037
7421,7422.0,30.0,494.0,482814.25029500044,0.0,514.7764790143444,1031.7921239519362,2833.462358993745,469.8003205763383,248.99416990545933,1473.9887485027662,1272304.0755097177,6573.538026862609,1077.3533173171984,122454167.64273037
7422,7423.0,30.0,494.0,0.0,0.0,514.7764790143444,1030.2219916910838,2829.150530519297,469.0854007563745,248.6152624008785,1471.7457024158339,1272304.0755097177,6573.538026862609,1077.3533173171984,122454167.64273037
7423,7424.0,30.0,494.0,437235.56434728473,0.0,465.37647901434445,937.157587310211,2573.5811375631065,426.71088945954614,226.15677141355945,1338.7965533003016,1272304.0755097177,6573.538026862609,1077.3533173171984,122454167.64273037
7424,7425.0,30.0,494.0,1793997.9615063341,56170.74981415948,415.9764790143444,833.2239930761154,2318.157017337616,384.3604650101174,203.71104645536224,1190.3199901087364,1272304.0755097177,6573.538026862609,1077.3533173171984,122454167.64273037
7425,7426.0,30.0,494.0,3761888.3394712443,52991.72321419744,382.91185404273745,782.9477250231762,2148.3992448915437,356.21389173295825,188.79336261846788,1118.4967500331088,1272304.0755097177,6573.538026862609,1077.3533173171984,122454167.64273037
7426,7427.0,30.0,494.0,5738904.512061573,45065.388587955385,382.91185404273745,782.9477250231762,2145.864301940039,355.79358722194905,188.570601227633,1118.4967500331088,1272304.0755097177,6573.538026862609,1077.3533173171984,122454167.64273037
7427,7428.0,30.0,494.0,7722749.41076999,33586.698507714085,382.91185404273745,782.9477250231762,2143.9674335739032,355.47907823838233,188.40391146634263,1118.4967500331088,1272304.0755097177,6573.538026862609,1077.3533173171984,122454167.64273037
7428,7429.0,30.0,494.0,9713409.690759428,18562.595059586223,382.91185404273745,782.9477250231762,2142.074272106953,355.1651838747417,188.2375474536131,1118.4967500331088,1272304.0755097177,6573.538026862609,1077.3533173171984,122454167.64273037
7429,7430.0,30.0,494.0,11710872.046272758,0.0,382.91185404273745,782.9477250231762,2140.184806683649,354.85190233113184,188.0715082354999,1118.4967500331088,1272304.0755097177,6573.538026862609,1077.3533173171984,122454167.64273037
7430,7431.0,30.0,494.0,12815343.12548807,0.0,432.3118540427374,869.665724603733,2388.237938988654,395.9801850863126,209.86949809574568,1242.3796065767615,1272304.0755097177,6573.538026862609,1077.3533173171984,122454167.64273037
7431,7432.0,30.0,494.0,12993743.74988648,0.0,481.71185404273746,963.3391256747035,2645.4797319933496,438.6319875482859,232.47495340059155,1376.1987509638623,1272304.0755097177,6573.538026862609,1077.3533173171984,122454167.64273037
7432,7433.0,30.0,494.0,12227279.295123138,0.0,531.1118540427375,1058.9136308950133,2907.9422539827247,482.14940946797293,255.53918701802567,1512.7337584214476,1272304.0755097177,6573.538026862609,1077.3533173171984,122454167.64273037
7433,7434.0,30.0,494.0,11399876.624496665,0.0,531.1118540427375,1065.0776218801539,2924.869536166928,484.9560261048175,257.0266938355533,1521.5394598287912,1272304.0755097177,6573.538026862609,1077.3533173171984,122454167.64273037
7434,7435.0,30.0,494.0,10514034.370195508,0.0,531.1118540427374,1070.9888725107135,2941.1027538543403,487.6475638446166,258.4532088376468,1529.9841035867337,1272304.0755097177,6573.538026862609,1077.3533173171984,122454167.64273037
7435,7436.0,30.0,494.0,9588843.091800937,0.0,531.1118540427374,1074.969084703513,2952.033038324733,489.45985230925135,259.4137217239032,1535.670121005019,1272304.0755097177,6573.538026862609,1077.3533173171984,122454167.64273037
7436,7437.0,30.0,494.0,8633932.999022707,11023.944812800735,531.1118540427374,1075.831642065341,2960.2882645424156,490.82860453960564,260.139160405991,1536.90234580763,1272304.0755097177,6573.538026862609,1077.3533173171984,122454167.64273037
7437,7438.0,30.0,494.0,7669076.880865272,27221.887951264158,531.1118540427374,1075.831642065341,2963.051049369973,491.2866862196216,260.38194369639945,1536.90234580763,1272304.0755097177,6573.538026862609,1077.3533173171984,122454167.64273037
7438,7439.0,30.0,494.0,6700900.984603336,45146.8050013585,531.1118540427374,1075.831642065341,2963.9732099545563,491.4395844350805,260.4629797505927,1536.90234580763,1272304.0755097177,6573.538026862609,1077.3533173171984,122454167.64273037
7439,7440.0,30.0,494.0,5745990.891825106,56170.74981415948,531.1118540427374,1075.831642065341,2960.2882645424156,490.82860453960564,260.139160405991,1536.90234580763,1272304.0755097177,6573.538026862609,1077.3533173171984,122454167.64273037
7440,7441.0,30.0,494.0,4827379.613554547,48311.77423154097,531.1118540427374,1075.831642065341,2950.2052605125077,489.15679883850373,259.253103384407,1536.90234580763,1272304.0755097177,6573.538026862609,1077.3533173171984,122454167.64273037
7441,7442.0,30.0,494.0,3974089.676779952,6472.138169512153,531.1118540427374,1075.831642065341,2932.060443430295,486.1483096468387,257.65860411282455,1536.90234580763,1272304.0755097177,6573.538026862609,1077.3533173171984,122454167.64273037
7442,7443.0,30.0,494.0,3143458.5704293977,13233.980942135677,531.1118540427374,1064.0893801842678,2925.7663238680616,485.1047173864025,257.1055002147933,1520.1276859775255,1272304.0755097177,6573.538026862609,1077.3533173171984,122454167.64273037
7443,7444.0,30.0,494.0,2325728.4433233775,13284.635831585154,531.1118540427374,1064.0893801842678,2922.182718522358,484.51054011247936,256.7905862596141,1520.1276859775255,1272304.0755097177,6573.538026862609,1077.3533173171984,122454167.64273037
7444,7445.0,30.0,494.0,1517651.7583700623,8313.496423240751,531.1118540427374,1064.0893801842678,2919.5012068132733,484.06593386720544,256.5549449496189,1520.1276859775255,1272304.0755097177,6573.538026862609,1077.3533173171984,122454167.64273037
7445,7446.0,30.0,494.0,716000.1175710188,0.0,531.1118540427374,1064.0893801842678,2917.716472325976,483.77001716599557,256.3981090979777,1520.1276859775255,1272304.0755097177,6573.538026862609,1077.3533173171984,122454167.64273037
7446,7447.0,30.0,494.0,0.0,0.0,526.797511163502,1053.8090882838014,2893.924382540413,479.82518572224626,254.30734843279052,1505.441554691145,1272304.0755097177,6573.538026862609,1077.3533173171984,122454167.64273037
7447,7448.0,30.0,494.0,199891.27917689533,0.0,477.39751116350203,961.1653140452837,2639.5101056659923,437.6421976703962,231.95036476530998,1373.0933057789769,1272304.0755097177,6573.538026862609,1077.3533173171984,122454167.64273037
7448,7449.0,30.0,494.0,1313871.1835759077,56170.74981415948,427.997511163502,857.7818025808119,2385.5965986598485,395.54223942972556,209.63738689775457,1225.4025751154456,1272304.0755097177,6573.538026862609,1077.3533173171984,122454167.64273037
7449,7450.0,30.0,494.0,3342413.5503184022,55287.32217425853,378.59751116350185,776.366319868129,2131.5514702311034,353.4204577876124,187.31284262743458,1109.0947426687558,1272304.0755097177,6573.538026862609,1077.3533173171984,122454167.64273037
7450,7451.0,30.0,494.0,5382290.085778579,48507.7734475648,378.59751116350185,776.366319868129,2128.403090031747,352.89844272633627,187.03617464495824,1109.0947426687558,1272304.0755097177,6573.538026862609,1077.3533173171984,122454167.64273037
7451,7452.0,30.0,494.0,7431207.298712118,37025.195286836475,378.59751116350185,776.366319868129,2125.8917907335913,352.4820584353673,186.8154909707447,1109.0947426687558,1272304.0755097177,6573.538026862609,1077.3533173171984,122454167.64273037
7452,7453.0,30.0,494.0,9489141.59405685,20851.862023538444,378.59751116350185,776.366319868129,2123.3870456193767,352.0667608564583,186.5953832539229,1109.0947426687558,1272304.0755097177,6573.538026862609,1077.3533173171984,122454167.64273037
7453,7454.0,30.0,494.0,11556069.469000507,0.0,378.59751116350185,776.366319868129,2120.888829064114,351.652545740875,186.37584924266375,1109.0947426687558,1272304.0755097177,6573.538026862609,1077.3533173171984,122454167.64273037
7454,7455.0,30.0,494.0,12733864.812969442,0.0,427.9975111635018,862.2488663887086,2367.8700876682033,392.603107198044,208.07964681496333,1231.7840948410123,1272304.0755097177,6573.538026862609,1077.3533173171984,122454167.64273037
7455,7456.0,30.0,494.0,12993743.74988648,0.0,477.39751116350186,955.0974734251969,2622.8468674048413,434.87936065861084,230.48606114906374,1364.4249620359956,1272304.0755097177,6573.538026862609,1077.3533173171984,122454167.64273037
7456,7457.0,30.0,494.0,12309440.888000324,0.0,526.7975111635018,1050.6028638230453,2885.1195892946166,478.3653129004479,253.53361583723742,1500.8612340329219,1272304.0755097177,6573.538026862609,1077.3533173171984,122454167.64273037
7457,7458.0,30.0,494.0,11549798.006242411,0.0,528.3041601845555,1058.2236186602543,2906.047372592328,481.8352299335821,255.37267186479855,1511.7480266575062,1272304.0755097177,6573.538026862609,1077.3533173171984,122454167.64273037
7458,7459.0,30.0,494.0,10748379.58562717,0.0,528.3041601845555,1062.4492764230995,2917.6516889415857,483.7592758005216,256.3924161742765,1517.7846806044279,1272304.0755097177,6573.538026862609,1077.3533173171984,122454167.64273037
7459,7460.0,30.0,494.0,9917828.621534865,7174.254934814759,528.3041601845563,1064.0010824221315,2925.744062129659,485.1010262938405,257.1035439357355,1520.0015463173308,1272304.0755097177,6573.538026862609,1077.3533173171984,122454167.64273037
7460,7461.0,30.0,494.0,9074273.963352164,21113.130799708888,528.3041601845563,1064.0010824221315,2929.356199376995,485.6999342805224,257.4209651686769,1520.0015463173308,1272304.0755097177,6573.538026862609,1077.3533173171984,122454167.64273037
7461,7462.0,30.0,494.0,8227462.981939975,36745.97086585388,528.3041601845563,1064.0010824221315,2930.2607336074047,485.84990997018355,257.5004522841973,1520.0015463173308,1272304.0755097177,6573.538026862609,1077.3533173171984,122454167.64273037
7462,7463.0,30.0,494.0,7383908.323757261,50684.84673074726,528.3041601845563,1064.0010824221315,2929.356199376995,485.6999342805224,257.4209651686769,1520.0015463173308,1272304.0755097177,6573.538026862609,1077.3533173171984,122454167.64273037
7463,7464.0,30.0,494.0,6556602.894221814,56170.74981415948,528.3041601845563,1064.0010824221315,2924.842524752754,484.95154749545895,257.02432017259326,1520.0015463173308,1272304.0755097177,6573.538026862609,1077.3533173171984,122454167.64273037
7464,7465.0,30.0,494.0,5768076.687509801,41483.40516198892,528.3041601845563,1064.0010824221315,2914.0705184129106,483.1655022297982,256.07771618179305,1520.0015463173308,1272304.0755097177,6573.538026862609,1077.3533173171984,122454167.64273037
7465,7466.0,30.0,494.0,5014829.091993613,8443.857664987445,528.3041601845563,1064.0010824221315,2904.2709041918483,481.5406837853371,255.21656240622866,1520.0015463173308,1272304.0755097177,6573.538026862609,1077.3533173171984,122454167.64273037
7466,7467.0,30.0,494.0,4274346.851599736,12796.236262963464,528.3041601845563,1055.4391955076496,2900.7249722134293,480.9527529187365,254.90495904693037,1507.7702792966425,1272304.0755097177,6573.538026862609,1077.3533173171984,122454167.64273037
7467,7468.0,30.0,494.0,3546596.453518234,10525.413300989196,528.3041601845563,1055.4391955076496,2897.188349348881,480.36636554349974,254.59417373805488,1507.7702792966425,1272304.0755097177,6573.538026862609,1077.3533173171984,122454167.64273037
7468,7469.0,30.0,494.0,2834713.9316591676,0.0,528.3041601845563,1055.4391955076496,2892.780605953759,479.63554261462843,254.20683758575308,1507.7702792966425,1272304.0755097177,6573.538026862609,1077.3533173171984,122454167.64273037
7469,7470.0,30.0,494.0,2144959.298193289,0.0,528.3041601845562,1051.1543186103981,2886.6339702889845,478.61640382260913,253.66669402598285,1501.6490265862833,1272304.0755097177,6573.538026862609,1077.3533173171984,122454167.64273037
7470,7471.0,30.0,494.0,1474090.9872007389,0.0,528.304160184556,1049.243939059255,2881.387769601948,477.7465610464189,253.20567735460202,1498.9199129417927,1272304.0755097177,6573.538026862609,1077.3533173171984,122454167.64273037
7471,7472.0,30.0,494.0,1547632.8392592203,0.0,488.25972,973.9457461387477,2674.607168754441,443.4614426086267,235.0345645825722,1391.3510659124968,1272304.0755097177,6573.538026862609,1077.3533173171984,122454167.64273037
7472,7473.0,30.0,494.0,2525353.919710893,56170.74981415948,438.85972000000004,871.5645848720378,2423.4462719785543,401.8178790557104,212.96347589952654,1245.0922641029113,1272304.0755097177,6573.538026862609,1077.3533173171984,122454167.64273037
7473,7474.0,30.0,494.0,4396856.2616042495,46373.547770043195,389.45972000000006,793.9843853880362,2175.1736993558643,360.653212146257,191.1462024375162,1134.2634076971947,1272304.0755097177,6573.538026862609,1077.3533173171984,122454167.64273037
7474,7475.0,30.0,494.0,6266049.4672877155,37777.576009198325,389.45972000000006,793.9843853880362,2175.815126080834,360.75956347295113,191.20256864066408,1134.2634076971947,1272304.0755097177,6573.538026862609,1077.3533173171984,122454167.64273037
7475,7476.0,30.0,494.0,8135242.672971181,29181.604248355794,389.45972000000006,793.9843853880362,2175.815126080834,360.75956347295113,191.20256864066408,1134.2634076971947,1272304.0755097177,6573.538026862609,1077.3533173171984,122454167.64273037
7476,7477.0,30.0,494.0,10009052.647377022,18183.954155834144,389.45972000000006,793.9843853880362,2174.5326903246187,360.5469300749897,191.08987293974454,1134.2634076971947,1272304.0755097177,6573.538026862609,1077.3533173171984,122454167.64273037
7477,7478.0,30.0,494.0,11896676.92130473,0.0,389.45972000000006,793.9843853880362,2170.6953849018773,359.91068823043827,190.7526647621323,1134.2634076971947,1272304.0755097177,6573.538026862609,1077.3533173171984,122454167.64273037
7478,7479.0,30.0,494.0,12902871.848489348,0.0,438.85972000000004,879.6065032529161,2415.536870108292,400.5064659986703,212.26842697929527,1256.5807189327375,1272304.0755097177,6573.538026862609,1077.3533173171984,122454167.64273037
7479,7480.0,30.0,494.0,12993743.74988648,0.0,488.25972,972.1927859251535,2669.7932661603713,442.66327672696656,234.61153666529228,1388.8468370359337,1272304.0755097177,6573.538026862609,1077.3533173171984,122454167.64273037
7480,7481.0,30.0,494.0,12142744.459160883,0.0,537.65972,1067.46445502764,2931.4241528611287,486.0428099170028,257.6026892560115,1524.9492214680574,1272304.0755097177,6573.538026862609,1077.3533173171984,122454167.64273037
7481,7482.0,30.0,494.0,11224008.006988624,0.0,537.65972,1074.3161694502292,2950.2400310407575,489.16256394255277,259.256158889553,1534.7373849288988,1272304.0755097177,6573.538026862609,1077.3533173171984,122454167.64273037
7482,7483.0,30.0,494.0,10246462.156689636,14973.480227983082,537.65972,1077.3533173171984,2966.5759749648487,491.87113413692805,260.6917010925719,1539.0761675959977,1272304.0755097177,6573.538026862609,1077.3533173171984,122454167.64273037
7483,7484.0,30.0,494.0,9268916.306390649,29946.96045596525,535.70348,1077.3533173171984,2966.5759749648487,491.87113413692816,260.6917010925719,1539.0761675959977,1272304.0755097177,6573.538026862609,1077.3533173171984,122454167.64273037
7484,7485.0,30.0,494.0,8291370.456091663,44920.44068394974,534.99212,1077.3533173171984,2966.5759749648482,491.8711341369281,260.6917010925719,1539.0761675959977,1272304.0755097177,6573.538026862609,1077.3533173171984,122454167.64273037
7485,7486.0,30.0,494.0,7314480.927280841,56170.74981415948,534.63644,1077.3533173171984,2966.3936634403576,491.8409060972371,260.51699602446496,1539.0761675959977,1272304.0755097177,6573.538026862609,1077.3533173171984,122454167.64273037
7486,7487.0,30.0,494.0,6365718.738086609,56170.74981415948,533.4423648090008,1077.3533173171984,2958.5805135468613,490.54545203446315,259.98908957826546,1539.0761675959977,1272304.0755097177,6573.538026862609,1077.3533173171984,122454167.64273037
7487,7488.0,30.0,494.0,5869331.438460246,0.0,510.2704251971854,1042.517016019068,2832.9208220002306,469.7105313993797,248.94658164167126,1489.310022884383,1272304.0755097177,6573.538026862609,1077.3533173171984,122454167.64273037
7488,7489.0,30.0,494.0,5410424.426235918,18770.085502726026,510.2704251971854,1024.1540002269762,2822.5096310552303,467.98431088756763,248.03168477041086,1463.0771431813946,1272304.0755097177,6573.538026862609,1077.3533173171984,122454167.64273037
7489,7490.0,30.0,494.0,4997951.979640944,13384.555504833348,510.27042519718384,1024.1540002269762,2809.6111406026225,465.84568535391554,246.89821323757525,1463.0771431813946,1272304.0755097177,6573.538026862609,1077.3533173171984,122454167.64273037
7490,7491.0,30.0,494.0,4600856.13460115,0.0,510.27042519718384,1024.1540002269762,2805.3398623928506,465.1374889433113,246.52286913995502,1463.0771431813946,1272304.0755097177,6573.538026862609,1077.3533173171984,122454167.64273037
7491,7492.0,30.0,494.0,4209896.810615614,1195.6607490731403,510.27042519718384,1020.6982399645298,2803.6352732111113,464.85486068058174,246.37307616070834,1458.1403428064712,1272304.0755097177,6573.538026862609,1077.3533173171984,122454167.64273037
7492,7493.0,30.0,494.0,3818937.4866300803,2391.3214981453493,510.27042519718384,1020.6982399645298,2803.6352732111113,464.85486068058174,246.37307616070834,1458.1403428064712,1272304.0755097177,6573.538026862609,1077.3533173171984,122454167.64273037
7493,7494.0,30.0,494.0,3431043.4054853395,1992.419522775337,510.27042519718384,1020.6982399645298,2802.783816866446,464.71368553406506,246.2982533330545,1458.1403428064712,1272304.0755097177,6573.538026862609,1077.3533173171984,122454167.64273037
7494,7495.0,30.0,494.0,3046212.558027804,0.0,510.27042519718384,1020.6982399645298,2801.9329186200007,464.5726029226483,246.2234795490036,1458.1403428064712,1272304.0755097177,6573.538026862609,1077.3533173171984,122454167.64273037
7495,7496.0,30.0,494.0,2661381.7105702683,56170.74981415948,510.27042519718384,1009.3887348156812,2801.9329186200007,464.5726029226483,246.2234795490036,1441.9839068795447,1272304.0755097177,6573.538026862609,1077.3533173171984,122454167.64273037
7496,7497.0,30.0,494.0,3183893.8324973434,44031.38646058738,460.87042519718386,930.8921686982306,2549.893204902061,422.7833277177688,224.0751636904175,1329.8459552831866,1272304.0755097177,6573.538026862609,1077.3533173171984,122454167.64273037
7497,7498.0,30.0,494.0,3706405.9544243906,31892.02310701646,460.87042519718386,930.8921686982306,2549.893204902061,422.7833277177688,224.0751636904175,1329.8459552831866,1272304.0755097177,6573.538026862609,1077.3533173171984,122454167.64273037
7498,7499.0,30.0,494.0,4223386.533790754,22630.210418775678,460.87042519718386,930.8921686982306,2551.4297445022507,423.0380926326639,224.21018909531188,1329.8459552831866,1272304.0755097177,6573.538026862609,1077.3533173171984,122454167.64273037
7499,7500.0,30.0,494.0,4740367.113157118,13368.397730534896,460.87042519718386,930.8921686982306,2551.4297445022507,423.0380926326639,224.21018909531188,1329.8459552831866,1272304.0755097177,6573.538026862609,1077.3533173171984,122454167.64273037
7500,7501.0,30.0,494.0,5254579.200168034,5546.775899004191,460.87042519718386,930.8921686982306,2552.1987701565417,423.165600414008,224.27776821942425,1329.8459552831866,1272304.0755097177,6573.538026862609,1077.3533173171984,122454167.64273037
7501,7502.0,30.0,494.0,5760474.904374305,2051.3998859059066,460.87042519718386,930.8921686982306,2554.5088764911657,423.5486260409859,224.48077180172254,1329.8459552831866,1272304.0755097177,6573.538026862609,1077.3533173171984,122454167.64273037
7502,7503.0,30.0,494.0,6263594.839764265,0.0,460.87042519718386,930.8921686982306,2555.279923384586,423.6764689525242,224.54852854483784,1329.8459552831866,1272304.0755097177,6573.538026862609,1077.3533173171984,122454167.64273037
7503,7504.0,30.0,494.0,5848041.005697273,0.0,510.27042519718384,1023.4185007549946,2810.467081567072,465.98760406979915,246.97343015699357,1462.0264296499925,1272304.0755097177,6573.538026862609,1077.3533173171984,122454167.64273037
7504,7505.0,30.0,494.0,4909778.921990536,0.0,537.65972,1076.291216061833,2955.6638175781122,490.0618512212062,259.7327811472393,1537.558880088333,1272304.0755097177,6573.538026862609,1077.3533173171984,122454167.64273037
7505,7506.0,30.0,494.0,3955186.4131441303,3032.9767890512553,537.65972,1077.3533173171984,2960.200046783576,490.81397765343866,260.1314081563225,1539.0761675959977,1272304.0755097177,6573.538026862609,1077.3533173171984,122454167.64273037
7506,7507.0,30.0,494.0,2977640.5628451426,18006.45701703243,537.65972,1077.3533173171984,2966.5759749648487,491.87113413692805,260.6917010925719,1539.0761675959977,1272304.0755097177,6573.538026862609,1077.3533173171984,122454167.64273037
7507,7508.0,30.0,494.0,2000094.7125461567,32979.937245015055,535.8813200000001,1077.3533173171984,2966.5759749648482,491.8711341369281,260.6917010925719,1539.0761675959977,1272304.0755097177,6573.538026862609,1077.3533173171984,122454167.64273037
7508,7509.0,30.0,494.0,1022548.862247169,47953.41747299582,534.63644,1077.3533173171984,2966.575974964849,491.8711341369282,260.6917010925719,1539.0761675959977,1272304.0755097177,6573.538026862609,1077.3533173171984,122454167.64273037
7509,7510.0,30.0,494.0,57990.41822827313,56170.74981415948,533.7600360365649,1077.3533173171984,2962.968362109267,491.2729763139777,260.3746774464082,1539.0761675959977,1272304.0755097177,6573.538026862609,1077.3533173171984,122454167.64273037
7510,7511.0,30.0,494.0,17844.73436586559,0.0,484.36003603656474,996.3674993851805,2706.1870398435763,448.6975218931612,237.80968660337544,1423.3821419788294,1272304.0755097177,6573.538026862609,1077.3533173171984,122454167.64273037
7511,7512.0,30.0,494.0,0.0,10295.321438672952,483.96303624240005,981.1877669431473,2699.9923316500926,447.67041246785396,237.2653186079626,1401.6968099187818,1272304.0755097177,6573.538026862609,1077.3533173171984,122454167.64273037
7512,7513.0,30.0,494.0,0.0,11307.675841692344,483.96303624240005,981.1877669431472,2695.0354609929077,446.8485418626529,236.82972718720603,1401.6968099187818,1272304.0755097177,6573.538026862609,1077.3533173171984,122454167.64273037
7513,7514.0,30.0,494.0,23682.90938143991,0.0,483.96303624240005,981.1877669431472,2688.4568750536187,445.7577838459081,236.25162543833127,1401.6968099187816,1272304.0755097177,6573.538026862609,1077.3533173171984,122454167.64273037
7514,7515.0,30.0,494.0,59160.380902254954,4283.007271161303,483.96303624240005,976.9632077596946,2685.1806077926817,445.2145645564065,235.96371921489546,1395.6617253709924,1272304.0755097177,6573.538026862609,1077.3533173171984,122454167.64273037
7515,7516.0,30.0,494.0,97581.62926552072,7034.639357433726,483.96303624240005,976.9632077596945,2684.362892003112,445.07898373993265,235.89186138216434,1395.6617253709921,1272304.0755097177,6573.538026862609,1077.3533173171984,122454167.64273037
7516,7517.0,30.0,494.0,141884.60835174285,6726.550223189277,483.96303624240005,976.9632077596945,2682.7290779134014,444.8080902937319,235.7482878556779,1395.6617253709921,1272304.0755097177,6573.538026862609,1077.3533173171984,122454167.64273037
7517,7518.0,30.0,494.0,189125.5451565981,4890.113056685031,483.96303624240005,976.9632077596945,2681.9129785471146,444.67277748723325,235.6765720682336,1395.6617253709921,1272304.0755097177,6573.538026862609,1077.3533173171984,122454167.64273037
7518,7519.0,30.0,494.0,242236.59168935008,0.0,483.96303624240005,976.9632077596945,2680.2823925115877,444.40241926638515,235.53328221118412,1395.6617253709921,1272304.0755097177,6573.538026862609,1077.3533173171984,122454167.64273037
7519,7520.0,30.0,494.0,379750.3074438646,56170.74981415948,479.85002216666464,956.552806930824,2656.8372066166535,440.51510598888547,233.47300617410932,1366.5040099011771,1272304.0755097177,6573.538026862609,1077.3533173171984,122454167.64273037
7520,7521.0,30.0,494.0,1430617.5573904966,51085.93799262494,430.4500221666646,876.0765449081589,2403.127891563288,398.44900365760066,211.17797193852834,1251.5379212973698,1272304.0755097177,6573.538026862609,1077.3533173171984,122454167.64273037
7521,7522.0,30.0,494.0,2484084.180610871,44648.91235166881,430.45002216666455,876.0765449081589,2402.405843431695,398.32928495280925,211.1145210249889,1251.5379212973698,1272304.0755097177,6573.538026862609,1077.3533173171984,122454167.64273037
7522,7523.0,30.0,494.0,3542744.4272457995,35510.12416471355,430.45002216666455,876.0765449081589,2400.963170260983,398.0900834981169,210.98774425400197,1251.5379212973698,1272304.0755097177,6573.538026862609,1077.3533173171984,122454167.64273037
7523,7524.0,30.0,494.0,4603998.927386204,25021.785500867292,430.45002216666455,876.0765449081589,2400.24254428724,397.9706005932512,210.92441831442315,1251.5379212973698,1272304.0755097177,6573.538026862609,1077.3533173171984,122454167.64273037
7524,7525.0,30.0,494.0,5667845.977803625,13184.782392575406,430.4500221666642,876.0765449081589,2399.522391432513,397.85119613356574,210.86113395078985,1251.5379212973698,1272304.0755097177,6573.538026862609,1077.3533173171984,122454167.64273037
7525,7526.0,30.0,494.0,6734283.876946403,0.0,430.4500221666642,876.0765449081589,2398.802711231025,397.73187004183274,210.79789112217136,1251.5379212973698,1272304.0755097177,6573.538026862609,1077.3533173171984,122454167.64273037
7526,7527.0,30.0,494.0,7698062.182302093,0.0,436.19212000000005,883.8970075098974,2427.319265060771,402.46003806863683,213.30382017637754,1262.710010728425,1272304.0755097177,6573.538026862609,1077.3533173171984,122454167.64273037
7527,7528.0,30.0,494.0,7735886.002129391,0.0,485.59212,977.5586781152019,2684.5288443742143,445.1064993611997,235.90644466143587,1396.5123973074315,1272304.0755097177,6573.538026862609,1077.3533173171984,122454167.64273037
7528,7529.0,30.0,494.0,6833733.393768858,0.0,534.99212,1072.6386890332758,2945.633407759722,488.398765867969,258.8513459100236,1532.3409843332513,1272304.0755097177,6573.538026862609,1077.3533173171984,122454167.64273037
7529,7530.0,30.0,494.0,5895666.41016292,0.0,534.99212,1076.2714813970501,2955.609623105668,490.05286554315524,259.7280187378723,1537.5306877100718,1272304.0755097177,6573.538026862609,1077.3533173171984,122454167.64273037
7530,7531.0,30.0,494.0,4918120.559863934,14973.480227983082,534.99212,1077.3533173171984,2966.5759749648482,491.8711341369281,260.6917010925719,1539.0761675959977,1272304.0755097177,6573.538026862609,1077.3533173171984,122454167.64273037
7531,7532.0,30.0,494.0,3940574.7095649466,29946.960455967113,533.03588,1077.3533173171984,2966.575974964849,491.8711341369282,260.691701092572,1539.0761675959977,1272304.0755097177,6573.538026862609,1077.3533173171984,122454167.64273037
7532,7533.0,30.0,494.0,2963028.8592659608,44920.44068394974,531.4353199999999,1077.3533173171984,2966.575974964848,491.87113413692805,260.69170109257186,1539.0761675959977,1272304.0755097177,6573.538026862609,1077.3533173171984,122454167.64273037
7533,7534.0,30.0,494.0,1986139.3304551393,56170.74981415948,530.1904400000001,1077.3533173171984,2966.393663440358,491.84090609723717,260.5169960244655,1539.0761675959977,1272304.0755097177,6573.538026862609,1077.3533173171984,122454167.64273037
7534,7535.0,30.0,494.0,1037377.1412609064,56170.74981415948,528.4772693896258,1077.3533173171984,2958.580513546861,490.5454520344631,259.98908957826546,1539.0761675959977,1272304.0755097177,6573.538026862609,1077.3533173171984,122454167.64273037
7535,7536.0,30.0,494.0,98578.1325587146,50987.82726784237,528.4772693896259,1077.3533173171984,2955.8129634101833,490.08658024557366,259.74588753015405,1539.0761675959977,1272304.0755097177,6573.538026862609,1077.3533173171984,122454167.64273037
7536,7537.0,30.0,494.0,17821.069788951427,0.0,484.6044126455999,999.4676101460062,2717.4679784289533,450.56795032747226,238.8010136735603,1427.8108716371519,1272304.0755097177,6573.538026862609,1077.3533173171984,122454167.64273037
7537,7538.0,30.0,494.0,0.0,12336.654326676391,484.6044126455999,980.7884473967331,2699.985758156505,447.66932255417123,237.2647409537108,1401.1263534239044,1272304.0755097177,6573.538026862609,1077.3533173171984,122454167.64273037
7538,7539.0,30.0,494.0,0.0,15402.652111255651,484.6044126455999,980.7884473967331,2695.0354609929077,446.8485418626529,236.82972718720603,1401.1263534239044,1272304.0755097177,6573.538026862609,1077.3533173171984,122454167.64273037
7539,7540.0,30.0,494.0,14796.928882012144,10771.174538431167,484.6044126455999,980.7884473967332,2690.9252029701265,446.16704329584655,236.46853294679866,1401.1263534239047,1272304.0755097177,6573.538026862609,1077.3533173171984,122454167.64273037
7540,7541.0,30.0,494.0,41396.25467196852,0.0,484.6044126455999,980.7884473967332,2687.6467593845864,445.62346316230804,236.18043547602326,1401.1263534239047,1272304.0755097177,6573.538026862609,1077.3533173171984,122454167.64273037
7541,7542.0,30.0,494.0,79766.87010978349,0.0,484.6044126455999,977.5033689275892,2684.3769567046256,445.08131572830695,235.89309733600268,1396.4333841822704,1272304.0755097177,6573.538026862609,1077.3533173171984,122454167.64273037
7542,7543.0,30.0,494.0,126945.6125528831,0.0,484.6044126455999,976.6124138071033,2681.930254758713,444.675641957877,235.67809023767484,1395.1605911530048,1272304.0755097177,6573.538026862609,1077.3533173171984,122454167.64273037
7543,7544.0,30.0,494.0,1042658.4207693584,56170.74981415948,437.66280958543746,877.8368136474974,2440.6707920438866,404.6737790195061,214.47710288033826,1254.0525909249964,1272304.0755097177,6573.538026862609,1077.3533173171984,122454167.64273037
7544,7545.0,30.0,494.0,2873256.028174285,49243.79479003046,388.26280958543754,797.5638564092125,2186.5361256026504,362.5371515874573,192.14469034135237,1139.3769377274464,1272304.0755097177,6573.538026862609,1077.3533173171984,122454167.64273037
7545,7546.0,30.0,494.0,4706195.171309427,41098.75500483159,388.26280958543754,797.5638564092125,2185.885699010924,362.42930804390903,192.0875332632718,1139.3769377274464,1272304.0755097177,6573.538026862609,1077.3533173171984,122454167.64273037
7546,7547.0,30.0,494.0,6541474.312360571,31736.430441256613,388.26280958543754,797.5638564092125,2185.235699589812,362.3215353270973,192.0304137233616,1139.3769377274464,1272304.0755097177,6573.538026862609,1077.3533173171984,122454167.64273037
7547,7548.0,30.0,494.0,8379091.915027948,21157.620294170454,388.26280958543754,797.5638564092125,2184.586126918636,362.21383336727155,191.97333168465394,1139.3769377274464,1272304.0755097177,6573.538026862609,1077.3533173171984,122454167.64273037
7548,7549.0,30.0,494.0,10216709.51769533,10578.810147085227,388.26280958543754,797.5638564092125,2184.586126918636,362.21383336727155,191.97333168465394,1139.3769377274464,1272304.0755097177,6573.538026862609,1077.3533173171984,122454167.64273037
7549,7550.0,30.0,494.0,12054327.120362706,0.0,388.26280958543754,797.5638564092125,2184.586126918636,362.21383336727155,191.97333168465394,1139.3769377274464,1272304.0755097177,6573.538026862609,1077.3533173171984,122454167.64273037
7550,7551.0,30.0,494.0,12985881.891608093,0.0,437.6628095854373,887.1564658145417,2436.2702467580775,403.9441495683078,214.09039927120315,1267.3663797350596,1272304.0755097177,6573.538026862609,1077.3533173171984,122454167.64273037
7551,7552.0,30.0,494.0,12993743.74988648,0.0,487.06280958543715,980.5893749984091,2692.8516114711333,446.48645016160606,236.63781858565122,1400.8419642834417,1272304.0755097177,6573.538026862609,1077.3533173171984,122454167.64273037
7552,7553.0,30.0,494.0,12121196.76033918,0.0,532.85804,1069.6440367467014,2937.4096247560465,487.0352270585637,258.12867034103874,1528.062909638145,1272304.0755097177,6573.538026862609,1077.3533173171984,122454167.64273037
7553,7554.0,30.0,494.0,11196429.196135191,0.0,532.85804,1074.9262253842169,2951.91533993846,489.4403374074822,259.4033788259656,1535.6088934060242,1272304.0755097177,6573.538026862609,1077.3533173171984,122454167.64273037
7554,7555.0,30.0,494.0,10218883.345836205,14973.480227981912,532.85804,1077.3533173171984,2966.5759749648482,491.87113413692805,260.69170109257186,1539.0761675959977,1272304.0755097177,6573.538026862609,1077.3533173171984,122454167.64273037
7555,7556.0,30.0,494.0,9241337.495537218,29946.960455963388,530.36828,1077.3533173171984,2966.575974964849,491.8711341369281,260.6917010925719,1539.0761675959977,1272304.0755097177,6573.538026862609,1077.3533173171984,122454167.64273037
7556,7557.0,30.0,494.0,8263791.64523823,44920.44068394601,528.76772,1077.3533173171984,2966.5759749648487,491.87113413692816,260.6917010925719,1539.0761675959977,1272304.0755097177,6573.538026862609,1077.3533173171984,122454167.64273037
7557,7558.0,30.0,494.0,7286902.11642741,56170.74981415948,527.7006799999999,1077.3533173171984,2966.393663440358,491.84090609723717,260.51699602446547,1539.0761675959977,1272304.0755097177,6573.538026862609,1077.3533173171984,122454167.64273037
7558,7559.0,30.0,494.0,6338139.927233182,56170.74981415948,525.994721679938,1077.3533173171984,2958.58051354686,490.5454520344629,259.98908957826535,1539.0761675959977,1272304.0755097177,6573.538026862609,1077.3533173171984,122454167.64273037
7559,7560.0,30.0,494.0,6105761.083419137,0.0,488.6200980406466,1015.8121688459402,2759.585139830143,457.5511579445557,242.50211371061454,1451.160241208486,1272304.0755097177,6573.538026862609,1077.3533173171984,122454167.64273037
7560,7561.0,30.0,494.0,5919565.186342943,27378.360787137102,488.62009804064655,994.8950348393685,2746.7565435140723,455.4241211611997,241.37478421543585,1421.2786211990979,1272304.0755097177,6573.538026862609,1077.3533173171984,122454167.64273037
7561,7562.0,30.0,494.0,5800270.901333118,19953.99228107743,488.62009804064655,994.8950348393685,2728.172762384526,452.3428498309245,239.74171041039,1421.2786211990979,1272304.0755097177,6573.538026862609,1077.3533173171984,122454167.64273037
7562,7563.0,30.0,494.0,5705062.429308584,0.0,488.62009804064655,994.8950348393685,2721.4822587774997,451.2335353805591,239.15377375169632,1421.2786211990979,1272304.0755097177,6573.538026862609,1077.3533173171984,122454167.64273037
7563,7564.0,30.0,494.0,5633812.301662061,10067.634314514697,488.62009804064655,986.6340742394672,2714.8271631169414,450.1300917209416,238.56894861209906,1409.4772489135246,1272304.0755097177,6573.538026862609,1077.3533173171984,122454167.64273037
7564,7565.0,30.0,494.0,5577471.857979612,12379.137217217125,488.62009804064655,986.6340742394672,2710.685584238032,449.44340002065206,238.2050020109456,1409.4772489135246,1272304.0755097177,6573.538026862609,1077.3533173171984,122454167.64273037
7565,7566.0,30.0,494.0,5533023.75912985,8504.151557242498,488.62009804064655,986.6340742394672,2707.3821551178416,448.8956771773468,237.9147089039938,1409.4772489135246,1272304.0755097177,6573.538026862609,1077.3533173171984,122454167.64273037
7566,7567.0,30.0,494.0,5497474.349185802,0.0,488.6200980406466,986.6340742394672,2704.910297088477,448.48583241942055,237.6974911822929,1409.4772489135246,1272304.0755097177,6573.538026862609,1077.3533173171984,122454167.64273037
7567,7568.0,30.0,494.0,5467847.632432694,56170.74981415948,488.62009804064667,973.4593097654897,2703.265104535438,448.21305237476105,237.55291775862338,1390.6561568078425,1272304.0755097177,6573.538026862609,1077.3533173171984,122454167.64273037
7568,7569.0,30.0,494.0,5715577.298121614,50700.561693035925,473.85468000000003,957.3900379333005,2626.2216649682077,435.4389166986327,230.78262585027534,1367.7000541904295,1272304.0755097177,6573.538026862609,1077.3533173171984,122454167.64273037
7569,7570.0,30.0,494.0,5969035.577746913,42250.304872593464,473.85468000000003,957.3900379333005,2624.6303833192137,435.1750753151565,230.642789917033,1367.7000541904295,1272304.0755097177,6573.538026862609,1077.3533173171984,122454167.64273037
7570,7571.0,30.0,494.0,6222493.857372211,33800.048052152175,473.85468000000003,957.3900379333006,2624.6303833192137,435.1750753151565,230.642789917033,1367.7000541904295,1272304.0755097177,6573.538026862609,1077.3533173171984,122454167.64273037
7571,7572.0,30.0,494.0,6478813.619463291,23861.22620976182,473.85468000000003,957.3900379333006,2623.835527078719,435.0432847108412,230.57294089674585,1367.7000541904295,1272304.0755097177,6573.538026862609,1077.3533173171984,122454167.64273037
7572,7573.0,30.0,494.0,6732271.8990885895,15410.96938931995,473.85468000000003,957.3900379333006,2624.6303833192137,435.1750753151565,230.642789917033,1367.7000541904295,1272304.0755097177,6573.538026862609,1077.3533173171984,122454167.64273037
7573,7574.0,30.0,494.0,6985730.178713888,6960.712568879249,473.85468000000003,957.3900379333006,2624.6303833192137,435.1750753151565,230.642789917033,1367.7000541904295,1272304.0755097177,6573.538026862609,1077.3533173171984,122454167.64273037
7574,7575.0,30.0,494.0,7236325.093491154,0.0,473.85468000000003,957.3900379333006,2625.425762443667,435.30695261589494,230.71268488642434,1367.7000541904295,1272304.0755097177,6573.538026862609,1077.3533173171984,122454167.64273037
7575,7576.0,30.0,494.0,6553698.9846453685,0.0,523.25468,1050.4332577642078,2884.6538245611814,478.28808709210557,253.49268615881596,1500.6189396631542,1272304.0755097177,6573.538026862609,1077.3533173171984,122454167.64273037
7576,7577.0,30.0,494.0,5807058.136011995,0.0,523.25468,1056.9084437107913,2902.4356967244003,481.2363984456026,255.0552911761694,1509.8692053011305,1272304.0755097177,6573.538026862609,1077.3533173171984,122454167.64273037
7577,7578.0,30.0,494.0,5002072.85891114,0.0,523.25468,1062.8100692509038,2918.642482409812,483.9235536450888,256.4794834318971,1518.3000989298628,1272304.0755097177,6573.538026862609,1077.3533173171984,122454167.64273037
7578,7579.0,30.0,494.0,4131432.1938245036,0.0,523.25468,1069.4512091979482,2936.88009018364,486.9474279349638,258.0821368055308,1527.7874417113546,1272304.0755097177,6573.538026862609,1077.3533173171984,122454167.64273037
7579,7580.0,30.0,494.0,3190896.3112096395,1797.1031874549226,523.25468,1076.1717774654956,2956.2954283859253,490.16657502635877,259.7882847639701,1537.3882535221367,1272304.0755097177,6573.538026862609,1077.3533173171984,122454167.64273037
7580,7581.0,30.0,494.0,2220100.115255138,19335.852367565687,523.25468,1076.1717774654956,2964.7010709802694,491.56026694287164,260.526941479722,1537.3882535221367,1272304.0755097177,6573.538026862609,1077.3533173171984,122454167.64273037
7581,7582.0,30.0,494.0,1242554.2649561502,40385.82326144534,523.25468,1076.1717774654956,2966.5759749648487,491.8711341369281,260.6917010925719,1537.3882535221367,1272304.0755097177,6573.538026862609,1077.3533173171984,122454167.64273037
7582,7583.0,30.0,494.0,275129.45864361525,56170.74981415948,523.25468,1076.1717774654956,2963.7645738575006,491.40499166734196,260.4446455836912,1537.3882535221367,1272304.0755097177,6573.538026862609,1077.3533173171984,122454167.64273037
7583,7584.0,30.0,494.0,120366.57485448755,0.0,481.5578747304,1007.9611992840611,2738.0251509343316,453.97641848746565,240.6075017983568,1439.9445704058016,1272304.0755097177,6573.538026862609,1077.3533173171984,122454167.64273037
7584,7585.0,30.0,494.0,26928.011078117415,27735.583789470606,481.5578747304,985.4430328681636,2720.9906175974547,451.15201914539176,239.11057014705764,1407.7757612402338,1272304.0755097177,6573.538026862609,1077.3533173171984,122454167.64273037
7585,7586.0,30.0,494.0,0.0,20871.870354207986,481.5578747304,985.4430328681636,2702.5154640701626,448.0887587416427,237.48704213307067,1407.7757612402338,1272304.0755097177,6573.538026862609,1077.3533173171984,122454167.64273037
7586,7587.0,30.0,494.0,0.0,0.0,481.5578747304,985.4430328681636,2695.0354609929077,446.8485418626529,236.82972718720603,1407.7757612402338,1272304.0755097177,6573.538026862609,1077.3533173171984,122454167.64273037
7587,7588.0,30.0,494.0,17862.524083876982,12700.82439695485,481.5578747304,977.1081880643449,2690.0736487473864,446.02585192072144,236.39370151798235,1395.8688400919214,1272304.0755097177,6573.538026862609,1077.3533173171984,122454167.64273037
7588,7589.0,30.0,494.0,56474.841959936544,14607.447668792702,481.5578747304,977.1081880643449,2684.3098171384468,445.07018369769634,235.8871973597791,1395.8688400919214,1272304.0755097177,6573.538026862609,1077.3533173171984,122454167.64273037
7589,7590.0,30.0,494.0,106901.0009926334,10368.420589492807,481.5578747304,977.1081880643449,2681.0281945949364,444.5260764791698,235.59882053396,1395.8688400919214,1272304.0755097177,6573.538026862609,1077.3533173171984,122454167.64273037
7590,7591.0,30.0,494.0,169109.75050455332,0.0,481.5578747304,977.1081880643449,2677.755252795152,443.98340856551795,235.3112065397245,1395.8688400919214,1272304.0755097177,6573.538026862609,1077.3533173171984,122454167.64273037
7591,7592.0,30.0,494.0,1149248.915104013,56170.74981415948,432.15787473039995,871.3199920713271,2422.7745819375023,401.7065099402491,212.90445026833203,1244.7428458161817,1272304.0755097177,6573.538026862609,1077.3533173171984,122454167.64273037
7592,7593.0,30.0,494.0,2850729.7793697566,51785.62864823174,393.347158378628,810.1299611532758,2222.401887585757,368.4838501288708,195.29644056830153,1157.328515933251,1272304.0755097177,6573.538026862609,1077.3533173171984,122454167.64273037
7593,7594.0,30.0,494.0,4554606.396836407,46154.21837911662,393.347158378628,810.1299611532758,2221.736400585509,368.3735095044176,195.23796003734134,1157.328515933251,1272304.0755097177,6573.538026862609,1077.3533173171984,122454167.64273037
7594,7595.0,30.0,494.0,6263269.778638856,38032.69676254457,393.347158378628,810.1299611532758,2220.4067438255606,368.1530466596943,195.121114729638,1157.328515933251,1272304.0755097177,6573.538026862609,1077.3533173171984,122454167.64273037
7595,7596.0,30.0,494.0,7976713.612444804,27424.347521967255,393.347158378628,810.1299611532758,2219.0788404912555,367.93287454053035,195.0044235064811,1157.328515933251,1272304.0755097177,6573.538026862609,1077.3533173171984,122454167.64273037
7596,7597.0,30.0,494.0,9694931.598399866,14332.447889733128,393.347158378628,810.1299611532758,2217.7526871165014,367.71299257223274,194.88788606328336,1157.328515933251,1272304.0755097177,6573.538026862609,1077.3533173171984,122454167.64273037
7597,7598.0,30.0,494.0,11415534.301874455,0.0,393.347158378628,810.1299611532758,2217.0902655832997,367.6031602154813,194.8296749142051,1157.328515933251,1272304.0755097177,6573.538026862609,1077.3533173171984,122454167.64273037
7598,7599.0,30.0,494.0,12229772.49411488,0.0,442.74715837862817,899.0232119138745,2468.858185370567,409.3473708105009,216.95410652956548,1284.318874162678,1272304.0755097177,6573.538026862609,1077.3533173171984,122454167.64273037
7599,7600.0,30.0,494.0,12120334.658987353,0.0,492.14715837862815,992.4544130943351,2725.434859639443,451.8888937078568,239.50111366516413,1417.7920187061932,1272304.0755097177,6573.538026862609,1077.3533173171984,122454167.64273037
7600,7601.0,30.0,494.0,11347033.45109407,0.0,525.3887599999999,1059.6051786218986,2909.841352074375,482.46428814967885,255.7060727193298,1513.7216837455694,1272304.0755097177,6573.538026862609,1077.3533173171984,122454167.64273037
7601,7602.0,30.0,494.0,10512039.097020067,0.0,525.3887599999999,1065.8455319292063,2926.9783371245753,485.30567442916885,257.2120074474595,1522.6364741845807,1272304.0755097177,6573.538026862609,1077.3533173171984,122454167.64273037
7602,7603.0,30.0,494.0,9597989.54891841,0.0,525.3887599999999,1073.8420821467164,2948.938113243368,488.9467003378586,259.14175117906507,1534.0601173524522,1272304.0755097177,6573.538026862609,1077.3533173171984,122454167.64273037
7603,7604.0,30.0,494.0,8620443.698619422,14973.480227983082,525.3887599999999,1077.3533173171984,2966.575974964849,491.87113413692816,260.6917010925719,1539.0761675959977,1272304.0755097177,6573.538026862609,1077.3533173171984,122454167.64273037
7604,7605.0,30.0,494.0,7642897.848320434,29946.96045596525,523.43252,1077.3533173171984,2966.575974964849,491.8711341369281,260.6917010925719,1539.0761675959977,1272304.0755097177,6573.538026862609,1077.3533173171984,122454167.64273037
7605,7606.0,30.0,494.0,6665698.629642196,42954.07381159557,523.07684,1077.3533173171984,2966.4796884035295,491.8551694083933,260.5994318281907,1539.0761675959977,1272304.0755097177,6573.538026862609,1077.3533173171984,122454167.64273037
7606,7607.0,30.0,494.0,5691529.900538944,56170.74981415948,523.07684,1077.3533173171984,2965.637885743811,491.7155948846159,260.6092652888464,1539.0761675959977,1272304.0755097177,6573.538026862609,1077.3533173171984,122454167.64273037
7607,7608.0,30.0,494.0,4738051.90078583,56170.74981415948,523.07684,1077.3533173171984,2959.890460924328,490.7626469782811,259.9890895782655,1539.0761675959977,1272304.0755097177,6573.538026862609,1077.3533173171984,122454167.64273037
7608,7609.0,30.0,494.0,3850889.630985774,24126.001519731246,523.07684,1077.3533173171984,2941.4694248262563,487.70835947848326,258.48543052359616,1539.0761675959977,1272304.0755097177,6573.538026862609,1077.3533173171984,122454167.64273037
7609,7610.0,30.0,494.0,3032896.8936845493,0.0,523.07684,1068.8169601193124,2922.2556657988034,484.52263508658433,256.7969965958897,1526.8813715990177,1272304.0755097177,6573.538026862609,1077.3533173171984,122454167.64273037
7610,7611.0,30.0,494.0,2240999.5035855398,12359.198484689929,523.07684,1059.0830325711843,2915.0069582426327,483.3207680058927,256.1600070431232,1512.9757608159775,1272304.0755097177,6573.538026862609,1077.3533173171984,122454167.64273037
7611,7612.0,30.0,494.0,1471821.5377065502,12899.579060443233,523.07684,1059.0830325711843,2908.696007070405,482.27438499168284,255.60542404559192,1512.9757608159775,1272304.0755097177,6573.538026862609,1077.3533173171984,122454167.64273037
7612,7613.0,30.0,494.0,728479.3319541141,0.0,523.07684,1059.0830325711843,2901.519407035251,481.08447365001217,254.97477103450643,1512.9757608159775,1272304.0755097177,6573.538026862609,1077.3533173171984,122454167.64273037
7613,7614.0,30.0,494.0,7631.106556033716,0.0,523.07684,1054.2994815865545,2895.2710791590407,480.04847384927655,254.42569114011658,1506.1421165522208,1272304.0755097177,6573.538026862609,1077.3533173171984,122454167.64273037
7614,7615.0,30.0,494.0,0.0,0.0,485.3381562694222,982.1565113876164,2697.1552128140283,447.2000058875564,237.01600312040492,1403.0807305537378,1272304.0755097177,6573.538026862609,1077.3533173171984,122454167.64273037
7615,7616.0,30.0,494.0,913004.1357067616,56170.74981415948,435.93815626942217,878.1107998923371,2441.4232010743626,404.7985316927154,214.54322179713918,1254.443999846196,1272304.0755097177,6573.538026862609,1077.3533173171984,122454167.64273037
7616,7617.0,30.0,494.0,2742467.9128234796,48440.43042456359,386.5381562694222,797.8347547635386,2186.8510784604864,362.5893721342058,192.17236723112907,1139.763935376484,1272304.0755097177,6573.538026862609,1077.3533173171984,122454167.64273037
7617,7618.0,30.0,494.0,4574284.417822745,39486.20403081924,386.5381562694222,797.8347547635386,2186.197542937556,362.48101311641045,192.11493695169756,1139.763935376484,1272304.0755097177,6573.538026862609,1077.3533173171984,122454167.64273037
7618,7619.0,30.0,494.0,6406100.92282201,30531.977637074888,386.5381562694222,797.8347547635386,2186.197542937556,362.48101311641045,192.11493695169756,1139.763935376484,1272304.0755097177,6573.538026862609,1077.3533173171984,122454167.64273037
7619,7620.0,30.0,494.0,8240268.60340275,20354.651758050546,386.5381562694222,797.8347547635386,2185.544438609369,362.3727255925694,192.0575445640618,1139.763935376484,1272304.0755097177,6573.538026862609,1077.3533173171984,122454167.64273037
7620,7621.0,30.0,494.0,10074436.28398349,10177.325879025273,386.5381562694222,797.8347547635386,2185.544438609369,362.3727255925694,192.0575445640618,1139.763935376484,1272304.0755097177,6573.538026862609,1077.3533173171984,122454167.64273037
7621,7622.0,30.0,494.0,11908603.96456423,0.0,386.5381562694222,797.8347547635386,2185.544438609369,362.3727255925694,192.0575445640618,1139.763935376484,1272304.0755097177,6573.538026862609,1077.3533173171984,122454167.64273037
7622,7623.0,30.0,494.0,12919636.706660293,0.0,431.1958101256001,879.1171510938557,2414.193032632891,400.2836519299596,212.1503355228786,1255.881644419794,1272304.0755097177,6573.538026862609,1077.3533173171984,122454167.64273037
7623,7624.0,30.0,494.0,12993743.74988648,0.0,480.59581012560017,973.8885762132211,2674.4501712078554,443.43541173601557,235.02076822008826,1391.2693945903159,1272304.0755097177,6573.538026862609,1077.3533173171984,122454167.64273037
7624,7625.0,30.0,494.0,12993743.74988648,0.0,480.5958101255999,981.3846136326232,2695.0354609929077,446.8485418626529,236.82972718720603,1401.978019475176,1272304.0755097177,6573.538026862609,1077.3533173171984,122454167.64273037
7625,7626.0,30.0,494.0,12939616.574654704,0.0,480.5958101255999,986.8596577482755,2710.0707874461787,449.3414640521063,238.15097594761636,1409.799511068965,1272304.0755097177,6573.538026862609,1077.3533173171984,122454167.64273037
7626,7627.0,30.0,494.0,12824575.820848538,0.0,480.5958101255999,993.0211566350908,2726.9912259390644,452.14694597531525,239.6378813669171,1418.6016523358442,1272304.0755097177,6573.538026862609,1077.3533173171984,122454167.64273037
7627,7628.0,30.0,494.0,12669497.767420711,17840.362364974804,480.5958101255999,993.6020295704349,2738.112698056193,453.9909341791195,240.61519511493336,1419.431470814907,1272304.0755097177,6573.538026862609,1077.3533173171984,122454167.64273037
7628,7629.0,30.0,494.0,12498926.5142022,43740.405529056676,480.5958101255999,993.6020295704349,2742.416364664716,454.70450072639346,240.99338538498856,1419.431470814907,1272304.0755097177,6573.538026862609,1077.3533173171984,122454167.64273037
7629,7630.0,30.0,494.0,12355397.217509799,55573.016482342035,479.4980842100714,993.6020295704349,2734.90471007413,453.45903588952535,240.33328902144845,1419.431470814907,1272304.0755097177,6573.538026862609,1077.3533173171984,122454167.64273037
7630,7631.0,30.0,494.0,12233464.83116062,56170.74981415948,479.4980842100714,993.6020295704349,2728.905568312124,452.46435222484655,239.8061066791687,1419.431470814907,1272304.0755097177,6573.538026862609,1077.3533173171984,122454167.64273037
7631,7632.0,30.0,494.0,12139149.76997835,42401.73977613449,479.4980842100714,993.6020295704349,2721.2340890990936,451.192387773956,239.1319655201967,1419.431470814907,1272304.0755097177,6573.538026862609,1077.3533173171984,122454167.64273037
7632,7633.0,30.0,494.0,12102589.818337776,0.0,479.4980842100714,993.3274897412464,2705.1910031152893,448.5323746933864,237.7221585874948,1419.0392710589235,1272304.0755097177,6573.538026862609,1077.3533173171984,122454167.64273037
7633,7634.0,30.0,494.0,12111108.089048617,26529.648960852996,479.4980842100714,975.3644350530545,2692.6692746843405,446.4562179333161,236.62179550465754,1393.3777643615065,1272304.0755097177,6573.538026862609,1077.3533173171984,122454167.64273037
7634,7635.0,30.0,494.0,12140508.610111905,42196.19188282639,479.4980842100714,975.3644350530545,2686.868649586439,445.4944491906019,236.11205807101902,1393.3777643615065,1272304.0755097177,6573.538026862609,1077.3533173171984,122454167.64273037
7635,7636.0,30.0,494.0,12184765.465491049,50134.35628725495,479.4980842100714,975.3644350530545,2682.741890054268,444.8102146021305,235.74941373912918,1393.3777643615065,1272304.0755097177,6573.538026862609,1077.3533173171984,122454167.64273037
7636,7637.0,30.0,494.0,12240871.843047496,56170.74981415948,479.4980842100714,974.5356270783136,2679.450356116117,444.26446403148225,235.4601659366856,1392.1937529690194,1272304.0755097177,6573.538026862609,1077.3533173171984,122454167.64273037
7637,7638.0,30.0,494.0,12308796.283292854,56059.296916612424,479.4980842100714,974.5356270783136,2676.1675609247527,443.72016238286704,235.17168606291955,1392.1937529690194,1272304.0755097177,6573.538026862609,1077.3533173171984,122454167.64273037
7638,7639.0,30.0,494.0,12385563.700556474,51347.659870929085,479.4980842100714,974.5356270783136,2673.71117841968,443.3128835338369,234.95582827293356,1392.1937529690194,1272304.0755097177,6573.538026862609,1077.3533173171984,122454167.64273037
7639,7640.0,30.0,494.0,12468216.669802686,43574.31375629082,479.4980842100714,974.5356270783136,2672.0763028689594,443.0418140928073,234.81216146918786,1392.1937529690194,1272304.0755097177,6573.538026862609,1077.3533173171984,122454167.64273037
7640,7641.0,30.0,494.0,12547927.838365877,37331.31481330842,479.4980842100714,974.5356270783136,2672.8934697253544,443.1773038937853,234.8839710637062,1392.1937529690194,1272304.0755097177,6573.538026862609,1077.3533173171984,122454167.64273037
7641,7642.0,30.0,494.0,12627639.006929068,31088.31587033812,479.4980842100714,974.5356270783136,2672.8934697253544,443.1773038937853,234.8839710637062,1392.1937529690194,1272304.0755097177,6573.538026862609,1077.3533173171984,122454167.64273037
7642,7643.0,30.0,494.0,12704406.42419269,26376.67882465478,479.4980842100714,974.5356270783136,2673.71117841968,443.3128835338369,234.95582827293356,1392.1937529690194,1272304.0755097177,6573.538026862609,1077.3533173171984,122454167.64273037
7643,7644.0,30.0,494.0,12784117.59275588,20133.679881684482,479.4980842100714,974.5356270783136,2672.8934697253544,443.1773038937853,234.8839710637062,1392.1937529690194,1272304.0755097177,6573.538026862609,1077.3533173171984,122454167.64273037
7644,7645.0,30.0,494.0,12869710.41400672,10831.000312756747,479.4980842100714,974.5356270783136,2671.2596773121195,442.90641404163785,234.74039944206808,1392.1937529690194,1272304.0755097177,6573.538026862609,1077.3533173171984,122454167.64273037
7645,7646.0,30.0,494.0,12958241.140519388,0.0,479.4980842100714,974.5356270783136,2670.443592517166,442.77110365112935,234.66868493509855,1392.1937529690194,1272304.0755097177,6573.538026862609,1077.3533173171984,122454167.64273037
7646,7647.0,30.0,494.0,12993743.74988648,0.0,482.3645860556769,977.7934719986243,2685.173625057605,445.21340678871394,235.9631055980184,1396.847817140892,1272304.0755097177,6573.538026862609,1077.3533173171984,122454167.64273037
7647,7648.0,30.0,494.0,12105602.792287722,0.0,531.7645860556769,1071.221389761231,2941.7412825481183,487.75343466519837,258.5093203725551,1530.3162710874728,1272304.0755097177,6573.538026862609,1077.3533173171984,122454167.64273037
7648,7649.0,30.0,494.0,11168264.069775648,0.0,531.7645860556769,1076.197816706448,2955.4073283573725,490.01932419848254,259.71024182519574,1537.4254524377832,1272304.0755097177,6573.538026862609,1077.3533173171984,122454167.64273037
7649,7650.0,30.0,494.0,10194533.395462627,12988.79655677732,531.7645860556769,1077.3533173171984,2965.5162038576364,491.6954195013249,260.5985723357022,1539.0761675959977,1272304.0755097177,6573.538026862609,1077.3533173171984,122454167.64273037
7650,7651.0,30.0,494.0,9216987.54516364,27962.276784759015,529.8347600000001,1077.3533173171984,2966.5759749648482,491.87113413692805,260.69170109257186,1539.0761675959977,1272304.0755097177,6573.538026862609,1077.3533173171984,122454167.64273037
7651,7652.0,30.0,494.0,8239441.694864653,42935.75701274188,528.58988,1077.3533173171984,2966.5759749648487,491.87113413692816,260.6917010925719,1539.0761675959977,1272304.0755097177,6573.538026862609,1077.3533173171984,122454167.64273037
7652,7653.0,30.0,494.0,7265237.75520763,56170.74981415948,528.58988,1077.3533173171984,2965.6476664531915,491.717216568556,260.6101247813347,1539.0761675959977,1272304.0755097177,6573.538026862609,1077.3533173171984,122454167.64273037
7653,7654.0,30.0,494.0,6316475.566013398,56170.74981415948,527.7679700440007,1077.3533173171984,2958.580513546861,490.5454520344631,259.98908957826546,1539.0761675959977,1272304.0755097177,6573.538026862609,1077.3533173171984,122454167.64273037
7654,7655.0,30.0,494.0,6313153.456062229,0.0,478.3679700440006,992.6427402268333,2695.9582693126767,447.00154747540853,236.91082016196654,1418.061057466905,1272304.0755097177,6573.538026862609,1077.3533173171984,122454167.64273037
7655,7656.0,30.0,494.0,6601819.345837856,12735.589037213475,464.4897293831344,949.7092658800672,2614.850491610789,433.55352694863745,229.78336928277787,1356.7275226858103,1272304.0755097177,6573.538026862609,1077.3533173171984,122454167.64273037
7656,7657.0,30.0,494.0,6939448.71948432,0.0,464.4897293831344,949.7092658800672,2601.24952386889,431.2984276405379,228.58816664948512,1356.7275226858103,1272304.0755097177,6573.538026862609,1077.3533173171984,122454167.64273037
7657,7658.0,30.0,494.0,7325491.657709837,20211.0592206195,464.4897293831341,938.4058692458482,2587.8013114858195,429.0686558319621,227.40638759093991,1340.5798132083546,1272304.0755097177,6573.538026862609,1077.3533173171984,122454167.64273037
7658,7659.0,30.0,494.0,7725670.569759015,33068.47695061937,464.4897293831341,938.4058692458482,2583.8746520903583,428.4175987120655,227.06132731739473,1340.5798132083546,1272304.0755097177,6573.538026862609,1077.3533173171984,122454167.64273037
7659,7660.0,30.0,494.0,8134308.711418819,41525.33886330016,464.4897293831341,938.4058692458482,2581.5248660874136,428.02799402437125,226.8548368329168,1340.5798132083546,1272304.0755097177,6573.538026862609,1077.3533173171984,122454167.64273037
7660,7661.0,30.0,494.0,8545762.881545324,48517.28127131611,464.4897293831341,938.4058692458482,2580.7426359577676,427.89829688387255,226.78609734845247,1340.5798132083546,1272304.0755097177,6573.538026862609,1077.3533173171984,122454167.64273037
7661,7662.0,30.0,494.0,8965654.0185287,53715.887356081046,464.4897293831341,937.901161810364,2578.399034053081,427.5097175464304,226.58015029960814,1339.8588025862343,1272304.0755097177,6573.538026862609,1077.3533173171984,122454167.64273037
7662,7663.0,30.0,494.0,9393965.4829281,54534.17484210711,464.4897293831341,937.901161810364,2576.060054215297,427.1219045676821,226.37460942087154,1339.8588025862343,1272304.0755097177,6573.538026862609,1077.3533173171984,122454167.64273037
7663,7664.0,30.0,494.0,9822276.947327498,55352.46232813317,464.4897293831341,937.901161810364,2576.060054215297,427.1219045676821,226.37460942087154,1339.8588025862343,1272304.0755097177,6573.538026862609,1077.3533173171984,122454167.64273037
7664,7665.0,30.0,494.0,10250588.411726905,56170.74981415948,464.4897293831341,937.901161810364,2576.060054215297,427.1219045676821,226.37460942087154,1339.8588025862343,1272304.0755097177,6573.538026862609,1077.3533173171984,122454167.64273037
7665,7666.0,30.0,494.0,10681702.962783283,55530.85022374336,464.4897293831341,937.901161810364,2575.2814190328027,426.99280348497786,226.30618584703828,1339.8588025862343,1272304.0755097177,6573.538026862609,1077.3533173171984,122454167.64273037
7666,7667.0,30.0,494.0,11118418.164333977,51977.44949338399,464.4897293831341,937.901161810364,2573.7256827843817,426.734855682735,226.16947351184956,1339.8588025862343,1272304.0755097177,6573.538026862609,1077.3533173171984,122454167.64273037
7667,7668.0,30.0,494.0,11566312.626308013,42608.512153446674,464.4897293831341,937.901161810364,2570.6203326667865,426.2199751952221,225.89658685346774,1339.8588025862343,1272304.0755097177,6573.538026862609,1077.3533173171984,122454167.64273037
7668,7669.0,30.0,494.0,12019785.727104632,30337.524313226342,464.4897293831341,937.901161810364,2569.0707107716244,425.9630411792087,225.76041182498062,1339.8588025862343,1272304.0755097177,6573.538026862609,1077.3533173171984,122454167.64273037
7669,7670.0,30.0,494.0,12476045.4057671,16616.93739573378,464.4897293831341,937.901161810364,2568.2966613644444,425.8347004378959,225.69239123208484,1339.8588025862343,1272304.0755097177,6573.538026862609,1077.3533173171984,122454167.64273037
7670,7671.0,30.0,494.0,12937872.766046463,0.0,464.4897293831341,937.901161810364,2566.7500831375296,425.5782710752489,225.5564836698819,1339.8588025862343,1272304.0755097177,6573.538026862609,1077.3533173171984,122454167.64273037
7671,7672.0,30.0,494.0,12984874.068911767,0.0,486.687598994553,976.6303620837707,2681.979543530323,444.68381424950087,235.68242155223547,1395.186231548244,1272304.0755097177,6573.538026862609,1077.3533173171984,122454167.64273037
7672,7673.0,30.0,494.0,12993743.74988648,0.0,486.687598994553,980.4874322367648,2692.571660722154,446.4400331159733,236.61321755146585,1400.696331766807,1272304.0755097177,6573.538026862609,1077.3533173171984,122454167.64273037
7673,7674.0,30.0,494.0,12964154.096197767,0.0,486.687598994553,984.377651023155,2703.254809239772,448.2113453701879,237.55201304619962,1406.2537871759357,1272304.0755097177,6573.538026862609,1077.3533173171984,122454167.64273037
7674,7675.0,30.0,494.0,12886773.720007658,0.0,486.687598994553,989.2117535399336,2716.5300099346045,450.41243109216754,238.7185884788488,1413.159647914191,1272304.0755097177,6573.538026862609,1077.3533173171984,122454167.64273037
7675,7676.0,30.0,494.0,12779265.213505937,5245.882028496824,486.687598994553,991.2392260234814,2724.8989350211655,451.80003508699946,239.45401859610973,1416.056037176402,1272304.0755097177,6573.538026862609,1077.3533173171984,122454167.64273037
7676,7677.0,30.0,494.0,12653583.202285234,19945.759940017015,486.687598994553,991.2392260234814,2729.947130776436,452.6370477886612,239.89763532799046,1416.056037176402,1272304.0755097177,6573.538026862609,1077.3533173171984,122454167.64273037
7677,7678.0,30.0,494.0,12524865.18789816,36224.98987414129,486.687598994553,991.2392260234814,2730.7904649893167,452.77687625058053,239.97174441280768,1416.056037176402,1272304.0755097177,6573.538026862609,1077.3533173171984,122454167.64273037
7678,7679.0,30.0,494.0,12399183.176677555,50924.86778566241,486.687598994553,991.2392260234814,2729.947130776436,452.6370477886612,239.89763532799046,1416.056037176402,1272304.0755097177,6573.538026862609,1077.3533173171984,122454167.64273037
7679,7680.0,30.0,494.0,12291674.670175826,56170.74981415948,486.687598994553,991.2392260234814,2724.8989350211655,451.80003508699946,239.45401859610973,1416.056037176402,1272304.0755097177,6573.538026862609,1077.3533173171984,122454167.64273037
7680,7681.0,30.0,494.0,12229283.395586742,37946.30339740962,486.687598994553,991.2392260234814,2712.3663706009866,449.7220816730234,238.35270328670242,1416.056037176402,1272304.0755097177,6573.538026862609,1077.3533173171984,122454167.64273037
7681,7682.0,30.0,494.0,12217485.194432711,0.0,486.687598994553,989.9564670742512,2698.312739091249,447.39192875337034,237.11772223928628,1414.2235243917876,1272304.0755097177,6573.538026862609,1077.3533173171984,122454167.64273037
7682,7683.0,30.0,494.0,12226354.875407426,16145.90432540048,486.687598994553,977.3479508401591,2692.571660722154,446.4400331159733,236.61321755146585,1396.2113583430846,1272304.0755097177,6573.538026862609,1077.3533173171984,122454167.64273037
7683,7684.0,30.0,494.0,12246992.07239422,26170.256993487477,486.687598994553,977.3479508401591,2689.3029062743535,445.8980594834006,236.32597152620232,1396.2113583430846,1272304.0755097177,6573.538026862609,1077.3533173171984,122454167.64273037
7684,7685.0,30.0,494.0,12276434.619420031,31613.999355267733,486.687598994553,977.3479508401591,2686.85697570796,445.4925136110329,236.11103221384744,1396.2113583430846,1272304.0755097177,6573.538026862609,1077.3533173171984,122454167.64273037
7685,7686.0,30.0,494.0,12320514.260016141,42837.00242566038,486.687598994553,974.7436419619016,2682.791116382877,444.8183765404347,235.7537395664304,1392.490917088431,1272304.0755097177,6573.538026862609,1077.3533173171984,122454167.64273037
7686,7687.0,30.0,494.0,12370435.310736245,51021.25935890339,486.687598994553,974.7436419619016,2681.168502459546,444.5493401302869,235.61115026905208,1392.490917088431,1272304.0755097177,6573.538026862609,1077.3533173171984,122454167.64273037
7687,7688.0,30.0,494.0,12426190.121444302,56170.74981415948,486.687598994553,974.7436419619016,2679.548013574003,444.2806560606002,235.46874771211813,1392.490917088431,1272304.0755097177,6573.538026862609,1077.3533173171984,122454167.64273037
7688,7689.0,30.0,494.0,12493589.561755022,55262.61506033968,486.687598994553,974.7436419619016,2676.31339423993,443.7443421775989,235.18450135412743,1392.490917088431,1272304.0755097177,6573.538026862609,1077.3533173171984,122454167.64273037
7689,7690.0,30.0,494.0,12569702.504075594,49821.65004611388,486.687598994553,974.7436419619016,2673.892977014971,443.3430265276469,234.97180405965287,1392.490917088431,1272304.0755097177,6573.538026862609,1077.3533173171984,122454167.64273037
7690,7691.0,30.0,494.0,12654511.886959294,39856.73026630123,486.687598994553,974.7436419619016,2671.477299080769,442.94249667261107,234.7595232364839,1392.490917088431,1272304.0755097177,6573.538026862609,1077.3533173171984,122454167.64273037
7691,7692.0,30.0,494.0,12745109.443033436,26880.75860855542,486.687598994553,974.7436419619016,2669.8694731945347,442.6759121830073,234.6182334569939,1392.490917088431,1272304.0755097177,6573.538026862609,1077.3533173171984,122454167.64273037
7692,7693.0,30.0,494.0,12829918.825917136,16915.838828742504,486.68759899455296,974.7436419619016,2671.4772990807687,442.942496672611,234.75952323648386,1392.490917088431,1272304.0755097177,6573.538026862609,1077.3533173171984,122454167.64273037
7693,7694.0,30.0,494.0,12911831.287901808,8457.919414371252,486.6875989945543,974.7436419619016,2672.281999330499,443.07591945625626,234.83023731181584,1392.490917088431,1272304.0755097177,6573.538026862609,1077.3533173171984,122454167.64273037
7694,7695.0,30.0,494.0,12993743.74988648,0.0,486.6875989945543,974.7436419619016,2672.281999330499,443.07591945625626,234.83023731181584,1392.490917088431,1272304.0755097177,6573.538026862609,1077.3533173171984,122454167.64273037
7695,7696.0,30.0,494.0,12993743.74988648,0.0,490.8578325768,981.3846136326232,2695.0354609929077,446.84854186265284,236.829727187206,1401.978019475176,1272304.0755097177,6573.538026862609,1077.3533173171984,122454167.64273037
7696,7697.0,30.0,494.0,12166094.285248501,0.0,534.10292,1065.102585460734,2924.9380900590127,484.9673926367836,257.0327180974953,1521.5751220867628,1272304.0755097177,6573.538026862609,1077.3533173171984,122454167.64273037
7697,7698.0,30.0,494.0,11286822.606077539,0.0,534.10292,1070.324249083591,2939.2775940959527,487.34494445852465,258.2928205630181,1529.0346415479871,1272304.0755097177,6573.538026862609,1077.3533173171984,122454167.64273037
7698,7699.0,30.0,494.0,10358658.038973706,4461.6710957890455,534.10292,1074.4022901121925,2952.8589518550834,489.5967923466213,259.4862999437093,1534.8604144459894,1272304.0755097177,6573.538026862609,1077.3533173171984,122454167.64273037
7699,7700.0,30.0,494.0,9397627.333520174,26020.558246145807,534.10292,1074.4022901121925,2961.98843473,491.1105001139817,260.28856506041035,1534.8604144459894,1272304.0755097177,6573.538026862609,1077.3533173171984,122454167.64273037
7700,7701.0,30.0,494.0,8420081.483221186,56170.74981415948,534.10292,1074.4022901121925,2966.575974964849,491.87113413692816,260.6917010925719,1534.8604144459894,1272304.0755097177,6573.538026862609,1077.3533173171984,122454167.64273037
7701,7702.0,30.0,494.0,8250434.860400885,0.0,490.67672012593926,1009.4667115789962,2742.1595228874357,454.66191524826957,240.97081508158288,1442.095302255709,1272304.0755097177,6573.538026862609,1077.3533173171984,122454167.64273037
7702,7703.0,30.0,494.0,8086863.236362455,0.0,490.67672012593937,997.930126193448,2740.472023225805,454.3821205019267,240.82252386602116,1425.6144659906402,1272304.0755097177,6573.538026862609,1077.3533173171984,122454167.64273037
7703,7704.0,30.0,494.0,7944490.580565529,14725.620110841468,490.6767201259391,992.9225040686418,2734.5834209364984,453.4057647601673,240.30505532288868,1418.46072009806,1272304.0755097177,6573.538026862609,1077.3533173171984,122454167.64273037
7704,7705.0,30.0,494.0,7844221.652744804,7548.559527882375,490.6767201259391,992.9225040686418,2722.8879409431092,451.4666035665315,239.2772998902617,1418.46072009806,1272304.0755097177,6573.538026862609,1077.3533173171984,122454167.64273037
7705,7706.0,30.0,494.0,7782701.724203054,25556.466406419873,490.6767201259391,984.1059082700375,2712.124330032282,449.68195029933185,238.3314336586459,1405.8655832429108,1272304.0755097177,6573.538026862609,1077.3533173171984,122454167.64273037
7706,7707.0,30.0,494.0,7741909.655588536,32781.5823238194,490.6767201259391,984.1059082700375,2706.3665911636067,448.72729227900817,237.82546490787433,1405.8655832429108,1272304.0755097177,6573.538026862609,1077.3533173171984,122454167.64273037
7707,7708.0,30.0,494.0,7707022.347315086,36934.99683756009,490.6767201259391,984.1059082700375,2704.726379957755,448.45533816326844,237.68132922653228,1405.8655832429108,1272304.0755097177,6573.538026862609,1077.3533173171984,122454167.64273037
7708,7709.0,30.0,494.0,7672135.039041635,41088.411351300776,490.6767201259391,984.1059082700375,2704.726379957755,448.45533816326844,237.68132922653228,1405.8655832429108,1272304.0755097177,6573.538026862609,1077.3533173171984,122454167.64273037
7709,7710.0,30.0,494.0,7634296.319455912,46777.17255942151,490.6767201259391,984.1059082700375,2705.5462164333935,448.59127059866944,237.75337341729482,1405.8655832429108,1272304.0755097177,6573.538026862609,1077.3533173171984,122454167.64273037
7710,7711.0,30.0,494.0,7596457.599870164,52465.93376754224,490.6767201259391,984.1059082700375,2705.5462164333935,448.59127059866944,237.75337341729482,1405.8655832429108,1272304.0755097177,6573.538026862609,1077.3533173171984,122454167.64273037
7711,7712.0,30.0,494.0,7564519.767098941,55085.008610078134,490.6767201259391,984.1059082700375,2703.9070812071363,448.3194948850026,237.6093322890514,1405.8655832429108,1272304.0755097177,6573.538026862609,1077.3533173171984,122454167.64273037
7712,7713.0,30.0,494.0,7535529.475923782,56170.74981415948,490.6767201259391,984.1059082700375,2703.088319652674,448.1837406761842,237.53738255837763,1405.8655832429108,1272304.0755097177,6573.538026862609,1077.3533173171984,122454167.64273037
7713,7714.0,30.0,494.0,7512428.473825378,54192.837884375826,490.6767201259391,984.1059082700375,2701.452406020242,447.9124991167146,237.39362453185876,1405.8655832429108,1272304.0755097177,6573.538026862609,1077.3533173171984,122454167.64273037
7714,7715.0,30.0,494.0,7498146.948500121,47626.96681335475,490.6767201259391,984.1059082700375,2699.002551361035,447.5063026127774,237.17834038477204,1405.8655832429108,1272304.0755097177,6573.538026862609,1077.3533173171984,122454167.64273037
7715,7716.0,30.0,494.0,7489735.4585294,38007.458541741595,490.6767201259391,984.1059082700375,2697.3719859847747,447.23594781732504,237.0350523431823,1405.8655832429108,1272304.0755097177,6573.538026862609,1077.3533173171984,122454167.64273037
7716,7717.0,30.0,494.0,7487186.328852916,25338.305694494396,490.6767201259391,984.1059082700375,2695.7435525697083,446.9659465102645,236.89195165044018,1405.8655832429108,1272304.0755097177,6573.538026862609,1077.3533173171984,122454167.64273037
7717,7718.0,30.0,494.0,7484637.199176426,12669.152847247198,490.6767201259394,984.1059082700375,2695.74355256971,446.96594651026476,236.89195165044032,1405.8655832429108,1272304.0755097177,6573.538026862609,1077.3533173171984,122454167.64273037
7718,7719.0,30.0,494.0,7482088.069499938,0.0,490.6767201259394,984.1059082700375,2695.7435525697097,446.96594651026476,236.89195165044032,1405.8655832429108,1272304.0755097177,6573.538026862609,1077.3533173171984,122454167.64273037
7719,7720.0,30.0,494.0,6624756.237238523,0.0,537.30404,1068.1050010033782,2933.183192176634,486.3344662475369,257.75726711119455,1525.8642871476834,1272304.0755097177,6573.538026862609,1077.3533173171984,122454167.64273037
7720,7721.0,30.0,494.0,5735221.911160449,0.0,537.30404,1071.3623310510905,2942.1283293479282,487.81760869950364,258.54333261073697,1530.5176157872722,1272304.0755097177,6573.538026862609,1077.3533173171984,122454167.64273037
7721,7722.0,30.0,494.0,4816524.158575671,0.0,537.30404,1074.312254929513,2950.2292811553457,489.16078156503266,259.2552142294673,1534.7317927564472,1272304.0755097177,6573.538026862609,1077.3533173171984,122454167.64273037
7722,7723.0,30.0,494.0,3861946.809066113,5081.395372279336,537.30404,1076.9534803143697,2960.195835856674,490.813279463536,260.1310381156741,1538.5049718776713,1272304.0755097177,6573.538026862609,1077.3533173171984,122454167.64273037
7723,7724.0,30.0,494.0,2884400.9587671272,22111.18018623737,537.30404,1076.9534803143697,2966.5759749648482,491.87113413692805,260.69170109257186,1538.504971877671,1272304.0755097177,6573.538026862609,1077.3533173171984,122454167.64273037
7724,7725.0,30.0,494.0,1906855.1084681395,39140.9650001998,536.59268,1076.9534803143697,2966.575974964849,491.8711341369281,260.6917010925719,1538.504971877671,1272304.0755097177,6573.538026862609,1077.3533173171984,122454167.64273037
7725,7726.0,30.0,494.0,929309.2581691518,56170.74981415948,536.41484,1076.9534803143697,2966.5759749648487,491.87113413692816,260.6917010925719,1538.504971877671,1272304.0755097177,6573.538026862609,1077.3533173171984,122454167.64273037
7726,7727.0,30.0,494.0,0.0,48107.49118612148,534.1647567464,1076.9534803143697,2953.17692159545,489.6495131055485,259.51424194594074,1538.504971877671,1272304.0755097177,6573.538026862609,1077.3533173171984,122454167.64273037
7727,7728.0,30.0,494.0,0.0,0.0,484.7647567464,990.7388480299246,2695.0354609929077,446.8485418626529,236.82972718720603,1415.341211471321,1272304.0755097177,6573.538026862609,1077.3533173171984,122454167.64273037
7728,7729.0,30.0,494.0,32478.14405333996,18177.31237621469,484.7647567464,974.5649237478372,2686.0137543114242,445.3527038545518,236.03693304291247,1392.235605354053,1272304.0755097177,6573.538026862609,1077.3533173171984,122454167.64273037
7729,7730.0,30.0,494.0,91354.68080717325,22621.979356391355,484.7647567464,974.5649237478372,2678.6808674501763,444.1368794808029,235.3925461248256,1392.2356053540532,1272304.0755097177,6573.538026862609,1077.3533173171984,122454167.64273037
7730,7731.0,30.0,494.0,164829.63494426385,19472.438176163472,484.7647567464,974.5649237478372,2674.6257515103825,443.46452370997645,235.03619756628754,1392.2356053540532,1272304.0755097177,6573.538026862609,1077.3533173171984,122454167.64273037
7731,7732.0,30.0,494.0,241218.52755799517,30631.2474318631,484.7647567464,971.4879952943362,2673.81632415576,443.33031715188395,234.96506809049853,1387.8399932776233,1272304.0755097177,6573.538026862609,1077.3533173171984,122454167.64273037
7732,7733.0,30.0,494.0,320519.44804305024,40275.19755981304,484.7647567464,971.4879952943362,2673.007427524837,443.19619859007764,234.89398525274117,1387.8399932776233,1272304.0755097177,6573.538026862609,1077.3533173171984,122454167.64273037
7733,7734.0,30.0,494.0,402730.48767259903,48405.28149427939,484.7647567464,971.4879952943362,2672.1990610958105,443.06216793804003,234.82294900716127,1387.8399932776233,1272304.0755097177,6573.538026862609,1077.3533173171984,122454167.64273037
7734,7735.0,30.0,494.0,490756.0469123516,53510.60794213787,484.7647567464,971.4879952943362,2670.583916759643,442.7943700177678,234.68101610941693,1387.8399932776233,1272304.0755097177,6573.538026862609,1077.3533173171984,122454167.64273037
7735,7736.0,30.0,494.0,584588.5133355055,55595.136945919134,484.7647567464,971.4879952943362,2668.9708869864758,442.52692270119127,234.53926903163136,1387.8399932776233,1272304.0755097177,6573.538026862609,1077.3533173171984,122454167.64273037
7736,7737.0,30.0,494.0,681321.5833604708,56170.74981415948,484.7647567464,971.4879952943362,2668.1651637637506,442.39333030419664,234.46846506122424,1387.8399932776233,1272304.0755097177,6573.538026862609,1077.3533173171984,122454167.64273037
7737,7738.0,30.0,494.0,783850.169928208,53731.49073653207,484.7647567464,971.4879952943362,2666.5552980574253,442.12640760359477,234.32699602990525,1387.8399932776233,1272304.0755097177,6573.538026862609,1077.3533173171984,122454167.64273037
7738,7739.0,30.0,494.0,889273.6731571667,49786.27391326752,484.7647567464,971.4879952943362,2665.751154540419,441.9930771286442,234.25633087818144,1387.8399932776233,1272304.0755097177,6573.538026862609,1077.3533173171984,122454167.64273037
7739,7740.0,30.0,494.0,997590.2011166997,44336.083541129745,484.7647567464,971.4879952943363,2664.9475365597036,441.85983378988504,234.18571190863906,1387.8399932776233,1272304.0755097177,6573.538026862609,1077.3533173171984,122454167.64273037
7740,7741.0,30.0,494.0,1111687.1101592593,35878.89480481694,484.7647567464,971.4879952943363,2663.341875147752,441.5936081794839,234.04461233512646,1387.8399932776233,1272304.0755097177,6573.538026862609,1077.3533173171984,122454167.64273037
7741,7742.0,30.0,494.0,1231556.8547795024,24418.63293381448,484.7647567464,971.4879952943362,2661.7383097095067,441.3277300905932,233.90369694801444,1387.8399932776233,1272304.0755097177,6573.538026862609,1077.3533173171984,122454167.64273037
7742,7743.0,30.0,494.0,1357191.9042369127,9959.215476820127,484.7647567464,971.4879952943361,2660.136836143627,441.0621988431932,233.76296538689238,1387.839993277623,1272304.0755097177,6573.538026862609,1077.3533173171984,122454167.64273037
7743,7744.0,30.0,494.0,1474176.1733327731,0.0,484.7647567464,971.4879952943361,2662.5398306885018,441.46062573739266,233.97413164081814,1387.839993277623,1272304.0755097177,6573.538026862609,1077.3533173171984,122454167.64273037
7744,7745.0,30.0,494.0,1326842.4314402384,0.0,497.4634294609192,996.2876403125044,2735.961500407501,453.63425629992656,240.42615583896108,1423.268057589292,1272304.0755097177,6573.538026862609,1077.3533173171984,122454167.64273037
7745,7746.0,30.0,494.0,1143566.3821497697,0.0,497.4634294609193,999.923258054967,2745.9454746847045,455.28964243949116,241.30351049293031,1428.4617972213816,1272304.0755097177,6573.538026862609,1077.3533173171984,122454167.64273037
7746,7747.0,30.0,494.0,905841.7112140234,0.0,497.4634294609194,1005.4308169524683,2761.0700918083926,457.7973694084941,242.63260578650187,1436.3297385035262,1272304.0755097177,6573.538026862609,1077.3533173171984,122454167.64273037
7747,7748.0,30.0,494.0,631456.20770422,6978.130661663599,497.4634294609194,1007.7822558432346,2771.253656412297,459.4858484879279,243.52749969860182,1439.6889369189066,1272304.0755097177,6573.538026862609,1077.3533173171984,122454167.64273037
7748,7749.0,30.0,494.0,329382.6923356601,28359.776449859764,497.46342946091943,1007.7822558432346,2778.9447708175085,460.7610685386509,244.20336632548498,1439.6889369189066,1272304.0755097177,6573.538026862609,1077.3533173171984,122454167.64273037
7749,7750.0,30.0,494.0,14950.020427377895,56170.74981415948,497.46342946091943,1007.7822558432346,2782.377869856319,461.3302912155939,244.50505434426478,1439.6889369189066,1272304.0755097177,6573.538026862609,1077.3533173171984,122454167.64273037
7750,7751.0,30.0,494.0,0.0,0.0,481.23718652880007,993.8189206308075,2699.188244444957,447.5370913296553,237.19465840471733,1419.741315186868,1272304.0755097177,6573.538026862609,1077.3533173171984,122454167.64273037
7751,7752.0,30.0,494.0,0.0,0.0,481.23718652880007,981.3846136326232,2695.0354609929077,446.8485418626529,236.82972718720603,1401.978019475176,1272304.0755097177,6573.538026862609,1077.3533173171984,122454167.64273037
7752,7753.0,30.0,494.0,789126.2803658,26943.52746827528,441.3340657236598,896.3242998436576,2475.833716446852,410.50394404869024,217.56709034580584,1280.4632854909396,1272304.0755097177,6573.538026862609,1077.3533173171984,122454167.64273037
7753,7754.0,30.0,494.0,1618653.195531319,32870.33631378971,441.3340657236598,896.3242998436576,2464.6113178913743,408.64322180466104,216.58090755647035,1280.4632854909396,1272304.0755097177,6573.538026862609,1077.3533173171984,122454167.64273037
7754,7755.0,30.0,494.0,2461558.340859114,31837.68770560436,441.3340657236598,896.3242998436576,2460.8951428462974,408.02706390090304,216.25434386747864,1280.4632854909396,1272304.0755097177,6573.538026862609,1077.3533173171984,122454167.64273037
7755,7756.0,30.0,494.0,3312469.3096379116,43111.1029447671,441.33406572365976,893.1216531704508,2458.6713029987973,407.65834163079774,216.05892106432282,1275.888075957787,1272304.0755097177,6573.538026862609,1077.3533173171984,122454167.64273037
7756,7757.0,30.0,494.0,4168708.7251902493,51612.61949741095,441.33406572365976,893.1216531704508,2457.1911788950356,407.41293064934155,215.92885324415104,1275.888075957787,1272304.0755097177,6573.538026862609,1077.3533173171984,122454167.64273037
7757,7758.0,30.0,494.0,5032927.692154802,55963.11249317881,441.33406572365976,893.1216531704508,2454.9746368360875,407.04541838415844,215.73407174360398,1275.888075957787,1272304.0755097177,6573.538026862609,1077.3533173171984,122454167.64273037
7758,7759.0,30.0,494.0,5905110.5093354285,56170.74981415948,441.33406572365976,893.1216531704508,2452.762456220511,406.67862926516,215.5396735105348,1275.888075957787,1272304.0755097177,6573.538026862609,1077.3533173171984,122454167.64273037
7759,7760.0,30.0,494.0,6785241.521832824,52243.67525847349,441.3340657236592,893.1216531704508,2450.5546241880756,406.31256116006426,215.34565741483408,1275.888075957787,1272304.0755097177,6573.538026862609,1077.3533173171984,122454167.64273037
7760,7761.0,30.0,494.0,7668018.461878339,46940.16899445653,441.3340657236592,893.1216531704508,2449.819644313598,406.1906983163421,215.28107010766132,1275.888075957787,1272304.0755097177,6573.538026862609,1077.3533173171984,122454167.64273037
7761,7762.0,30.0,494.0,8548149.474375734,43013.09443877172,441.3340657236592,893.1216531704508,2450.5546241880756,406.31256116006426,215.34565741483408,1275.888075957787,1272304.0755097177,6573.538026862609,1077.3533173171984,122454167.64273037
7762,7763.0,30.0,494.0,9430926.41442125,37709.588174754754,441.3340657236592,893.1216531704508,2449.819644313598,406.1906983163421,215.28107010766132,1275.888075957787,1272304.0755097177,6573.538026862609,1077.3533173171984,122454167.64273037
7763,7764.0,30.0,494.0,10321630.748287557,28282.191131061874,441.3340657236592,893.1216531704508,2447.617590474489,405.8255882607043,215.0875617781733,1275.888075957787,1272304.0755097177,6573.538026862609,1077.3533173171984,122454167.64273037
7764,7765.0,30.0,494.0,11212335.082153864,18854.794087374583,441.3340657236592,893.1216531704508,2447.617590474489,405.8255882607043,215.0875617781733,1275.888075957787,1272304.0755097177,6573.538026862609,1077.3533173171984,122454167.64273037
7765,7766.0,30.0,494.0,12103039.416020172,9427.397043687291,441.3340657236592,893.1216531704508,2447.617590474489,405.8255882607043,215.0875617781733,1275.888075957787,1272304.0755097177,6573.538026862609,1077.3533173171984,122454167.64273037
7766,7767.0,30.0,494.0,12993743.74988648,0.0,441.3340657236592,893.1216531704508,2447.617590474489,405.8255882607043,215.0875617781733,1275.888075957787,1272304.0755097177,6573.538026862609,1077.3533173171984,122454167.64273037
7767,7768.0,30.0,494.0,12975475.28312658,0.0,490.73406572365917,983.2324961612695,2700.1100350928796,447.6899282080151,237.275661950248,1404.6178516589566,1272304.0755097177,6573.538026862609,1077.3533173171984,122454167.64273037
7768,7769.0,30.0,494.0,12112093.34958676,0.0,535.5256400000001,1068.7169777278534,2934.8637758650793,486.6131142955976,257.90495057666675,1526.7385396112193,1272304.0755097177,6573.538026862609,1077.3533173171984,122454167.64273037
7769,7770.0,30.0,494.0,11222848.699208727,0.0,535.5256400000001,1071.3330299240658,2942.0478638756945,487.804267176003,258.5362616032816,1530.4757570343797,1272304.0755097177,6573.538026862609,1077.3533173171984,122454167.64273037
7770,7771.0,30.0,494.0,10304345.211072547,0.0,535.5256400000001,1074.2926047921908,2950.175318808513,489.15183437441243,259.2504722184386,1534.703721131701,1272304.0755097177,6573.538026862609,1077.3533173171984,122454167.64273037
7771,7772.0,30.0,494.0,9353127.322301855,1307.274147444202,535.5256400000001,1077.3475227790154,2959.2626523180998,490.65855359460505,260.0490334051407,1539.0678896843078,1272304.0755097177,6573.538026862609,1077.3533173171984,122454167.64273037
7772,7773.0,30.0,494.0,8375581.472002868,16310.554857511048,535.5256400000001,1077.3475227790154,2966.5759749648487,491.87113413692816,260.691701092572,1539.0678896843078,1272304.0755097177,6573.538026862609,1077.3533173171984,122454167.64273037
7773,7774.0,30.0,494.0,7398035.621703882,31313.83556757438,534.99212,1077.3475227790154,2966.5759749648482,491.8711341369281,260.6917010925719,1539.0678896843078,1272304.0755097177,6573.538026862609,1077.3533173171984,122454167.64273037
7774,7775.0,30.0,494.0,6420489.771404896,46317.11627763538,534.99212,1077.3475227790157,2966.5759749648482,491.8711341369281,260.6917010925719,1539.0678896843083,1272304.0755097177,6573.538026862609,1077.3533173171984,122454167.64273037
7775,7776.0,30.0,494.0,5452843.13603759,56170.74981415948,534.99212,1077.3475227790157,2963.8261930393815,491.41520839434713,260.450060449004,1539.0678896843083,1272304.0755097177,6573.538026862609,1077.3533173171984,122454167.64273037
7776,7777.0,30.0,494.0,4573426.390753264,20126.52102294285,532.3499584146261,1077.3475227790157,2939.317890238554,487.3516257333444,258.2963616386725,1539.0678896843083,1272304.0755097177,6573.538026862609,1077.3533173171984,122454167.64273037
7777,7778.0,30.0,494.0,3739358.2120691426,22893.465483163174,532.3499584146261,1065.2138309354239,2926.7210661829477,485.263017793739,257.18939943068165,1521.7340441934628,1272304.0755097177,6573.538026862609,1077.3533173171984,122454167.64273037
7778,7779.0,30.0,494.0,2924597.4085716493,15616.56598762516,532.3499584146259,1065.2138309354239,2921.357906408878,484.3737826947928,256.7181048282402,1521.7340441934628,1272304.0755097177,6573.538026862609,1077.3533173171984,122454167.64273037
7779,7780.0,30.0,494.0,2125868.023981454,0.0,532.3499584146259,1065.2138309354239,2916.904734490184,483.63542752012694,256.3267765856673,1521.7340441934628,1272304.0755097177,6573.538026862609,1077.3533173171984,122454167.64273037
7780,7781.0,30.0,494.0,1339925.958097836,0.0,532.3499584146259,1060.8838201704443,2913.352701516135,483.04648508204957,256.0146370934863,1515.5483145292062,1272304.0755097177,6573.538026862609,1077.3533173171984,122454167.64273037
7781,7782.0,30.0,494.0,560364.9914931081,0.0,532.3499584146259,1060.2383625069199,2911.580173938665,482.752592339313,255.85887393983592,1514.626232152743,1272304.0755097177,6573.538026862609,1077.3533173171984,122454167.64273037
7782,7783.0,30.0,494.0,0.0,0.0,520.8787771934077,1038.0663642718262,2850.6924030743266,472.6571364457668,250.5082823162564,1482.9519489597517,1272304.0755097177,6573.538026862609,1077.3533173171984,122454167.64273037
7783,7784.0,30.0,494.0,348070.844047955,0.0,471.4787771934077,946.1767311156698,2598.3491154240314,430.8175273692244,228.33328950568895,1351.681044450957,1272304.0755097177,6573.538026862609,1077.3533173171984,122454167.64273037
7784,7785.0,30.0,494.0,1603390.5214745197,56170.74981415948,422.0787771934077,843.4850747484725,2346.335550596645,389.0325877635548,206.18727151468403,1204.9786782121037,1272304.0755097177,6573.538026862609,1077.3533173171984,122454167.64273037
7785,7786.0,30.0,494.0,3760333.3997315494,42128.062360619195,372.67877719340765,765.9371625073364,2095.884661477066,347.5067465525239,184.17857567283767,1094.195946439052,1272304.0755097177,6573.538026862609,1077.3533173171984,122454167.64273037
7786,7787.0,30.0,494.0,5917276.277988579,28085.37490707962,372.67877719340765,765.9371625073364,2095.884661477066,347.5067465525239,184.17857567283767,1094.195946439052,1272304.0755097177,6573.538026862609,1077.3533173171984,122454167.64273037
7787,7788.0,30.0,494.0,8074219.156245609,14042.687453539576,372.67877719340765,765.9371625073364,2095.884661477066,347.5067465525239,184.17857567283767,1094.195946439052,1272304.0755097177,6573.538026862609,1077.3533173171984,122454167.64273037
7788,7789.0,30.0,494.0,10231162.034502639,0.0,372.67877719340765,765.9371625073364,2095.884661477066,347.5067465525239,184.17857567283767,1094.195946439052,1272304.0755097177,6573.538026862609,1077.3533173171984,122454167.64273037
7789,7790.0,30.0,494.0,12064871.613272928,0.0,390.1337033671999,795.9021679651489,2185.671689112272,362.3938242766114,192.06872686660404,1137.00309709307,1272304.0755097177,6573.538026862609,1077.3533173171984,122454167.64273037
7790,7791.0,30.0,494.0,12993743.74988648,0.0,439.53370336719996,887.4278182893858,2437.0154230446983,404.067703021287,214.15588260128212,1267.754026127694,1272304.0755097177,6573.538026862609,1077.3533173171984,122454167.64273037
7791,7792.0,30.0,494.0,12993743.74988648,0.0,488.9337033672,981.3846136326235,2695.035460992908,446.84854186265295,236.8297271872061,1401.9780194751766,1272304.0755097177,6573.538026862609,1077.3533173171984,122454167.64273037
7792,7793.0,30.0,494.0,12534498.3051079,0.0,510.12019842257894,1027.837972029923,2822.603640098069,467.9998979936826,248.0399459366518,1468.3399600427474,1272304.0755097177,6573.538026862609,1077.3533173171984,122454167.64273037
7793,7794.0,30.0,494.0,12018899.584179018,0.0,510.1201984225789,1033.5381895576857,2838.257327917597,470.5953471735433,249.41553400197796,1476.483127939551,1272304.0755097177,6573.538026862609,1077.3533173171984,122454167.64273037
7794,7795.0,30.0,494.0,11433502.067257162,0.0,510.1201984225789,1040.5984413747176,2857.64588236009,473.8100534016612,251.11932830288046,1486.5692019638825,1272304.0755097177,6573.538026862609,1077.3533173171984,122454167.64273037
7795,7796.0,30.0,494.0,10796692.360485042,0.0,510.1201984225789,1045.7988606891772,2871.927046207384,476.177932167499,252.3743040487745,1493.9983724131105,1272304.0755097177,6573.538026862609,1077.3533173171984,122454167.64273037
7796,7797.0,30.0,494.0,10120958.550335102,12760.992065659724,510.1201984225789,1047.254787508118,2882.7392971456684,477.9706501617348,253.32444458571945,1496.07826786874,1272304.0755097177,6573.538026862609,1077.3533173171984,122454167.64273037
7797,7798.0,30.0,494.0,9428913.005678808,34007.47293783771,510.1201984225789,1047.254787508118,2887.2703345085447,478.72191576399905,253.7226153549195,1496.07826786874,1272304.0755097177,6573.538026862609,1077.3533173171984,122454167.64273037
7798,7799.0,30.0,494.0,8740134.225039775,53554.558231259005,510.1201984225789,1047.254787508118,2886.362900059306,478.57145920550585,253.64287337891813,1496.07826786874,1272304.0755097177,6573.538026862609,1077.3533173171984,122454167.64273037
7799,7800.0,30.0,494.0,8083901.859752696,56170.74981415948,510.1201984225789,1047.254787508118,2877.3222291282077,477.07247684275313,252.84841272665918,1496.07826786874,1272304.0755097177,6573.538026862609,1077.3533173171984,122454167.64273037
7800,7801.0,30.0,494.0,7517642.165631739,11982.471046268009,510.1201984225789,1047.254787508118,2852.329820470951,472.9286273358468,250.6521724879988,1496.07826786874,1272304.0755097177,6573.538026862609,1077.3533173171984,122454167.64273037
7801,7802.0,30.0,494.0,7020902.651881872,19908.580481156085,510.1201984225789,1030.0893648131373,2833.0186592567597,469.7267532398908,248.95517921714213,1471.556235447339,1272304.0755097177,6573.538026862609,1077.3533173171984,122454167.64273037
7802,7803.0,30.0,494.0,6549192.266506765,14814.34627459012,510.1201984225789,1030.0893648131373,2826.066123597104,468.5739927412884,248.34421615288286,1471.556235447339,1272304.0755097177,6573.538026862609,1077.3533173171984,122454167.64273037
7803,7804.0,30.0,494.0,6096166.943482315,0.0,510.1201984225789,1030.0893648131373,2820.8758284996993,467.71341935378365,247.88811225750536,1471.556235447339,1272304.0755097177,6573.538026862609,1077.3533173171984,122454167.64273037
7804,7805.0,30.0,494.0,5661752.786888434,6962.782860710286,510.1201984225789,1023.9723759278254,2815.7060600467635,466.8562493727583,247.43381216756194,1462.8176798968934,1272304.0755097177,6573.538026862609,1077.3533173171984,122454167.64273037
7805,7806.0,30.0,494.0,5242791.803120749,5886.707254787907,510.1201984225789,1023.9723759278254,2811.4135120394867,466.14452633768536,247.05659895897327,1462.8176798968934,1272304.0755097177,6573.538026862609,1077.3533173171984,122454167.64273037
7806,7807.0,30.0,494.0,4833078.341570506,0.0,510.1201984225789,1023.9723759278254,2808.8447558679745,465.7186154484765,246.83086618769255,1462.8176798968934,1272304.0755097177,6573.538026862609,1077.3533173171984,122454167.64273037
7807,7808.0,30.0,494.0,4432594.182181161,56170.74981415948,510.1201984225789,1010.9720905517926,2806.281060823281,465.2935437159956,246.6055781694777,1444.245843645418,1272304.0755097177,6573.538026862609,1077.3533173171984,122454167.64273037
7808,7809.0,30.0,494.0,4941245.248669902,49931.82108819112,460.72019842257885,931.1469282966328,2553.7434980793687,423.4217229882302,224.41351318376203,1330.2098975666183,1272304.0755097177,6573.538026862609,1077.3533173171984,122454167.64273037
7809,7810.0,30.0,494.0,5452669.3579681665,42250.33432457037,460.72019842257885,931.1469282966328,2552.9732084100565,423.29400562772577,224.34582298269467,1330.2098975666183,1272304.0755097177,6573.538026862609,1077.3533173171984,122454167.64273037
7810,7811.0,30.0,494.0,5964093.467266431,34568.84756094962,460.72019842257885,931.1469282966328,2552.9732084100565,423.29400562772577,224.34582298269467,1330.2098975666183,1272304.0755097177,6573.538026862609,1077.3533173171984,122454167.64273037
7811,7812.0,30.0,494.0,6478288.799958134,25445.74923380837,460.72019842257885,931.1469282966328,2552.203424134101,423.16637206362685,224.27817719372223,1330.2098975666183,1272304.0755097177,6573.538026862609,1077.3533173171984,122454167.64273037
7812,7813.0,30.0,494.0,6998021.128346162,13442.263478552923,460.7201984225792,931.1469282966328,2550.6653697740117,422.91135599498546,224.1430186773423,1330.2098975666183,1272304.0755097177,6573.538026862609,1077.3533173171984,122454167.64273037
7813,7814.0,30.0,494.0,7520519.2326100655,0.0,460.7201984225792,931.1469282966328,2549.897098697379,422.78397332588247,224.07550586271773,1330.2098975666183,1272304.0755097177,6573.538026862609,1077.3533173171984,122454167.64273037
7814,7815.0,30.0,494.0,7651982.886143796,0.0,482.3910000000001,968.0868699462046,2658.5177794557603,440.7937522380788,233.62068868618178,1382.9812427802924,1272304.0755097177,6573.538026862609,1077.3533173171984,122454167.64273037
7815,7816.0,30.0,494.0,6863498.828615656,0.0,531.791,1061.140946398366,2914.05881030628,483.1635609750535,256.07668731677836,1515.9156377119514,1272304.0755097177,6573.538026862609,1077.3533173171984,122454167.64273037
7816,7817.0,30.0,494.0,6004154.762013232,0.0,531.791,1068.308541493731,2933.7421461602476,486.4271432368238,257.8063859155166,1526.1550592767585,1272304.0755097177,6573.538026862609,1077.3533173171984,122454167.64273037
7817,7818.0,30.0,494.0,5089345.607438551,0.0,531.791,1073.9189174689463,2949.14911504143,488.9816853490612,259.1602932350024,1534.1698820984948,1272304.0755097177,6573.538026862609,1077.3533173171984,122454167.64273037
7818,7819.0,30.0,494.0,4112456.078627731,11250.309130209738,531.791,1077.3533173171984,2966.3936634403576,491.8409060972371,260.51699602446496,1539.0761675959977,1272304.0755097177,6573.538026862609,1077.3533173171984,122454167.64273037
7819,7820.0,30.0,494.0,3134910.2283287435,26223.789358194226,528.94556,1077.3533173171984,2966.5759749648487,491.87113413692816,260.6917010925719,1539.0761675959977,1272304.0755097177,6573.538026862609,1077.3533173171984,122454167.64273037
7820,7821.0,30.0,494.0,2157364.378029756,41197.26958617685,526.81148,1077.3533173171984,2966.575974964849,491.87113413692816,260.6917010925719,1539.0761675959977,1272304.0755097177,6573.538026862609,1077.3533173171984,122454167.64273037
7821,7822.0,30.0,494.0,1179818.527730768,56170.74981415948,525.5666,1077.3533173171984,2966.5759749648487,491.8711341369281,260.6917010925719,1539.0761675959977,1272304.0755097177,6573.538026862609,1077.3533173171984,122454167.64273037
7822,7823.0,30.0,494.0,204912.20609383285,56170.74981415948,525.5666,1077.3533173171984,2965.842772558723,491.7495660051505,259.98908957826575,1539.0761675959977,1272304.0755097177,6573.538026862609,1077.3533173171984,122454167.64273037
7823,7824.0,30.0,494.0,65934.12729798071,0.0,482.8406275368,1006.3645428296078,2733.6404828806444,453.2494215500598,240.22219342153173,1437.6636326137254,1272304.0755097177,6573.538026862609,1077.3533173171984,122454167.64273037
7824,7825.0,30.0,494.0,0.0,27495.480215624906,482.8406275368,982.7076050995688,2713.350496353458,449.88525398146464,238.43918461017626,1403.8680072850984,1272304.0755097177,6573.538026862609,1077.3533173171984,122454167.64273037
7825,7826.0,30.0,494.0,0.0,20691.52409990524,482.8406275368,982.7076050995687,2695.0354609929077,446.8485418626529,236.82972718720603,1403.8680072850982,1272304.0755097177,6573.538026862609,1077.3533173171984,122454167.64273037
7826,7827.0,30.0,494.0,26696.201840838417,0.0,482.8406275368,982.7076050995687,2687.6198493704524,445.6190013655148,236.17807072372287,1403.8680072850982,1272304.0755097177,6573.538026862609,1077.3533173171984,122454167.64273037
7827,7828.0,30.0,494.0,65206.38011012226,8158.845887740143,482.8406275368,975.9028096840838,2684.33818925144,445.0748879168074,235.88969059590795,1394.1468709772626,1272304.0755097177,6573.538026862609,1077.3533173171984,122454167.64273037
7828,7829.0,30.0,494.0,118440.15468335338,8658.364584973113,482.8406275368,975.9028096840835,2680.248301389232,444.3967668107735,235.53028640970993,1394.1468709772623,1272304.0755097177,6573.538026862609,1077.3533173171984,122454167.64273037
7829,7830.0,30.0,494.0,189278.21395316347,0.0,482.8406275368,975.9028096840835,2675.3582223068497,443.58597053770677,235.10056438498458,1394.1468709772623,1272304.0755097177,6573.538026862609,1077.3533173171984,122454167.64273037
7830,7831.0,30.0,494.0,274733.4322248064,0.0,482.8406275368,972.7406914632785,2671.2979003618957,442.91275158869627,234.74375834200904,1389.6295592332551,1272304.0755097177,6573.538026862609,1077.3533173171984,122454167.64273037
7831,7832.0,30.0,494.0,382024.15450967633,0.0,482.1277371549132,970.5319978219054,2665.232482580444,441.9070790731922,234.21075190879188,1386.474282602722,1272304.0755097177,6573.538026862609,1077.3533173171984,122454167.64273037
7832,7833.0,30.0,494.0,1401488.5619180296,56170.74981415948,432.72773715491314,867.3421853907553,2411.8509033794758,399.8953167644709,211.9445178851696,1239.0602648439362,1272304.0755097177,6573.538026862609,1077.3533173171984,122454167.64273037
7833,7834.0,30.0,494.0,3327313.3311864967,45656.7410077001,383.3277371549133,788.6289703209505,2160.084136196111,358.15129727616613,189.82018755636807,1126.612814744215,1272304.0755097177,6573.538026862609,1077.3533173171984,122454167.64273037
7834,7835.0,30.0,494.0,5253138.100454964,35142.732201239094,383.3277371549133,788.6289703209505,2160.084136196111,358.15129727616613,189.82018755636807,1126.612814744215,1272304.0755097177,6573.538026862609,1077.3533173171984,122454167.64273037
7835,7836.0,30.0,494.0,7178962.869723431,24628.72339477949,383.3277371549133,788.6289703209505,2160.084136196111,358.15129727616613,189.82018755636807,1126.612814744215,1272304.0755097177,6573.538026862609,1077.3533173171984,122454167.64273037
7836,7837.0,30.0,494.0,9104787.638991898,14114.714588319883,383.3277371549133,788.6289703209505,2160.084136196111,358.15129727616613,189.82018755636807,1126.612814744215,1272304.0755097177,6573.538026862609,1077.3533173171984,122454167.64273037
7837,7838.0,30.0,494.0,11037534.078665975,0.0,383.3277371549133,788.6289703209505,2158.161449972331,357.8325075800784,189.65122901744158,1126.612814744215,1272304.0755097177,6573.538026862609,1077.3533173171984,122454167.64273037
7838,7839.0,30.0,494.0,12136258.666445678,0.0,429.251839700453,870.2469907419614,2389.8341866096566,396.24484984943746,210.00977042020187,1243.2099867742306,1272304.0755097177,6573.538026862609,1077.3533173171984,122454167.64273037
7839,7840.0,30.0,494.0,12321779.226839283,0.0,478.651839700453,962.6189335806694,2643.5019719946836,438.3040663819972,232.30115518245853,1375.169905115242,1272304.0755097177,6573.538026862609,1077.3533173171984,122454167.64273037
7840,7841.0,30.0,494.0,11547550.651743729,0.0,528.051839700453,1059.6989831908984,2910.0989540750033,482.50699967612354,255.7287098283455,1513.855690272712,1272304.0755097177,6573.538026862609,1077.3533173171984,122454167.64273037
7841,7842.0,30.0,494.0,10728160.984683188,0.0,528.051839700453,1064.2670946757598,2922.643701843058,484.58697314189936,256.83109576520667,1520.3815638225142,1272304.0755097177,6573.538026862609,1077.3533173171984,122454167.64273037
7842,7843.0,30.0,494.0,9859917.048359768,0.0,528.051839700453,1069.2087765260849,2936.2143321938574,486.83704237927316,258.0236324610148,1527.4411093229785,1272304.0755097177,6573.538026862609,1077.3533173171984,122454167.64273037
7843,7844.0,30.0,494.0,8945633.290943928,11891.51780969929,528.051839700453,1071.5535331923747,2949.0031713861968,488.95748725947055,259.1474682475194,1530.7907617033925,1272304.0755097177,6573.538026862609,1077.3533173171984,122454167.64273037
7844,7845.0,30.0,494.0,8021427.6763786245,28944.461447464302,528.051839700453,1071.5535331923747,2951.759242816603,489.4144558291875,259.38966158946937,1530.7907617033925,1272304.0755097177,6573.538026862609,1077.3533173171984,122454167.64273037
7845,7846.0,30.0,494.0,7097222.061813321,45997.40508522838,528.051839700453,1071.5535331923747,2951.759242816603,489.4144558291875,259.38966158946937,1530.7907617033925,1272304.0755097177,6573.538026862609,1077.3533173171984,122454167.64273037
7846,7847.0,30.0,494.0,6186241.164582498,56170.74981415948,528.051839700453,1071.5535331923747,2948.085710223692,488.8053682285284,259.06684516112006,1530.7907617033925,1272304.0755097177,6573.538026862609,1077.3533173171984,122454167.64273037
7847,7848.0,30.0,494.0,5301603.808193117,52639.98350284435,528.051839700453,1071.5535331923747,2940.768059989958,487.5920701535561,258.42379718138477,1530.7907617033925,1272304.0755097177,6573.538026862609,1077.3533173171984,122454167.64273037
7848,7849.0,30.0,494.0,4482214.1411325745,15166.871131682768,528.051839700453,1071.5535331923747,2922.6437018430584,484.58697314189936,256.83109576520667,1530.7907617033925,1272304.0755097177,6573.538026862609,1077.3533173171984,122454167.64273037
7849,7850.0,30.0,494.0,3707985.566037031,17886.709673185524,528.051839700453,1059.1701256967172,2910.0989540750033,482.50699967612354,255.7287098283455,1513.100179566739,1272304.0755097177,6573.538026862609,1077.3533173171984,122454167.64273037
7850,7851.0,30.0,494.0,2949785.0227689836,12268.643707368523,528.051839700453,1059.1701256967172,2905.6467230118096,481.7688004993711,255.3374642646667,1513.100179566739,1272304.0755097177,6573.538026862609,1077.3533173171984,122454167.64273037
7851,7852.0,30.0,494.0,2204368.9473032784,0.0,528.051839700453,1059.1701256967172,2902.0954819556036,481.1799893646991,255.02539436329053,1513.100179566739,1272304.0755097177,6573.538026862609,1077.3533173171984,122454167.64273037
7852,7853.0,30.0,494.0,1465332.4989335071,2209.217397687336,528.051839700453,1055.7096772873674,2900.3233633178434,480.88616442593593,254.86966714574606,1508.1566818390963,1272304.0755097177,6573.538026862609,1077.3533173171984,122454167.64273037
7853,7854.0,30.0,494.0,729482.7196597828,2760.705206037499,528.051839700453,1055.7096772873674,2899.43817745783,480.73939677981423,254.79188029330155,1508.1566818390963,1272304.0755097177,6573.538026862609,1077.3533173171984,122454167.64273037
7854,7855.0,30.0,494.0,0.0,0.0,528.051839700453,1055.7096772873674,2897.669549787292,480.44615065852327,254.63645984901734,1508.1566818390963,1272304.0755097177,6573.538026862609,1077.3533173171984,122454167.64273037
7855,7856.0,30.0,494.0,191273.06090375592,0.0,478.651839700453,962.037059615632,2641.9040551863086,438.0391248603828,232.1607361760029,1374.33865659376,1272304.0755097177,6573.538026862609,1077.3533173171984,122454167.64273037
7856,7857.0,30.0,494.0,1305423.4466259126,56170.74981415948,429.25183970045305,857.7645581419301,2385.549242736752,395.53438761274936,209.63322543475718,1225.3779402027574,1272304.0755097177,6573.538026862609,1077.3533173171984,122454167.64273037
7857,7858.0,30.0,494.0,3338234.737022995,53607.21114606131,379.851839700453,776.2612001595877,2130.365658104829,353.22384500562197,187.20863785297965,1108.944571656554,1272304.0755097177,6573.538026862609,1077.3533173171984,122454167.64273037
7858,7859.0,30.0,494.0,5380075.290098361,46346.58110746108,379.851839700453,776.2612001595877,2127.857529583083,352.8079864431029,186.98823281484454,1108.944571656554,1272304.0755097177,6573.538026862609,1077.3533173171984,122454167.64273037
7859,7860.0,30.0,494.0,7430921.5942731,34401.09060118906,379.851839700453,776.2612001595877,2125.35593205548,352.39321074767486,186.7684016962677,1108.944571656554,1272304.0755097177,6573.538026862609,1077.3533173171984,122454167.64273037
7860,7861.0,30.0,494.0,9488506.83748858,18949.952563946135,379.851839700453,776.2612001595877,2123.484004544163,352.0828370657655,186.6039036448557,1108.944571656554,1272304.0755097177,6573.538026862609,1077.3533173171984,122454167.64273037
7861,7862.0,30.0,494.0,11552817.88459679,0.0,379.851839700453,776.2612001595877,2121.6157256850715,351.7730683461843,186.4397262234777,1108.944571656554,1272304.0755097177,6573.538026862609,1077.3533173171984,122454167.64273037
7862,7863.0,30.0,494.0,12725543.781513397,0.0,429.25183970045214,862.761648482631,2369.278267404961,392.8365894921207,208.20339243082398,1232.516640689473,1272304.0755097177,6573.538026862609,1077.3533173171984,122454167.64273037
7863,7864.0,30.0,494.0,12993743.74988648,0.0,478.6518397004521,954.2557887425119,2620.535469778162,434.49612092982227,230.28294409280582,1363.2225553464457,1272304.0755097177,6573.538026862609,1077.3533173171984,122454167.64273037
7864,7865.0,30.0,494.0,12314898.00586747,0.0,528.0518397004521,1050.0508682507843,2883.60372322041,478.11397574562307,253.40040714518022,1500.072668929692,1272304.0755097177,6573.538026862609,1077.3533173171984,122454167.64273037
7865,7866.0,30.0,494.0,11448327.105511148,0.0,535.3478,1069.0395464547257,2935.7495999807747,486.7599877672734,257.9827935166549,1527.1993520781798,1272304.0755097177,6573.538026862609,1077.3533173171984,122454167.64273037
7866,7867.0,30.0,494.0,10529843.114384983,0.0,535.3478,1074.2906326406885,2950.1699029723977,489.1509364053482,259.24999629483455,1534.7009037724122,1272304.0755097177,6573.538026862609,1077.3533173171984,122454167.64273037
7867,7868.0,30.0,494.0,9578633.948456746,1305.7002374670058,535.3478,1077.346946488605,2959.2602293063073,490.65815184876453,260.0488204798452,1539.067066412293,1272304.0755097177,6573.538026862609,1077.3533173171984,122454167.64273037
7868,7869.0,30.0,494.0,8601088.098157758,16311.944726785183,535.3478,1077.346946488605,2966.5759749648487,491.8711341369281,260.6917010925719,1539.067066412293,1272304.0755097177,6573.538026862609,1077.3533173171984,122454167.64273037
7869,7870.0,30.0,494.0,7623542.247858772,31318.18921610102,534.28076,1077.3469464886052,2966.5759749648482,491.8711341369281,260.6917010925719,1539.0670664122933,1272304.0755097177,6573.538026862609,1077.3533173171984,122454167.64273037
7870,7871.0,30.0,494.0,6645996.397559784,46324.43370541452,533.92508,1077.3469464886055,2966.575974964849,491.87113413692816,260.691701092572,1539.0670664122936,1272304.0755097177,6573.538026862609,1077.3533173171984,122454167.64273037
7871,7872.0,30.0,494.0,5678369.525852939,56170.74981415948,533.92508,1077.3469464886055,2963.820703133698,491.41429814422787,260.4495780164408,1539.0670664122936,1272304.0755097177,6573.538026862609,1077.3533173171984,122454167.64273037
7872,7873.0,30.0,494.0,4781468.540866462,29224.919761934318,533.1196332250196,1077.3469464886055,2944.1746234891516,488.1568931232013,258.7231533552967,1539.0670664122936,1272304.0755097177,6573.538026862609,1077.3533173171984,122454167.64273037
7873,7874.0,30.0,494.0,3942918.8385714367,28397.293570335954,533.1196332250196,1066.3660879939976,2927.965933852634,485.46942224038264,257.2987937874028,1523.380125705711,1272304.0755097177,6573.538026862609,1077.3533173171984,122454167.64273037
7874,7875.0,30.0,494.0,3120455.406912489,19201.46659862995,533.1196332250197,1066.3660879939976,2923.497525342615,484.7285407729407,256.90612660965854,1523.380125705711,1272304.0755097177,6573.538026862609,1077.3533173171984,122454167.64273037
7875,7876.0,30.0,494.0,2317225.909901513,0.0,533.1196332250197,1066.3660879939976,2918.1547657181786,483.8426881070828,256.4366246967539,1523.380125705711,1272304.0755097177,6573.538026862609,1077.3533173171984,122454167.64273037
7876,7877.0,30.0,494.0,1533154.853182895,6066.879953675903,533.1196332250197,1059.5148937141623,2912.8329767480786,482.9603124664618,255.96896560722476,1513.5927053059463,1272304.0755097177,6573.538026862609,1077.3533173171984,122454167.64273037
7877,7878.0,30.0,494.0,761814.3678932652,5511.219470641576,533.1196332250197,1059.5148937141623,2909.2967069066935,482.3739836239932,255.6582113207164,1513.5927053059463,1272304.0755097177,6573.538026862609,1077.3533173171984,122454167.64273037
7878,7879.0,30.0,494.0,0.0,0.0,533.1196332250197,1059.5148937141623,2906.6505631854816,481.9352415441591,255.42567801840434,1513.5927053059463,1272304.0755097177,6573.538026862609,1077.3533173171984,122454167.64273037
7879,7880.0,30.0,494.0,147552.62205899617,0.0,483.7196332250197,966.4594468990203,2654.0486215320752,440.052746514608,233.22795565274222,1380.6563527128862,1272304.0755097177,6573.538026862609,1077.3533173171984,122454167.64273037
7880,7881.0,30.0,494.0,1197543.2237755423,0.0,434.31963322501974,875.176505768098,2403.3714049605333,398.4893792326378,211.19937099329806,1250.2521510972829,1272304.0755097177,6573.538026862609,1077.3533173171984,122454167.64273037
7881,7882.0,30.0,494.0,3147100.0540199,56170.74981415948,384.91963322501965,773.2619562848465,2153.4918970361423,357.05827549635,189.2408860130655,1104.6599375497808,1272304.0755097177,6573.538026862609,1077.3533173171984,122454167.64273037
7882,7883.0,30.0,494.0,5373127.568006926,38588.432818423025,369.6166439537748,759.6374103608042,2076.6944848854005,344.32493223052853,182.49221408218014,1085.1963005154346,1272304.0755097177,6573.538026862609,1077.3533173171984,122454167.64273037
7883,7884.0,30.0,494.0,7601349.4254564475,19864.601602883544,369.6166439537748,759.6374103608042,2076.0849450347073,344.2238678855759,182.43864997935523,1085.1963005154346,1272304.0755097177,6573.538026862609,1077.3533173171984,122454167.64273037
7884,7885.0,30.0,494.0,9831764.19649237,0.0,369.6166439537748,759.6374103608042,2075.475802371818,344.1228693960799,182.38512077992237,1085.1963005154346,1272304.0755097177,6573.538026862609,1077.3533173171984,122454167.64273037
7885,7886.0,30.0,494.0,11786456.0494356,0.0,385.01372000000003,783.6646313585838,2152.0655018420102,356.8217730006155,189.11553969032622,1119.5209019408342,1272304.0755097177,6573.538026862609,1077.3533173171984,122454167.64273037
7886,7887.0,30.0,494.0,12845032.682068655,0.0,434.41372,874.3080159966488,2400.9863963726148,398.09393448793355,210.98978527860478,1249.0114514237841,1272304.0755097177,6573.538026862609,1077.3533173171984,122454167.64273037
7887,7888.0,30.0,494.0,12993743.74988648,0.0,483.81372,966.3422683910342,2653.726831043512,439.99939225909594,233.19967789732087,1380.4889548443346,1272304.0755097177,6573.538026862609,1077.3533173171984,122454167.64273037
7888,7889.0,30.0,494.0,12163124.773099761,0.0,533.21372,1065.4029560222257,2925.762954544774,485.10415873802106,257.1052041311512,1522.0042228888938,1272304.0755097177,6573.538026862609,1077.3533173171984,122454167.64273037
7889,7890.0,30.0,494.0,11280765.572958998,0.0,533.21372,1070.636556412493,2940.135238809786,487.4871456634288,258.3681872016173,1529.4807948749901,1272304.0755097177,6573.538026862609,1077.3533173171984,122454167.64273037
7890,7891.0,30.0,494.0,10342829.73627573,0.0,533.21372,1076.258215691161,2955.5731934049268,490.0468253411273,259.7248174307975,1537.5117367016587,1272304.0755097177,6573.538026862609,1077.3533173171984,122454167.64273037
7891,7892.0,30.0,494.0,9365283.885976743,14973.480227983082,533.21372,1077.3533173171984,2966.575974964849,491.87113413692816,260.6917010925719,1539.0761675959977,1272304.0755097177,6573.538026862609,1077.3533173171984,122454167.64273037
7892,7893.0,30.0,494.0,8387738.035677755,29946.96045596525,531.96884,1077.3533173171984,2966.5759749648487,491.8711341369281,260.6917010925719,1539.0761675959977,1272304.0755097177,6573.538026862609,1077.3533173171984,122454167.64273037
7893,7894.0,30.0,494.0,7410192.185378768,44920.44068394974,531.791,1077.3533173171984,2966.5759749648487,491.8711341369281,260.6917010925719,1539.0761675959977,1272304.0755097177,6573.538026862609,1077.3533173171984,122454167.64273037
7894,7895.0,30.0,494.0,6439335.007641225,56170.74981415948,531.791,1077.3533173171984,2964.718010364447,491.5630755660713,260.5169960244648,1539.0761675959977,1272304.0755097177,6573.538026862609,1077.3533173171984,122454167.64273037
7895,7896.0,30.0,494.0,5498207.217652113,52199.27707014792,531.791,1077.3533173171984,2956.4598471009945,490.1938363608187,259.80273327123393,1539.0761675959977,1272304.0755097177,6573.538026862609,1077.3533173171984,122454167.64273037
7896,7897.0,30.0,494.0,4622614.683372219,37898.15801024595,531.791,1072.7328712674414,2938.255609403989,487.1754949740857,258.20301233626543,1532.4755303820593,1272304.0755097177,6573.538026862609,1077.3533173171984,122454167.64273037
7897,7898.0,30.0,494.0,3792382.9577941736,0.0,531.791,1072.7328712674414,2925.6553847645873,485.0863232029713,257.0957512975748,1532.4755303820593,1272304.0755097177,6573.538026862609,1077.3533173171984,122454167.64273037
7898,7899.0,30.0,494.0,2984675.0800241707,6251.194882941432,531.791,1061.8699542336165,2919.3987603734645,484.04894780416095,256.5459423362053,1516.957077476595,1272304.0755097177,6573.538026862609,1077.3533173171984,122454167.64273037
7899,7900.0,30.0,494.0,2186588.5813734876,7497.274902805657,531.791,1061.8699542336165,2916.7261550625417,483.6058182782437,256.31108368746914,1516.957077476595,1272304.0755097177,6573.538026862609,1077.3533173171984,122454167.64273037
7900,7901.0,30.0,494.0,1394905.8109070687,5412.086638092011,531.791,1061.8699542336165,2914.947341678024,483.31088332149744,256.15476816039364,1516.957077476595,1272304.0755097177,6573.538026862609,1077.3533173171984,122454167.64273037
7901,7902.0,30.0,494.0,609618.3683037264,0.0,531.791,1061.8699542336165,2913.1708617160584,483.01633525630797,255.9986576858432,1516.9570774765953,1272304.0755097177,6573.538026862609,1077.3533173171984,122454167.64273037
7902,7903.0,30.0,494.0,0.0,0.0,522.8888274844885,1043.048416443,2864.373896632832,474.92558728272496,251.71056125984424,1490.069166347143,1272304.0755097177,6573.538026862609,1077.3533173171984,122454167.64273037
7903,7904.0,30.0,494.0,302872.17571816803,0.0,473.48882748448835,950.7486435056044,2610.9043010711944,432.8992314805249,229.43659268467823,1358.2123478651492,1272304.0755097177,6573.538026862609,1077.3533173171984,122454167.64273037
7904,7905.0,30.0,494.0,1513912.7035902338,24153.763392852154,424.0888274844883,854.189501586919,2358.635314361777,391.0719418215082,207.26812916539933,1220.2707165527415,1272304.0755097177,6573.538026862609,1077.3533173171984,122454167.64273037
7905,7906.0,30.0,494.0,3631934.5431994833,56170.74981415948,374.6888274844883,760.9180356391644,2106.6960611014492,349.2993233952309,185.12864139947237,1087.0257651988063,1272304.0755097177,6573.538026862609,1077.3533173171984,122454167.64273037
7906,7907.0,30.0,494.0,5848229.874541752,37065.115661116004,369.4268520214401,760.9180356391644,2079.3978689533897,344.7731650075587,182.72977745400613,1087.0257651988063,1272304.0755097177,6573.538026862609,1077.3533173171984,122454167.64273037
7907,7908.0,30.0,494.0,8064525.205884018,17959.48150807293,369.4268520214401,760.9180356391644,2079.3978689533897,344.7731650075587,182.72977745400613,1087.0257651988063,1272304.0755097177,6573.538026862609,1077.3533173171984,122454167.64273037
7908,7909.0,30.0,494.0,10278617.2772757,0.0,369.4268520214401,760.9180356391644,2080.009885606329,344.8746400170419,182.7835592090322,1087.0257651988063,1272304.0755097177,6573.538026862609,1077.3533173171984,122454167.64273037
7909,7910.0,30.0,494.0,12085970.980238743,0.0,391.5768002744002,798.5681039230743,2192.9927657253957,363.60769046011376,192.7120759438603,1140.8115770329634,1272304.0755097177,6573.538026862609,1077.3533173171984,122454167.64273037
7910,7911.0,30.0,494.0,12993743.74988648,0.0,440.97680027440026,889.5620505757653,2442.8763583129803,405.039471451235,214.67091986915455,1270.8029293939505,1272304.0755097177,6573.538026862609,1077.3533173171984,122454167.64273037
7911,7912.0,30.0,494.0,12993743.74988648,0.0,490.37680027440024,981.3846136326235,2695.035460992909,446.848541862653,236.82972718720612,1401.9780194751766,1272304.0755097177,6573.538026862609,1077.3533173171984,122454167.64273037
7912,7913.0,30.0,494.0,12125599.641224932,0.0,534.7299897208808,1069.1986788099118,2936.1866022877816,486.832444640848,258.02119565964944,1527.4266840141597,1272304.0755097177,6573.538026862609,1077.3533173171984,122454167.64273037
7913,7914.0,30.0,494.0,11208730.947778378,0.0,534.7299897208809,1074.1272428828097,2949.721209172506,489.0765410316596,259.2105667467796,1534.4674898325852,1272304.0755097177,6573.538026862609,1077.3533173171984,122454167.64273037
7914,7915.0,30.0,494.0,10255822.687178023,2156.8179946746677,534.7299897208809,1077.3533173171984,2959.732200048561,490.73640664022474,260.0902955193191,1539.0761675959977,1272304.0755097177,6573.538026862609,1077.3533173171984,122454167.64273037
7915,7916.0,30.0,494.0,9283145.392353654,14597.638500438072,534.7299897208809,1077.3533173171984,2965.2235984441213,491.6469042575507,260.5728592565019,1539.0761675959977,1272304.0755097177,6573.538026862609,1077.3533173171984,122454167.64273037
7916,7917.0,30.0,494.0,8310468.097529285,27038.459006201476,534.7299897208809,1077.3533173171984,2965.2235984441213,491.6469042575507,260.5728592565019,1539.0761675959977,1272304.0755097177,6573.538026862609,1077.3533173171984,122454167.64273037
7917,7918.0,30.0,494.0,7334488.294315103,41197.26958617754,534.7299897208809,1077.3533173171984,2966.1409618857356,491.7990070859463,260.65347375555154,1539.0761675959977,1272304.0755097177,6573.538026862609,1077.3533173171984,122454167.64273037
7918,7919.0,30.0,494.0,6356942.444016118,56170.74981415948,534.4586,1077.3533173171984,2966.5759749648482,491.87113413692805,260.69170109257186,1539.0761675959977,1272304.0755097177,6573.538026862609,1077.3533173171984,122454167.64273037
7919,7920.0,30.0,494.0,5435849.1416438,41777.1836777851,531.9526307259952,1077.3533173171984,2950.8947116518843,489.27111282092625,259.3136897950909,1539.0761675959977,1272304.0755097177,6573.538026862609,1077.3533173171984,122454167.64273037
7920,7921.0,30.0,494.0,4580007.291246247,0.0,531.9526307259952,1076.0776283969492,2932.7693083255613,486.2658425139983,257.7208965324191,1537.2537548527848,1272304.0755097177,6573.538026862609,1077.3533173171984,122454167.64273037
7921,7922.0,30.0,494.0,3775749.299424622,10530.958632700145,531.9526307259952,1060.6888168645971,2918.4404587211366,483.89005724327404,256.46173033893524,1515.269738377996,1272304.0755097177,6573.538026862609,1077.3533173171984,122454167.64273037
7922,7923.0,30.0,494.0,2993889.1325463243,9410.39775513392,531.9526307259952,1060.6888168645971,2912.21884068132,482.8584860489959,255.91499760596784,1515.269738377996,1272304.0755097177,6573.538026862609,1077.3533173171984,122454167.64273037
7923,7924.0,30.0,494.0,2227964.5966412425,0.0,531.9526307259952,1060.6888168645971,2907.7922765220974,482.12454255599215,255.52600755467586,1515.269738377996,1272304.0755097177,6573.538026862609,1077.3533173171984,122454167.64273037
7924,7925.0,30.0,494.0,1474751.0733158607,5492.694376231171,531.9526307259952,1056.5052556052187,2904.2614396944027,481.5391145307041,255.2157307012732,1509.2932222931697,1272304.0755097177,6573.538026862609,1077.3533173171984,122454167.64273037
7925,7926.0,30.0,494.0,731049.0246506141,6037.4470280166715,531.9526307259952,1056.5052556052187,2901.6193633999205,481.1010468478231,254.98355482934628,1509.2932222931697,1272304.0755097177,6573.538026862609,1077.3533173171984,122454167.64273037
7926,7927.0,30.0,494.0,0.0,0.0,531.9526307259952,1056.5052556052187,2898.104634506967,480.51828958782033,254.67469348154478,1509.2932222931697,1272304.0755097177,6573.538026862609,1077.3533173171984,122454167.64273037
7927,7928.0,30.0,494.0,177399.35232792405,0.0,482.5526307259952,963.4404058308209,2645.75786312404,438.6781028933321,232.49939453346602,1376.3434369011727,1272304.0755097177,6573.538026862609,1077.3533173171984,122454167.64273037
7928,7929.0,30.0,494.0,1261473.506104933,0.0,433.1526307259952,871.7289038869703,2393.903751610404,396.9196013370966,210.3673887086612,1245.3270055528149,1272304.0755097177,6573.538026862609,1077.3533173171984,122454167.64273037
7929,7930.0,30.0,494.0,3248187.6444634665,56170.74981415948,383.7526307259953,769.5034394165106,2143.170422559982,355.3469303633084,188.33387309255346,1099.2906277378722,1272304.0755097177,6573.538026862609,1077.3533173171984,122454167.64273037
7930,7931.0,30.0,494.0,5404485.528391067,36680.02573898435,374.5403838592595,767.061745095331,2096.063826568576,347.53645290001083,184.19432003700575,1095.8024929933301,1272304.0755097177,6573.538026862609,1077.3533173171984,122454167.64273037
7931,7932.0,30.0,494.0,7558571.389404178,18340.012869492173,374.5403838592595,767.061745095331,2096.6782773781547,347.6383315031983,184.2483156966951,1095.8024929933301,1272304.0755097177,6573.538026862609,1077.3533173171984,122454167.64273037
7932,7933.0,30.0,494.0,9712657.250417288,0.0,374.5403838592595,767.061745095331,2096.6782773781547,347.6383315031983,184.2483156966951,1095.8024929933301,1272304.0755097177,6573.538026862609,1077.3533173171984,122454167.64273037
7933,7934.0,30.0,494.0,11714924.602817506,0.0,382.5230479695527,778.852298972203,2138.8500853261808,354.6305997542233,187.95421786973836,1112.6461413888615,1272304.0755097177,6573.538026862609,1077.3533173171984,122454167.64273037
7934,7935.0,30.0,494.0,12811119.218791159,0.0,431.9230479695527,870.50290114538,2390.536956555781,396.36137214765427,210.07152723825678,1243.5755730648286,1272304.0755097177,6573.538026862609,1077.3533173171984,122454167.64273037
7935,7936.0,30.0,494.0,12993743.74988648,0.0,481.3230479695527,962.9118712427668,2644.3064245775413,438.4374481014032,232.37184749374373,1375.588387489667,1272304.0755097177,6573.538026862609,1077.3533173171984,122454167.64273037
7936,7937.0,30.0,494.0,12218447.851433136,0.0,530.7230479695527,1059.8069445327676,2910.3954327855026,482.55615712929904,255.75476327852851,1514.0099207610965,1272304.0755097177,6573.538026862609,1077.3533173171984,122454167.64273037
7937,7938.0,30.0,494.0,11378820.92053653,0.0,530.7230479695527,1066.3141239509453,2928.2651640197414,485.5190358969703,257.3250890253943,1523.3058913584932,1272304.0755097177,6573.538026862609,1077.3533173171984,122454167.64273037
7938,7939.0,30.0,494.0,10470724.876467561,0.0,530.7230479695526,1073.2398763770245,2947.2843621231764,488.6725012457289,258.9964256602363,1533.1998233957493,1272304.0755097177,6573.538026862609,1077.3533173171984,122454167.64273037
7939,7940.0,30.0,494.0,9503174.830344828,9773.586592103355,530.7230479695526,1077.3533173171984,2963.7993626936673,491.4107598069227,260.44770269766906,1539.0761675959977,1272304.0755097177,6573.538026862609,1077.3533173171984,122454167.64273037
7940,7941.0,30.0,494.0,8525628.98004584,24747.06682008598,529.30124,1077.3533173171984,2966.5759749648487,491.87113413692816,260.6917010925719,1539.0761675959977,1272304.0755097177,6573.538026862609,1077.3533173171984,122454167.64273037
7941,7942.0,30.0,494.0,7548083.129746852,39720.547048068605,528.58988,1077.3533173171984,2966.5759749648487,491.87113413692816,260.6917010925719,1539.0761675959977,1272304.0755097177,6573.538026862609,1077.3533173171984,122454167.64273037
7942,7943.0,30.0,494.0,6570537.279447865,54694.02727605309,528.58988,1077.3533173171984,2966.5759749648487,491.87113413692816,260.6917010925719,1539.0761675959977,1272304.0755097177,6573.538026862609,1077.3533173171984,122454167.64273037
7943,7944.0,30.0,494.0,5616575.996583341,56170.74981415948,528.58988,1077.3533173171984,2960.024706233053,490.7849054313976,260.05838290506074,1539.0761675959977,1272304.0755097177,6573.538026862609,1077.3533173171984,122454167.64273037
7944,7945.0,30.0,494.0,4718620.326239765,29740.810874345712,528.58988,1077.3533173171984,2944.467591643901,488.2054685110419,258.74889831085216,1539.0761675959977,1272304.0755097177,6573.538026862609,1077.3533173171984,122454167.64273037
7945,7946.0,30.0,494.0,3866506.185723884,24161.39332758277,528.58988,1068.6621104839026,2931.7338333584303,486.0941562835592,257.62990283028637,1526.6601578341465,1272304.0755097177,6573.538026862609,1077.3533173171984,122454167.64273037
7946,7947.0,30.0,494.0,3050112.3510679826,0.0,528.58988,1068.6621104839026,2921.8115261751027,484.44899481501585,256.7579672519584,1526.6601578341465,1272304.0755097177,6573.538026862609,1077.3533173171984,122454167.64273037
7947,7948.0,30.0,494.0,2262751.329947535,0.0,528.58988,1061.027349598805,2913.746855748587,483.11183755944353,256.0492739065051,1515.7533565697213,1272304.0755097177,6573.538026862609,1077.3533173171984,122454167.64273037
7948,7949.0,30.0,494.0,1494649.8980963435,7205.3899681912735,528.58988,1057.6781655078437,2908.396969840461,482.2248033249118,255.57914576220327,1510.9688078683482,1272304.0755097177,6573.538026862609,1077.3533173171984,122454167.64273037
7949,7950.0,30.0,494.0,742540.073949812,6091.8235358077645,528.58988,1057.6781655078435,2903.9548565891664,481.4882817251558,255.18878931433258,1510.968807868348,1272304.0755097177,6573.538026862609,1077.3533173171984,122454167.64273037
7950,7951.0,30.0,494.0,0.0,0.0,528.58988,1057.6781655078435,2901.296592645633,481.0475300600121,254.95519093180638,1510.9688078683478,1272304.0755097177,6573.538026862609,1077.3533173171984,122454167.64273037
7951,7952.0,30.0,494.0,169892.11941382475,0.0,479.18988,964.1997735830666,2647.8432056001784,439.02386169993554,232.68264670096585,1377.4282479758097,1272304.0755097177,6573.538026862609,1077.3533173171984,122454167.64273037
7952,7953.0,30.0,494.0,1251019.1237307303,0.0,429.78988000000004,872.0270124293137,2394.7224042382118,397.0553374854043,210.4393288672643,1245.7528748990196,1272304.0755097177,6573.538026862609,1077.3533173171984,122454167.64273037
7953,7954.0,30.0,494.0,3239901.0215493096,56170.74981415948,380.38988000000006,769.2841673295218,2142.568267154413,355.24709039131267,188.28095790739573,1098.977381899317,1272304.0755097177,6573.538026862609,1077.3533173171984,122454167.64273037
7954,7955.0,30.0,494.0,5583597.817930868,37070.73545622453,360.9073538441749,748.0300956105262,2044.0085731091417,338.9054666138159,179.61989730532244,1068.6144223007518,1272304.0755097177,6573.538026862609,1077.3533173171984,122454167.64273037
7955,7956.0,30.0,494.0,7927294.614312423,17970.721098290756,360.9073538441749,748.0300956105262,2044.0085731091422,338.9054666138159,179.61989730532244,1068.6144223007518,1272304.0755097177,6573.538026862609,1077.3533173171984,122454167.64273037
7956,7957.0,30.0,494.0,10268820.559697514,0.0,360.9073538441749,748.0300956105262,2044.6115872748267,339.00544897195505,179.6728879551362,1068.6144223007518,1272304.0755097177,6573.538026862609,1077.3533173171984,122454167.64273037
7957,7958.0,30.0,494.0,12082696.270227436,0.0,389.81301516559995,797.9083931770699,2191.1810969568182,363.3073079385129,192.55287320741186,1139.8691331101,1272304.0755097177,6573.538026862609,1077.3533173171984,122454167.64273037
7958,7959.0,30.0,494.0,12993743.74988648,0.0,439.2130151656,889.23080879747,2441.966716643173,404.88864892602,214.5909839307906,1270.3297268535287,1272304.0755097177,6573.538026862609,1077.3533173171984,122454167.64273037
7959,7960.0,30.0,494.0,12993743.74988648,0.0,488.6130151655999,981.3846136326232,2695.0354609929077,446.84854186265284,236.829727187206,1401.978019475176,1272304.0755097177,6573.538026862609,1077.3533173171984,122454167.64273037
7960,7961.0,30.0,494.0,12188394.500323676,0.0,529.2159597737452,1062.8468856056738,2918.7435858714634,483.94031703654315,256.4883680293679,1518.3526937223912,1272304.0755097177,6573.538026862609,1077.3533173171984,122454167.64273037
7961,7962.0,30.0,494.0,11331181.6032932,0.0,529.2159597737453,1068.0929705282335,2933.150154612484,486.328988476435,257.7543638925105,1525.8471007546193,1272304.0755097177,6573.538026862609,1077.3533173171984,122454167.64273037
7962,7963.0,30.0,494.0,10424843.651354989,0.0,529.2159597737453,1073.0620427484623,2946.796003197966,488.59152922261666,258.9535104879868,1532.9457753549464,1272304.0755097177,6573.538026862609,1077.3533173171984,122454167.64273037
7963,7964.0,30.0,494.0,9472209.946634134,8114.715623064898,529.2159597737453,1076.1670654880547,2959.655934526478,490.72376148663386,260.08359358791597,1537.3815221257926,1272304.0755097177,6573.538026862609,1077.3533173171984,122454167.64273037
7964,7965.0,30.0,494.0,8506268.967814272,23151.976814070717,529.2159597737453,1076.1670654880547,2963.352399553981,491.3366513841854,260.4084252336183,1537.3815221257926,1272304.0755097177,6573.538026862609,1077.3533173171984,122454167.64273037
7965,7966.0,30.0,494.0,7536995.585331576,39922.77982852515,529.2159597737453,1076.1670654880547,2964.2780672381014,491.4901310919241,260.4897694787198,1537.3815221257926,1272304.0755097177,6573.538026862609,1077.3533173171984,122454167.64273037
7966,7967.0,30.0,494.0,6571054.606511714,54960.04101953227,529.2159597737453,1076.1670654880547,2963.352399553981,491.3366513841854,260.4084252336183,1537.3815221257926,1272304.0755097177,6573.538026862609,1077.3533173171984,122454167.64273037
7967,7968.0,30.0,494.0,5631692.538697509,56170.74981415948,529.2159597737453,1076.1670654880547,2955.969368719076,490.11251292261255,259.75963184898467,1537.3815221257926,1272304.0755097177,6573.538026862609,1077.3533173171984,122454167.64273037
7968,7969.0,30.0,494.0,4761427.528240122,21436.641916473396,529.2159597737453,1076.1670654880547,2936.7757416755153,486.9301265007616,258.0729670454037,1537.3815221257926,1272304.0755097177,6573.538026862609,1077.3533173171984,122454167.64273037
7969,7970.0,30.0,494.0,3936693.762565404,23247.236294421058,529.2159597737453,1064.4555981648944,2924.128173680329,484.8331049963857,256.96154564808444,1520.6508545212778,1272304.0755097177,6573.538026862609,1077.3533173171984,122454167.64273037
7970,7971.0,30.0,494.0,3131344.5130026024,14973.85741843097,529.2159597737453,1064.4555981648944,2918.743585871464,483.94031703654326,256.48836802936796,1520.6508545212778,1272304.0755097177,6573.538026862609,1077.3533173171984,122454167.64273037
7971,7972.0,30.0,494.0,2338875.6560184658,0.0,529.2159597737453,1064.4555981648944,2915.165699044057,483.3470879176999,256.17395659638095,1520.6508545212778,1272304.0755097177,6573.538026862609,1077.3533173171984,122454167.64273037
7972,7973.0,30.0,494.0,1552834.2604389396,3337.744205023783,529.2159597737452,1060.2448616989773,2913.3802930983315,483.051059885777,256.01706173946184,1514.6355167128247,1272304.0755097177,6573.538026862609,1077.3533173171984,122454167.64273037
7973,7974.0,30.0,494.0,773211.8587101524,3336.2788092335686,529.2159597737453,1060.2448616989773,2911.5972392509043,482.7554218419303,255.86037357622305,1514.6355167128247,1272304.0755097177,6573.538026862609,1077.3533173171984,122454167.64273037
7974,7975.0,30.0,494.0,0.0,0.0,529.2159597737453,1060.2448616989773,2909.816532856839,482.4601730160093,255.70389169848497,1514.6355167128247,1272304.0755097177,6573.538026862609,1077.3533173171984,122454167.64273037
7975,7976.0,30.0,494.0,115930.7360985565,0.0,481.18232604936736,969.6580476002795,2662.832478743309,441.50914805127763,233.99984846717715,1385.2257822861136,1272304.0755097177,6573.538026862609,1077.3533173171984,122454167.64273037
7976,7977.0,30.0,494.0,1147534.6799343564,56170.74981415948,431.78232604936744,866.1142532624071,2408.4788099274083,399.33620907780397,211.6481908112361,1237.306076089153,1272304.0755097177,6573.538026862609,1077.3533173171984,122454167.64273037
7977,7978.0,30.0,494.0,3093008.3061406426,47808.017965230625,382.3823260493674,786.2231554240415,2154.6261203800505,357.24633463498014,189.34055735653948,1123.1759363200592,1272304.0755097177,6573.538026862609,1077.3533173171984,122454167.64273037
7978,7979.0,30.0,494.0,5043083.48750814,37051.52199527435,382.3823260493674,786.2231554240415,2153.347910613047,357.0344019243176,189.22823301988834,1123.1759363200592,1272304.0755097177,6573.538026862609,1077.3533173171984,122454167.64273037
7979,7980.0,30.0,494.0,6995457.1828603195,25099.321504682302,382.3823260493674,786.2231554240415,2152.709434506191,356.92853982287505,189.17212610612378,1123.1759363200592,1272304.0755097177,6573.538026862609,1077.3533173171984,122454167.64273037
7980,7981.0,30.0,494.0,8947830.8782125,13147.12101409072,382.3823260493674,786.2231554240415,2152.709434506191,356.92853982287505,189.17212610612378,1123.1759363200592,1272304.0755097177,6573.538026862609,1077.3533173171984,122454167.64273037
7981,7982.0,30.0,494.0,10902501.580464337,0.0,382.3823260493674,786.2231554240415,2152.0713770340644,356.8227471328823,189.11605598042763,1123.1759363200592,1272304.0755097177,6573.538026862609,1077.3533173171984,122454167.64273037
7982,7983.0,30.0,494.0,11952297.622205067,0.0,431.7823260493674,875.1961857984369,2403.42544939826,398.49834003428344,211.20412021817023,1250.2802654263385,1272304.0755097177,6573.538026862609,1077.3533173171984,122454167.64273037
7983,7984.0,30.0,494.0,12085645.585567366,0.0,481.18232604936736,967.8962692101641,2657.9943600589354,440.70696703705306,233.57469252963813,1382.7089560145203,1272304.0755097177,6573.538026862609,1077.3533173171984,122454167.64273037
7984,7985.0,30.0,494.0,11238896.254668575,0.0,530.5823260493673,1067.034565282944,2930.2436084647943,485.84707054743177,257.4989473901388,1524.3350932613484,1272304.0755097177,6573.538026862609,1077.3533173171984,122454167.64273037
7985,7986.0,30.0,494.0,10339976.77999321,0.0,530.5823260493673,1072.311652762081,2944.7353150693975,488.249858213529,258.7724248531704,1531.8737896601158,1272304.0755097177,6573.538026862609,1077.3533173171984,122454167.64273037
7986,7987.0,30.0,494.0,9388329.05737146,1501.0765158366412,530.5823260493673,1077.3533173171984,2959.3820506100606,490.6783503480933,260.0595256844895,1539.0761675959977,1272304.0755097177,6573.538026862609,1077.3533173171984,122454167.64273037
7987,7988.0,30.0,494.0,8410783.207072472,16474.556743819267,529.1234,1077.3533173171984,2966.5759749648487,491.8711341369281,260.6917010925719,1539.0761675959977,1272304.0755097177,6573.538026862609,1077.3533173171984,122454167.64273037
7988,7989.0,30.0,494.0,7433237.3567734845,31448.036971798167,527.7006799999999,1077.3533173171984,2966.5759749648487,491.87113413692816,260.6917010925719,1539.0761675959977,1272304.0755097177,6573.538026862609,1077.3533173171984,122454167.64273037
7989,7990.0,30.0,494.0,6455691.506474497,46421.51719977986,527.3449999999999,1077.3533173171984,2966.575974964849,491.8711341369282,260.6917010925719,1539.0761675959977,1272304.0755097177,6573.538026862609,1077.3533173171984,122454167.64273037
7990,7991.0,30.0,494.0,5488188.276230948,56170.74981415948,527.3449999999999,1077.3533173171984,2963.786358282782,491.40860361932295,260.4465599182412,1539.0761675959977,1272304.0755097177,6573.538026862609,1077.3533173171984,122454167.64273037
7991,7992.0,30.0,494.0,4554014.328101652,48581.83545222692,527.3449999999999,1077.3533173171984,2954.528224362157,489.87356495186276,259.6329894244873,1539.0761675959977,1272304.0755097177,6573.538026862609,1077.3533173171984,122454167.64273037
7992,7993.0,30.0,494.0,3819019.8586606532,0.0,520.8917991273127,1065.1768631733635,2899.2005913931857,480.7000039821721,254.77100211055122,1521.681233104805,1272304.0755097177,6573.538026862609,1077.3533173171984,122454167.64273037
7993,7994.0,30.0,494.0,3141798.1517369617,0.0,520.8917991273127,1049.8865944880351,2883.152601805044,478.0391778627837,253.36076426727536,1499.8379921257647,1272304.0755097177,6573.538026862609,1077.3533173171984,122454167.64273037
7994,7995.0,30.0,494.0,2490032.7740164073,0.0,520.8917991273121,1047.3116490043137,2876.081399248622,476.8667418791811,252.739373195966,1496.1594985775912,1272304.0755097177,6573.538026862609,1077.3533173171984,122454167.64273037
7995,7996.0,30.0,494.0,1854109.4142028373,0.0,520.8917991273121,1045.7092053787153,2871.6808387188985,476.1371099004759,252.35266824725224,1493.870293398165,1272304.0755097177,6573.538026862609,1077.3533173171984,122454167.64273037
7996,7997.0,30.0,494.0,1227666.2207562719,4373.240981197916,520.8917991273121,1043.8999200662731,2869.0474591725097,475.70048417606284,252.1212566133133,1491.285600094676,1272304.0755097177,6573.538026862609,1077.3533173171984,122454167.64273037
7997,7998.0,30.0,494.0,610684.4783757817,3824.5628934390843,520.891799127312,1043.8999200662731,2866.419278320822,475.264720417728,251.89030182139584,1491.285600094676,1272304.0755097177,6573.538026862609,1077.3533173171984,122454167.64273037
7998,7999.0,30.0,494.0,0.0,0.0,520.891799127312,1043.8999200662731,2864.6700383195134,474.9746888558931,251.73658509362335,1491.285600094676,1272304.0755097177,6573.538026862609,1077.3533173171984,122454167.64273037
7999,8000.0,30.0,494.0,138372.82358679734,0.0,480.4347600000001,967.3879971400568,2656.5985655521304,440.475538267698,233.45203528187997,1381.982853057224,1272304.0755097177,6573.538026862609,1077.3533173171984,122454167.64273037
8000,8001.0,30.0,494.0,1191494.991070781,56170.74981415948,431.0347600000001,863.9376530008973,2402.50152558069,398.34514946716524,211.1229292175976,1234.196647144139,1272304.0755097177,6573.538026862609,1077.3533173171984,122454167.64273037
8001,8002.0,30.0,494.0,3155272.5489941128,48989.04473701156,381.63476000000014,784.1420414678264,2149.5416949030932,356.40331488868316,188.8937568910021,1120.2029163826091,1272304.0755097177,6573.538026862609,1077.3533173171984,122454167.64273037
8002,8003.0,30.0,494.0,5123636.643455075,39421.38834146453,381.63476000000014,784.1420414678264,2148.2676569759738,356.1920738871264,188.781799160177,1120.2029163826091,1272304.0755097177,6573.538026862609,1077.3533173171984,122454167.64273037
8003,8004.0,30.0,494.0,7096581.263812601,27470.907408889227,381.63476000000014,784.1420414678264,2146.9952886713727,355.9811097162083,188.6699881495904,1120.2029163826091,1272304.0755097177,6573.538026862609,1077.3533173171984,122454167.64273037
8004,8005.0,30.0,494.0,9071813.896819111,14330.184830671442,381.63476000000014,784.1420414678264,2146.35972960221,355.87573127223845,188.61413757428642,1120.2029163826091,1272304.0755097177,6573.538026862609,1077.3533173171984,122454167.64273037
8005,8006.0,30.0,494.0,11049333.04423979,0.0,381.63476000000014,784.1420414678264,2145.7245867093857,355.7704218321065,188.55832357101647,1120.2029163826094,1272304.0755097177,6573.538026862609,1077.3533173171984,122454167.64273037
8006,8007.0,30.0,494.0,12125743.38741147,0.0,431.0347600000001,872.5041097050929,2396.0325878896633,397.27257160447147,210.5544629503699,1246.4344424358471,1272304.0755097177,6573.538026862609,1077.3533173171984,122454167.64273037
8007,8008.0,30.0,494.0,12287242.286342638,0.0,480.4347600000001,965.0487602929435,2650.17465573425,439.4104262212244,232.88752589724893,1378.6410861327765,1272304.0755097177,6573.538026862609,1077.3533173171984,122454167.64273037
8008,8009.0,30.0,494.0,11489806.371788962,0.0,529.8347600000001,1062.0464400237388,2916.5454372578174,483.5758544841866,256.29520287661893,1517.2092000339128,1272304.0755097177,6573.538026862609,1077.3533173171984,122454167.64273037
8009,8010.0,30.0,494.0,10637401.233216831,0.0,529.8347600000001,1067.6066586240167,2931.8146661518326,486.10755871049906,257.6370061165645,1525.152369462881,1272304.0755097177,6573.538026862609,1077.3533173171984,122454167.64273037
8010,8011.0,30.0,494.0,9719528.102267835,0.0,529.8347600000001,1074.2288432270684,2950.000219589851,489.12280216623833,259.23508514810635,1534.6126331815262,1272304.0755097177,6573.538026862609,1077.3533173171984,122454167.64273037
8011,8012.0,30.0,494.0,8741982.25196885,18723.583271387204,529.8347600000001,1076.624130614314,2966.5759749648482,491.87113413692805,260.69170109257186,1538.034472306163,1272304.0755097177,6573.538026862609,1077.3533173171984,122454167.64273037
8012,8013.0,30.0,494.0,7764436.401669862,37447.16654277441,527.52284,1076.624130614314,2966.5759749648487,491.8711341369281,260.69170109257186,1538.034472306163,1272304.0755097177,6573.538026862609,1077.3533173171984,122454167.64273037
8013,8014.0,30.0,494.0,6786890.551370874,56170.74981415948,526.27796,1076.624130614314,2966.5759749648487,491.8711341369281,260.6917010925719,1538.034472306163,1272304.0755097177,6573.538026862609,1077.3533173171984,122454167.64273037
8014,8015.0,30.0,494.0,5845337.220335655,56170.74981415948,524.548830081929,1076.624130614314,2956.5780529471353,490.2134354016299,259.8131207628656,1538.034472306163,1272304.0755097177,6573.538026862609,1077.3533173171984,122454167.64273037
8015,8016.0,30.0,494.0,5427568.718345508,0.0,498.47566700342264,1034.564607944295,2811.082267101282,466.08960449350985,247.02749038156023,1477.9494399204216,1272304.0755097177,6573.538026862609,1077.3533173171984,122454167.64273037
8016,8017.0,30.0,494.0,5088062.167286338,23509.431004583836,498.4756670034227,1011.1549269508911,2789.3428362871214,462.48511278984495,245.11710977861784,1444.507038501273,1272304.0755097177,6573.538026862609,1077.3533173171984,122454167.64273037
8017,8018.0,30.0,494.0,4807166.471175998,16529.04785635788,498.4756670034227,1011.1549269508911,2773.06204324578,459.785686850488,243.68641403075864,1444.507038501273,1272304.0755097177,6573.538026862609,1077.3533173171984,122454167.64273037
8018,8019.0,30.0,494.0,4544626.262552671,0.0,498.4756670034227,1011.1549269508911,2767.9632967216094,458.9402926125905,243.23835508467297,1444.507038501273,1272304.0755097177,6573.538026862609,1077.3533173171984,122454167.64273037
8019,8020.0,30.0,494.0,4291236.476434195,7512.508045265451,498.4756670034227,1005.5546011516834,2765.421512692484,458.51885382130797,243.01499252529322,1436.5065730738336,1272304.0755097177,6573.538026862609,1077.3533173171984,122454167.64273037
8020,8021.0,30.0,494.0,4050019.0421897564,8692.865727496333,498.4756670034227,1005.5546011516834,2762.0403038385853,457.95823476157165,242.717864423633,1436.5065730738336,1272304.0755097177,6573.538026862609,1077.3533173171984,122454167.64273037
8021,8022.0,30.0,494.0,3817909.7830754835,5135.081179377623,498.4756670034227,1005.5546011516834,2759.510255191317,457.5387417473844,242.49553312611374,1436.5065730738336,1272304.0755097177,6573.538026862609,1077.3533173171984,122454167.64273037
8022,8023.0,30.0,494.0,3588832.576029571,0.0,498.4756670034227,1005.5546011516834,2758.668018505661,457.3990952602284,242.42152048792107,1436.5065730738336,1272304.0755097177,6573.538026862609,1077.3533173171984,122454167.64273037
8023,8024.0,30.0,494.0,3362785.42120089,56170.74981415948,498.4756670034227,993.3275286236612,2757.8263373342074,457.2595408797311,242.3475566662575,1419.0393266052304,1272304.0755097177,6573.538026862609,1077.3533173171984,122454167.64273037
8024,8025.0,30.0,494.0,4044254.6143778786,48700.63680932112,449.0756670034227,913.905515211309,2505.738462888188,415.46228041772645,220.19500862139503,1305.5793074447272,1272304.0755097177,6573.538026862609,1077.3533173171984,122454167.64273037
8025,8026.0,30.0,494.0,4722992.2383026015,42651.50698106643,449.0756670034227,913.905515211309,2506.497232124929,415.5880876406573,220.2616864495484,1305.5793074447272,1272304.0755097177,6573.538026862609,1077.3533173171984,122454167.64273037
8026,8027.0,30.0,494.0,5404461.43147959,35181.3939762339,449.0756670034227,913.905515211309,2505.738462888188,415.46228041772645,220.19500862139503,1305.5793074447272,1272304.0755097177,6573.538026862609,1077.3533173171984,122454167.64273037
8027,8028.0,30.0,494.0,6091388.359958133,24872.125405679457,449.0756670034227,913.905515211309,2504.2224253044237,415.21091482587457,220.06178485771352,1305.5793074447272,1272304.0755097177,6573.538026862609,1077.3533173171984,122454167.64273037
8028,8029.0,30.0,494.0,6781041.458047409,13144.682593292557,449.0756670034227,913.905515211309,2503.465155968109,415.0853562929249,219.99523883525023,1305.5793074447272,1272304.0755097177,6573.538026862609,1077.3533173171984,122454167.64273037
8029,8030.0,30.0,494.0,7473418.929424435,0.0,449.0756670034227,913.905515211309,2502.7083856104005,414.9598804927875,219.92873666117737,1305.5793074447272,1272304.0755097177,6573.538026862609,1077.3533173171984,122454167.64273037
8030,8031.0,30.0,494.0,7614364.452641806,0.0,479.18988,967.1277647537667,2655.88392676586,440.35704806442413,233.3892354741448,1381.611092505381,1272304.0755097177,6573.538026862609,1077.3533173171984,122454167.64273037
8031,8032.0,30.0,494.0,6830218.657750161,0.0,528.58988,1060.7021246934016,2912.853737351698,482.96375466438076,255.97078997212182,1515.2887495620025,1272304.0755097177,6573.538026862609,1077.3533173171984,122454167.64273037
8032,8033.0,30.0,494.0,5965050.504714459,0.0,528.58988,1068.8976564811474,2935.359947947269,486.6953817739475,257.9485523401922,1526.996652115925,1272304.0755097177,6573.538026862609,1077.3533173171984,122454167.64273037
8033,8034.0,30.0,494.0,5030774.856395837,0.0,528.58988,1075.8879822052602,2954.5564744147473,489.8782489328309,259.6354719344004,1536.9828317218003,1272304.0755097177,6573.538026862609,1077.3533173171984,122454167.64273037
8034,8035.0,30.0,494.0,4053229.006096849,15069.61336863047,528.58988,1077.3346247620725,2966.5759749648487,491.87113413692816,260.6917010925719,1539.049463945818,1272304.0755097177,6573.538026862609,1077.3533173171984,122454167.64273037
8035,8036.0,30.0,494.0,3075683.1557978615,30139.22673726094,526.63364,1077.3346247620725,2966.5759749648487,491.8711341369281,260.6917010925719,1539.049463945818,1272304.0755097177,6573.538026862609,1077.3533173171984,122454167.64273037
8036,8037.0,30.0,494.0,2098137.3054988757,45208.8401058914,526.1001200000001,1077.3346247620725,2966.5759749648482,491.87113413692805,260.6917010925719,1539.049463945818,1272304.0755097177,6573.538026862609,1077.3533173171984,122454167.64273037
8037,8038.0,30.0,494.0,1130657.8144468702,55041.85655226353,526.1001200000001,1077.3346247620725,2963.779764062909,491.4075102691325,260.44598044264023,1539.049463945818,1272304.0755097177,6573.538026862609,1077.3533173171984,122454167.64273037
8038,8039.0,30.0,494.0,179910.34081108496,56170.74981415948,526.1001200000001,1077.3346247620725,2959.131981447292,490.6368877987632,260.0375505333445,1539.049463945818,1272304.0755097177,6573.538026862609,1077.3533173171984,122454167.64273037
8039,8040.0,30.0,494.0,75381.42095490359,0.0,483.1211399013397,1002.8799592699784,2724.071272064069,451.6628049871046,239.38128664316545,1432.6856560999693,1272304.0755097177,6573.538026862609,1077.3533173171984,122454167.64273037
8040,8041.0,30.0,494.0,28306.242587987334,0.0,483.1211399013397,986.1463377981172,2708.111899428162,449.0166719418755,237.978836129194,1408.780482568739,1272304.0755097177,6573.538026862609,1077.3533173171984,122454167.64273037
8041,8042.0,30.0,494.0,5204.776180035284,9303.045449645258,483.1211399013397,981.9124357451926,2701.4525349951155,447.91252050130674,237.39363586569257,1402.732051064561,1272304.0755097177,6573.538026862609,1077.3533173171984,122454167.64273037
8042,8043.0,30.0,494.0,0.0,9296.096027593128,483.1211399013397,981.9124357451926,2696.4812321540285,447.08825697756123,236.95677619810746,1402.732051064561,1272304.0755097177,6573.538026862609,1077.3533173171984,122454167.64273037
8043,8044.0,30.0,494.0,3716.8510558867906,4648.0480137960985,483.1211399013397,981.9124357451926,2694.0030023662725,446.67735575452076,236.73899854989602,1402.732051064561,1272304.0755097177,6573.538026862609,1077.3533173171984,122454167.64273037
8044,8045.0,30.0,494.0,7433.702111769468,0.0,483.1211399013397,981.9124357451926,2694.0030023662725,446.67735575452076,236.73899854989602,1402.732051064561,1272304.0755097177,6573.538026862609,1077.3533173171984,122454167.64273037
8045,8046.0,30.0,494.0,2228.9259317321266,18445.02333400678,483.1211399013396,978.3245521537364,2696.481232154028,447.0882569775611,236.9567761981074,1397.6065030767663,1272304.0755097177,6573.538026862609,1077.3533173171984,122454167.64273037
8046,8047.0,30.0,494.0,0.0,35341.986652569845,483.1211399013396,978.3245521537364,2695.6546070850554,446.95119896400854,236.88413545092453,1397.6065030767663,1272304.0755097177,6573.538026862609,1077.3533173171984,122454167.64273037
8047,8048.0,30.0,494.0,28467.001073971653,36270.69442411512,481.1465587006003,978.3245521537364,2687.1279606945823,445.53744409446864,236.1348453700684,1397.6065030767663,1272304.0755097177,6573.538026862609,1077.3533173171984,122454167.64273037
8048,8049.0,30.0,494.0,981810.671856639,49670.1582467705,431.7465587006003,882.3470349862355,2430.2177746643883,402.9406235038556,213.55853045704347,1260.4957642660509,1272304.0755097177,6573.538026862609,1077.3533173171984,122454167.64273037
8049,8050.0,30.0,494.0,1948416.1093079217,56170.74981415948,431.74655870060025,882.3470349862355,2426.5339505897737,402.3298295309949,213.23480965142733,1260.4957642660509,1272304.0755097177,6573.538026862609,1077.3533173171984,122454167.64273037
8050,8051.0,30.0,494.0,2930877.783414563,54422.80603418965,431.7465587006002,882.3470349862355,2422.129440407734,401.59954268284395,212.8477576219073,1260.4957642660509,1272304.0755097177,6573.538026862609,1077.3533173171984,122454167.64273037
8051,8052.0,30.0,494.0,3931759.0653406996,43092.84165965766,431.7465587006002,882.3470349862355,2417.012882680092,400.75119527033513,212.39813349327764,1260.4957642660509,1272304.0755097177,6573.538026862609,1077.3533173171984,122454167.64273037
8052,8053.0,30.0,494.0,4948361.006548788,23584.870322338305,431.7465587006002,882.3470349862355,2412.6460328795497,400.027152676407,212.01439091849574,1260.4957642660509,1272304.0755097177,6573.538026862609,1077.3533173171984,122454167.64273037
8053,8054.0,30.0,494.0,5972800.0088112485,0.0,431.7465587006002,882.3470349862355,2410.4690714755575,399.666203055096,211.8230876192009,1260.4957642660509,1272304.0755097177,6573.538026862609,1077.3533173171984,122454167.64273037
8054,8055.0,30.0,494.0,6917757.106912561,0.0,436.64523027581544,885.800800559993,2432.5473781869873,403.3268818489713,213.7632473799548,1265.4297150857044,1272304.0755097177,6573.538026862609,1077.3533173171984,122454167.64273037
8055,8056.0,30.0,494.0,6961912.827919606,0.0,486.04523027581547,976.9181969124303,2682.7699829353946,444.81487252338985,235.75188243739663,1395.5974241606148,1272304.0755097177,6573.538026862609,1077.3533173171984,122454167.64273037
8056,8057.0,30.0,494.0,6070904.951742832,0.0,535.4452302758158,1071.5113828307642,2942.5376488197894,487.88547563921725,258.57930208878514,1530.7305469010919,1272304.0755097177,6573.538026862609,1077.3533173171984,122454167.64273037
8057,8058.0,30.0,494.0,5147359.953451743,0.0,535.4452302758158,1074.8025610274726,2951.5757382959873,489.38402998557655,259.37353589235556,1535.4322300392466,1272304.0755097177,6573.538026862609,1077.3533173171984,122454167.64273037
8058,8059.0,30.0,494.0,4194347.206761082,2211.172456452623,535.4452302758158,1077.3533173171984,2959.761223962536,490.74121893075915,260.09284603330235,1539.0761675959977,1272304.0755097177,6573.538026862609,1077.3533173171984,122454167.64273037
8059,8060.0,30.0,494.0,3218293.3214161675,16408.52112635225,535.4452302758158,1077.3533173171984,2966.161540255384,491.8024190686843,260.6552821064027,1539.0761675959977,1272304.0755097177,6573.538026862609,1077.3533173171984,122454167.64273037
8060,8061.0,30.0,494.0,2240747.4711171817,31382.001354334876,534.28076,1077.3533173171984,2966.5759749648482,491.8711341369281,260.6917010925719,1539.0761675959977,1272304.0755097177,6573.538026862609,1077.3533173171984,122454167.64273037
8061,8062.0,30.0,494.0,1263201.620818194,46355.48158231564,534.10292,1077.3533173171984,2966.575974964849,491.87113413692816,260.6917010925719,1539.0761675959977,1272304.0755097177,6573.538026862609,1077.3533173171984,122454167.64273037
8062,8063.0,30.0,494.0,295571.44968949445,56170.74981415948,534.10292,1077.3533173171984,2963.8216196397684,491.4144501049005,260.44965855559724,1539.0761675959977,1272304.0755097177,6573.538026862609,1077.3533173171984,122454167.64273037
8063,8064.0,30.0,494.0,171074.69237506762,0.0,490.03812000000005,1004.8997356671382,2729.617893580248,452.58245883680036,239.8687031835042,1435.5710509530547,1272304.0755097177,6573.538026862609,1077.3533173171984,122454167.64273037
8064,8065.0,30.0,494.0,100498.07165624015,0.0,490.03812000000005,988.5235435752004,2714.640077859249,450.099072175628,238.55250825308286,1412.1764908217149,1272304.0755097177,6573.538026862609,1077.3533173171984,122454167.64273037
8065,8066.0,30.0,494.0,74368.29862884805,3447.52105616685,490.03812000000005,983.3573276422852,2702.293731278294,448.0519944852299,237.46755707717185,1404.796182346122,1272304.0755097177,6573.538026862609,1077.3533173171984,122454167.64273037
8066,8067.0,30.0,494.0,54131.73259970546,3829.350845800166,490.03812000000005,983.3573276422854,2700.656729334336,447.78057247899983,237.3237034138699,1404.7961823461221,1272304.0755097177,6573.538026862609,1077.3533173171984,122454167.64273037
8067,8068.0,30.0,494.0,36838.87203510292,2679.8425818792566,490.03812000000005,983.3573276422856,2699.839033371964,447.6449949499611,237.25184732347938,1404.7961823461224,1272304.0755097177,6573.538026862609,1077.3533173171984,122454167.64273037
8068,8069.0,30.0,494.0,22487.78744471632,0.0,490.03812000000005,983.3573276422856,2699.021873379126,447.5095062869906,237.180038332105,1404.7961823461224,1272304.0755097177,6573.538026862609,1077.3533173171984,122454167.64273037
8069,8070.0,30.0,494.0,11076.551234675571,2036.7726212106645,490.03812000000005,982.1428379921739,2698.20524882903,447.3741064027437,237.10827639345413,1403.061197131677,1272304.0755097177,6573.538026862609,1077.3533173171984,122454167.64273037
8070,8071.0,30.0,494.0,2603.2377050649375,2545.215437304835,490.03812000000005,982.1428379921739,2697.389159195577,447.23879520999105,237.03656146129526,1403.061197131677,1272304.0755097177,6573.538026862609,1077.3533173171984,122454167.64273037
8071,8072.0,30.0,494.0,0.0,0.0,490.03812000000005,982.1428379921739,2695.7585825776478,446.9684385506213,236.89327243182927,1403.061197131677,1272304.0755097177,6573.538026862609,1077.3533173171984,122454167.64273037
8072,8073.0,30.0,494.0,906062.0006624628,56170.74981415948,440.6381200000001,878.8130071562781,2443.3515719200013,405.1182639237067,214.71267987956458,1255.4471530803974,1272304.0755097177,6573.538026862609,1077.3533173171984,122454167.64273037
8073,8074.0,30.0,494.0,2719601.1615846483,52928.70272601119,391.2381200000001,798.5728337143505,2191.274582958967,363.32280832221824,192.56108841077568,1140.8183338776437,1272304.0755097177,6573.538026862609,1077.3533173171984,122454167.64273037
8074,8075.0,30.0,494.0,4540140.350741735,46045.187515056175,391.2381200000001,798.5728337143505,2189.3301306714948,363.0004097185804,192.3902171508476,1140.8183338776437,1272304.0755097177,6573.538026862609,1077.3533173171984,122454167.64273037
8075,8076.0,30.0,494.0,6367665.86622073,35527.33202102848,391.2381200000001,798.5728337143505,2187.3894844709644,362.67864218062795,192.2196803557328,1140.8183338776437,1272304.0755097177,6573.538026862609,1077.3533173171984,122454167.64273037
8076,8077.0,30.0,494.0,8204485.238818724,20174.741108649545,391.2381200000001,798.5728337143505,2184.8078574934652,362.2505972560896,191.9928165457275,1140.8183338776437,1272304.0755097177,6573.538026862609,1077.3533173171984,122454167.64273037
8077,8078.0,30.0,494.0,10050574.275845584,0.0,391.2381200000001,798.5728337143505,2182.232950707669,361.8236665684164,191.7665432812607,1140.8183338776437,1272304.0755097177,6573.538026862609,1077.3533173171984,122454167.64273037
8078,8079.0,30.0,494.0,11008973.578354917,0.0,440.6381200000001,884.4411016318599,2428.813432518093,402.7077774988842,213.43512207440864,1263.487288045514,1272304.0755097177,6573.538026862609,1077.3533173171984,122454167.64273037
8079,8080.0,30.0,494.0,11070437.580267366,0.0,490.03812000000005,975.1674386081702,2677.962127128339,444.0177092251832,235.3293858893471,1393.0963408688147,1272304.0755097177,6573.538026862609,1077.3533173171984,122454167.64273037
8080,8081.0,30.0,494.0,10190203.459767958,0.0,539.43812,1070.4216014525146,2939.54493890941,487.3892713854972,258.3163138343135,1529.1737163607352,1272304.0755097177,6573.538026862609,1077.3533173171984,122454167.64273037
8081,8082.0,30.0,494.0,9277744.570893781,0.0,539.43812,1073.6811846048415,2948.496263457957,488.8734397313875,259.1029230576354,1533.8302637212023,1272304.0755097177,6573.538026862609,1077.3533173171984,122454167.64273037
8082,8083.0,30.0,494.0,8326336.230873337,1376.5478592991453,539.43812,1077.3533173171984,2959.315555443031,490.66732516165024,260.05368233567464,1539.0761675959977,1272304.0755097177,6573.538026862609,1077.3533173171984,122454167.64273037
8083,8084.0,30.0,494.0,7348790.380574349,16350.028087282553,539.43812,1077.3533173171984,2966.5759749648487,491.8711341369281,260.6917010925719,1539.0761675959977,1272304.0755097177,6573.538026862609,1077.3533173171984,122454167.64273037
8084,8085.0,30.0,494.0,6371244.530275362,31323.50831526518,538.9046,1077.3533173171984,2966.5759749648487,491.87113413692816,260.6917010925719,1539.0761675959977,1272304.0755097177,6573.538026862609,1077.3533173171984,122454167.64273037
8085,8086.0,30.0,494.0,5393698.679976374,46296.988543247804,538.9046,1077.3533173171984,2966.5759749648487,491.87113413692816,260.6917010925719,1539.0761675959977,1272304.0755097177,6573.538026862609,1077.3533173171984,122454167.64273037
8086,8087.0,30.0,494.0,4425956.067131529,56170.74981415948,538.728248144069,1077.3533173171984,2963.852853449809,491.4196288057656,260.4524032670558,1539.0761675959977,1272304.0755097177,6573.538026862609,1077.3533173171984,122454167.64273037
8087,8088.0,30.0,494.0,3477193.8779372964,56170.74981415948,538.584785064782,1077.3533173171984,2958.580513546861,490.5454520344631,259.98908957826546,1539.0761675959977,1272304.0755097177,6573.538026862609,1077.3533173171984,122454167.64273037
8088,8089.0,30.0,494.0,2577121.449508453,30841.96458866354,538.5847850647818,1077.3533173171984,2945.0555800009192,488.3029595250818,258.80056854829337,1539.0761675959977,1272304.0755097177,6573.538026862609,1077.3533173171984,122454167.64273037
8089,8090.0,30.0,494.0,2137400.6722356547,0.0,515.9594503349025,1031.8600716012697,2817.180121346463,467.1006551150649,247.5633472109844,1474.0858165732427,1272304.0755097177,6573.538026862609,1077.3533173171984,122454167.64273037
8090,8091.0,30.0,494.0,1709920.5377885196,0.0,515.9594503349026,1024.6248637406518,2813.7799427837786,466.53689079552305,247.26455212162722,1463.7498053437885,1272304.0755097177,6573.538026862609,1077.3533173171984,122454167.64273037
8091,8092.0,30.0,494.0,1282440.4033413846,0.0,515.9594503349023,1024.6248637406513,2813.779942783777,466.53689079552277,247.26455212162708,1463.7498053437878,1272304.0755097177,6573.538026862609,1077.3533173171984,122454167.64273037
8092,8093.0,30.0,494.0,854960.268894255,0.0,515.9594503349023,1024.6248637406513,2813.779942783777,466.53689079552277,247.26455212162708,1463.7498053437878,1272304.0755097177,6573.538026862609,1077.3533173171984,122454167.64273037
8093,8094.0,30.0,494.0,427480.1344471282,0.0,515.9594503349023,1024.6248637406513,2813.779942783777,466.53689079552277,247.26455212162708,1463.7498053437878,1272304.0755097177,6573.538026862609,1077.3533173171984,122454167.64273037
8094,8095.0,30.0,494.0,0.0,-9.313225746154785e-10,515.9594503349022,1024.6248637406513,2813.7799427837763,466.53689079552265,247.26455212162702,1463.7498053437878,1272304.0755097177,6573.538026862609,1077.3533173171984,122454167.64273037
8095,8096.0,30.0,494.0,241518.96028736208,0.0,479.49724875255134,956.9546123129987,2627.946860913085,435.72496165186374,230.93422967548779,1367.0780175899984,1272304.0755097177,6573.538026862609,1077.3533173171984,122454167.64273037
8096,8097.0,30.0,494.0,1383684.0666328557,56170.74981415948,430.0972487525514,854.930827568634,2377.767375896937,394.2441204156492,208.9493838202941,1221.3297536694772,1272304.0755097177,6573.538026862609,1077.3533173171984,122454167.64273037
8097,8098.0,30.0,494.0,3425909.585837,45404.45069891773,380.69724875255076,776.9039181402705,2127.750594547312,352.79025615142405,186.97883576025475,1109.8627402003865,1272304.0755097177,6573.538026862609,1077.3533173171984,122454167.64273037
8098,8099.0,30.0,494.0,5470383.490192683,33468.52446469944,380.69724875255076,776.9039181402705,2127.1260431163287,352.68670282149856,186.92395249539425,1109.8627402003865,1272304.0755097177,6573.538026862609,1077.3533173171984,122454167.64273037
8099,8100.0,30.0,494.0,7514857.394548367,21532.59823048394,380.69724875255076,776.9039181402705,2127.1260431163287,352.68670282149856,186.92395249539425,1109.8627402003865,1272304.0755097177,6573.538026862609,1077.3533173171984,122454167.64273037
8100,8101.0,30.0,494.0,9557082.913752511,10766.29911524197,380.69724875255076,776.9039181402705,2127.750594547312,352.79025615142405,186.97883576025475,1109.8627402003865,1272304.0755097177,6573.538026862609,1077.3533173171984,122454167.64273037
8101,8102.0,30.0,494.0,11599308.432956655,0.0,380.69724875255076,776.9039181402705,2127.750594547312,352.79025615142405,186.97883576025475,1109.8627402003865,1272304.0755097177,6573.538026862609,1077.3533173171984,122454167.64273037
8102,8103.0,30.0,494.0,12746555.471595071,0.0,430.09724875255074,865.3388728157356,2376.3557280377913,394.0100630918728,208.82533343869258,1236.1983897367652,1272304.0755097177,6573.538026862609,1077.3533173171984,122454167.64273037
8103,8104.0,30.0,494.0,12993743.74988648,0.0,479.4972487525508,956.381152381922,2626.372050356405,435.46385124676993,230.7958411607881,1366.2587891170315,1272304.0755097177,6573.538026862609,1077.3533173171984,122454167.64273037
8104,8105.0,30.0,494.0,12312064.819320817,0.0,528.8972487525507,1050.3374492752766,2884.390719483369,478.2444631316498,253.4695654597744,1500.4820703932523,1272304.0755097177,6573.538026862609,1077.3533173171984,122454167.64273037
8105,8106.0,30.0,494.0,11479444.235439658,0.0,535.6009434345337,1065.6054215508132,2926.318956515451,485.19634627078864,257.154063523518,1522.2934593583045,1272304.0755097177,6573.538026862609,1077.3533173171984,122454167.64273037
8106,8107.0,30.0,494.0,10604997.189025901,0.0,535.6009434345337,1069.8362303189979,2937.937418330063,487.1227375170964,258.17505088406114,1528.3374718842829,1272304.0755097177,6573.538026862609,1077.3533173171984,122454167.64273037
8107,8108.0,30.0,494.0,9691622.678100878,0.0,535.6009434345334,1073.7738011343422,2948.7506029165247,488.9156103142404,259.1252734665474,1533.9625730490602,1272304.0755097177,6573.538026862609,1077.3533173171984,122454167.64273037
8108,8109.0,30.0,494.0,8742292.921210177,8058.921776319854,535.6009434345334,1075.8437150645193,2958.738171240325,490.5715923622834,260.00294395201024,1536.9195929493135,1272304.0755097177,6573.538026862609,1077.3533173171984,122454167.64273037
8109,8110.0,30.0,494.0,7773240.603990011,26377.669989023358,535.6009434345334,1075.8437150645193,2964.2166602207317,491.47994954271303,260.4843732576379,1536.9195929493135,1272304.0755097177,6573.538026862609,1077.3533173171984,122454167.64273037
8110,8111.0,30.0,494.0,6804188.286769845,44696.418201725,535.6009434345334,1075.8437150645193,2964.2166602207317,491.47994954271303,260.4843732576379,1536.9195929493135,1272304.0755097177,6573.538026862609,1077.3533173171984,122454167.64273037
8111,8112.0,30.0,494.0,5848293.055603307,56170.74981415948,535.6009434345334,1075.8437150645193,2960.5619140947238,490.87397681956264,260.16320771436824,1536.9195929493135,1272304.0755097177,6573.538026862609,1077.3533173171984,122454167.64273037
8112,8113.0,30.0,494.0,4944679.27658624,40447.870925780386,535.6009434345334,1075.8437150645193,2946.039288497653,488.4660626507162,258.8870132048796,1536.9195929493135,1272304.0755097177,6573.538026862609,1077.3533173171984,122454167.64273037
8113,8114.0,30.0,494.0,4092798.47295988,0.0,535.6009434345334,1075.4184851571056,2931.669017555785,486.0834095429982,257.6242070577891,1536.312121653008,1272304.0755097177,6573.538026862609,1077.3533173171984,122454167.64273037
8114,8115.0,30.0,494.0,3256973.1057193,2499.093767215498,535.6009434345334,1065.4436552452976,2927.209174115291,485.3439482011477,257.23229254660833,1522.0623646361394,1272304.0755097177,6573.538026862609,1077.3533173171984,122454167.64273037
8115,8116.0,30.0,494.0,2430755.8011293914,0.0,535.6009434345334,1065.4436552452976,2924.5402678234377,484.90143198859914,256.99775895395754,1522.0623646361396,1272304.0755097177,6573.538026862609,1077.3533173171984,122454167.64273037
8116,8117.0,30.0,494.0,1610933.4062907584,4978.626935738139,535.6009434345334,1063.3427993841958,2922.7639040036393,484.60690318028355,256.84165868555027,1519.0611419774227,1272304.0755097177,6573.538026862609,1077.3533173171984,122454167.64273037
8117,8118.0,30.0,494.0,800687.7190519527,4975.377473846078,535.6009434345334,1063.3427993841958,2920.1037074481314,484.1658310797113,256.607890472247,1519.0611419774227,1272304.0755097177,6573.538026862609,1077.3533173171984,122454167.64273037
8118,8119.0,30.0,494.0,0.0,0.0,535.6009434345334,1063.3427993841958,2917.448716285117,483.72562205574025,256.3745796895423,1519.0611419774227,1272304.0755097177,6573.538026862609,1077.3533173171984,122454167.64273037
8119,8120.0,30.0,494.0,108124.70593432213,0.0,486.20094343453343,970.4476391378815,2665.000820455596,441.8686684904035,234.19039429991386,1386.3537701969738,1272304.0755097177,6573.538026862609,1077.3533173171984,122454167.64273037
8120,8121.0,30.0,494.0,1125871.744483157,0.0,436.80094343453345,878.4379900416277,2412.3279502848973,399.9744132057508,211.98643899904795,1254.9114143451825,1272304.0755097177,6573.538026862609,1077.3533173171984,122454167.64273037
8121,8122.0,30.0,494.0,3050876.37018432,56170.74981415948,387.40094343453336,775.745448217224,2160.3119538536953,358.1890704296461,189.84020732771245,1108.2077831674628,1272304.0755097177,6573.538026862609,1077.3533173171984,122454167.64273037
8122,8123.0,30.0,494.0,5156939.364568534,42127.87449975312,377.7968444696194,771.0837748105779,2110.017962552848,349.8501090309873,185.42055778642327,1101.548249729397,1272304.0755097177,6573.538026862609,1077.3533173171984,122454167.64273037
8123,8124.0,30.0,494.0,7265226.377784093,26928.047612140886,377.7968444696194,771.0837748105779,2109.4001795441413,349.74767793476474,185.36626930542533,1101.548249729397,1272304.0755097177,6573.538026862609,1077.3533173171984,122454167.64273037
8124,8125.0,30.0,494.0,9371289.372168303,12885.17229773663,377.79684446961954,771.0837748105779,2110.0179625528494,349.8501090309875,185.4205577864234,1101.548249729397,1272304.0755097177,6573.538026862609,1077.3533173171984,122454167.64273037
8125,8126.0,30.0,494.0,11475126.903214375,0.0,377.79684446961954,771.0837748105779,2110.6361468134432,349.9526066565093,185.47488152794995,1101.548249729397,1272304.0755097177,6573.538026862609,1077.3533173171984,122454167.64273037
8126,8127.0,30.0,494.0,12682611.6957871,0.0,427.1968444696194,859.245734594391,2359.623018611595,391.235707460295,207.35492495395636,1227.4939065634157,1272304.0755097177,6573.538026862609,1077.3533173171984,122454167.64273037
8127,8128.0,30.0,494.0,12993743.74988648,0.0,476.5968444696193,949.9131445472084,2608.609890409746,432.5188082640807,229.23496837996277,1357.0187779245834,1272304.0755097177,6573.538026862609,1077.3533173171984,122454167.64273037
8128,8129.0,30.0,494.0,12993743.74988648,0.0,492.14058538319995,981.3846136326231,2695.0354609929072,446.8485418626528,236.82972718720598,1401.9780194751759,1272304.0755097177,6573.538026862609,1077.3533173171984,122454167.64273037
8129,8130.0,30.0,494.0,12955636.782906948,0.0,492.14058538319995,985.2391899047683,2705.620729598333,448.6036252038628,237.7599213580473,1407.4845570068119,1272304.0755097177,6573.538026862609,1077.3533173171984,122454167.64273037
8130,8131.0,30.0,494.0,12873155.425846247,0.0,492.14058538319995,989.7277253263791,2717.946949065324,450.64736573166823,238.84310383778418,1413.896750466256,1272304.0755097177,6573.538026862609,1077.3533173171984,122454167.64273037
8131,8132.0,30.0,494.0,12751860.676281607,0.0,492.14058538319995,993.6537575888656,2728.728446983085,452.4349847420214,239.79054191327137,1419.5053679840937,1272304.0755097177,6573.538026862609,1077.3533173171984,122454167.64273037
8132,8133.0,30.0,494.0,12594441.226479204,17916.333501137793,492.14058538319995,993.8240931236925,2738.76308593802,454.0987713043989,240.67234879133142,1419.748704462418,1272304.0755097177,6573.538026862609,1077.3533173171984,122454167.64273037
8133,8134.0,30.0,494.0,12412778.530753387,48444.188593472354,492.14058538319995,993.8240931236925,2745.4973209167456,455.21533660543406,241.26412840088005,1419.748704462418,1272304.0755097177,6573.538026862609,1077.3533173171984,122454167.64273037
8134,8135.0,30.0,494.0,12277840.503952255,54665.51423645951,489.29934122218395,993.8240931236925,2732.518246215444,453.0633498546303,240.12357542295408,1419.748704462418,1272304.0755097177,6573.538026862609,1077.3533173171984,122454167.64273037
8135,8136.0,30.0,494.0,12151968.261198109,56170.74981415948,489.29934122218395,993.8240931236925,2729.9999728690586,452.64580923628563,239.9022788952314,1419.748704462418,1272304.0755097177,6573.538026862609,1077.3533173171984,122454167.64273037
8136,8137.0,30.0,494.0,12083095.527213497,28024.40582179837,489.29934122218395,993.8240931236925,2714.1667759886336,450.02059667732516,238.51091623898233,1419.748704462418,1272304.0755097177,6573.538026862609,1077.3533173171984,122454167.64273037
8137,8138.0,30.0,494.0,12070511.509779528,37204.3268901268,489.29934122218395,980.8725210223495,2698.531021391232,447.428120903297,237.13690407874742,1401.2464586033566,1272304.0755097177,6573.538026862609,1077.3533173171984,122454167.64273037
8138,8139.0,30.0,494.0,12081418.55919247,34164.01566464454,489.29934122218395,980.8725210223495,2692.005725044868,446.3461985316632,236.56348522178152,1401.2464586033566,1272304.0755097177,6573.538026862609,1077.3533173171984,122454167.64273037
8139,8140.0,30.0,494.0,12109863.335783876,22000.44488594588,489.29934122218395,980.8725210223495,2687.134134161961,445.5384676820749,236.13538787149972,1401.2464586033566,1272304.0755097177,6573.538026862609,1077.3533173171984,122454167.64273037
8140,8141.0,30.0,494.0,12152870.455821307,39427.89398841467,489.29934122218395,973.6457089465622,2683.089038760287,444.8677733598313,235.7799198807106,1390.9224413522318,1272304.0755097177,6573.538026862609,1077.3533173171984,122454167.64273037
8141,8142.0,30.0,494.0,12207493.300978161,50812.75421463046,489.29934122218395,973.6457089465622,2679.862448449337,444.33279072360835,235.49637908351244,1390.9224413522318,1272304.0755097177,6573.538026862609,1077.3533173171984,122454167.64273037
8142,8143.0,30.0,494.0,12273701.644382395,56170.74981415948,489.29934122218395,973.6457089465622,2676.6442544917254,443.79920023910313,235.21357612672466,1390.9224413522318,1272304.0755097177,6573.538026862609,1077.3533173171984,122454167.64273037
8143,8144.0,30.0,494.0,12351465.376994947,55517.54373898264,489.29934122218395,973.6457089465622,2673.4344241560875,443.26699647931366,234.93150813403625,1390.9224413522318,1272304.0755097177,6573.538026862609,1077.3533173171984,122454167.64273037
8144,8145.0,30.0,494.0,12437875.96299561,50366.1785251908,489.29934122218395,973.6457089465622,2671.032520437168,442.86875044877786,234.72043773785228,1390.9224413522318,1272304.0755097177,6573.538026862609,1077.3533173171984,122454167.64273037
8145,8146.0,30.0,494.0,12527165.092998613,43717.372747893445,489.29934122218395,973.6457089465622,2670.2329248809624,442.73617404540886,234.6501722440667,1390.9224413522318,1272304.0755097177,6573.538026862609,1077.3533173171984,122454167.64273037
8146,8147.0,30.0,494.0,12619330.899806637,35572.09773739241,489.29934122218395,973.6457089465622,2669.4338479906787,442.6036836390942,234.57995232871994,1390.9224413522318,1272304.0755097177,6573.538026862609,1077.3533173171984,122454167.64273037
8147,8148.0,30.0,494.0,12711496.706614662,27426.822726891376,489.29934122218395,973.6457089465622,2669.4338479906787,442.6036836390942,234.57995232871994,1390.9224413522318,1272304.0755097177,6573.538026862609,1077.3533173171984,122454167.64273037
8148,8149.0,30.0,494.0,12803662.513422687,19281.54771638848,489.29934122218395,973.6457089465622,2669.4338479906787,442.6036836390942,234.57995232871994,1390.9224413522318,1272304.0755097177,6573.538026862609,1077.3533173171984,122454167.64273037
8149,8150.0,30.0,494.0,12898703.131654583,9640.77385819424,489.2993412221841,973.6457089465622,2668.635289261825,442.47127914618693,234.50977794747908,1390.9224413522318,1272304.0755097177,6573.538026862609,1077.3533173171984,122454167.64273037
8150,8151.0,30.0,494.0,12993743.74988648,0.0,489.2993412221841,973.6457089465622,2668.635289261825,442.47127914618693,234.50977794747908,1390.9224413522318,1272304.0755097177,6573.538026862609,1077.3533173171984,122454167.64273037
8151,8152.0,30.0,494.0,12235625.049965765,0.0,535.5256400000001,1058.0694454050788,2905.6239887486618,481.76503106016145,255.33546646188557,1511.5277791501126,1272304.0755097177,6573.538026862609,1077.3533173171984,122454167.64273037
8152,8153.0,30.0,494.0,11401176.781055657,0.0,535.5256400000001,1065.7902946043241,2926.826646801271,485.280523517144,257.1986774640863,1522.5575637204631,1272304.0755097177,6573.538026862609,1077.3533173171984,122454167.64273037
8153,8154.0,30.0,494.0,10518410.569930205,0.0,535.5256400000001,1070.6777261777206,2940.248297416644,487.5058912696928,258.3781223729372,1529.539608825315,1272304.0755097177,6573.538026862609,1077.3533173171984,122454167.64273037
8154,8155.0,30.0,494.0,9580304.41142577,0.0,535.5256400000001,1076.275443996181,2955.620505021918,490.0546698119596,259.7289750003386,1537.536348565973,1272304.0755097177,6573.538026862609,1077.3533173171984,122454167.64273037
8155,8156.0,30.0,494.0,8602758.561126782,18723.583271387204,535.5256400000001,1076.6241306143143,2966.5759749648487,491.87113413692816,260.691701092572,1538.0344723061635,1272304.0755097177,6573.538026862609,1077.3533173171984,122454167.64273037
8156,8157.0,30.0,494.0,7625212.710827794,37447.16654277361,534.10292,1076.6241306143143,2966.575974964849,491.87113413692816,260.6917010925719,1538.0344723061633,1272304.0755097177,6573.538026862609,1077.3533173171984,122454167.64273037
8157,8158.0,30.0,494.0,6647666.860528808,56170.74981415948,532.85804,1076.6241306143143,2966.5759749648482,491.87113413692805,260.69170109257186,1538.0344723061633,1272304.0755097177,6573.538026862609,1077.3533173171984,122454167.64273037
8158,8159.0,30.0,494.0,6588293.828920627,0.0,483.45804,998.312374148815,2711.527969772958,449.5830711876612,238.27902772946044,1426.1605344983072,1272304.0755097177,6573.538026862609,1077.3533173171984,122454167.64273037
8159,8160.0,30.0,494.0,6847983.802094884,0.0,467.59901909991567,955.1165873882579,2622.899357333392,434.8880637159081,230.4906737694313,1364.4522676975114,1272304.0755097177,6573.538026862609,1077.3533173171984,122454167.64273037
8160,8161.0,30.0,494.0,7176640.233946616,36340.88026541844,467.59901909991567,941.0742454522942,2603.742007700757,431.7116922457746,228.80719689026054,1344.3917792175632,1272304.0755097177,6573.538026862609,1077.3533173171984,122454167.64273037
8161,8162.0,30.0,494.0,7559124.423112443,44680.15027960017,467.59901909991567,941.0742454522942,2588.7898528912892,429.2325602747787,227.4932569456327,1344.3917792175632,1272304.0755097177,6573.538026862609,1077.3533173171984,122454167.64273037
8162,8163.0,30.0,494.0,7955662.3943856675,45708.53556137532,467.59901909991567,941.0742454522942,2584.886024528123,428.5852886388351,227.1502029785826,1344.3917792175632,1272304.0755097177,6573.538026862609,1077.3533173171984,122454167.64273037
8163,8164.0,30.0,494.0,8355005.596849788,45277.61816379521,467.59901909991567,941.0742454522942,2584.106793641763,428.45608878585205,227.0817270565016,1344.3917792175632,1272304.0755097177,6573.538026862609,1077.3533173171984,122454167.64273037
8164,8165.0,30.0,494.0,8754348.799313908,52793.45211598184,467.59901909991567,939.5290438009507,2584.106793641763,428.45608878585205,227.0817270565016,1342.1843482870725,1272304.0755097177,6573.538026862609,1077.3533173171984,122454167.64273037
8165,8166.0,30.0,494.0,9162096.67744114,55937.109630773775,467.59901909991567,939.5290438009507,2581.7721615131213,428.0689966760937,226.8765682383297,1342.1843482870725,1272304.0755097177,6573.538026862609,1077.3533173171984,122454167.64273037
8166,8167.0,30.0,494.0,9575438.509104947,56170.74981415948,467.59901909991567,939.5290438009507,2580.2182855307396,427.8113573140102,226.7400193764254,1342.1843482870725,1272304.0755097177,6573.538026862609,1077.3533173171984,122454167.64273037
8167,8168.0,30.0,494.0,9994366.980221491,53498.17750838306,467.59901909991567,939.5290438009507,2578.666441238312,427.554054814913,226.60364905190391,1342.1843482870725,1272304.0755097177,6573.538026862609,1077.3533173171984,122454167.64273037
8168,8169.0,30.0,494.0,10413295.451338036,50825.60520260688,467.59901909991567,939.5290438009507,2578.666441238312,427.554054814913,226.60364905190391,1342.1843482870725,1272304.0755097177,6573.538026862609,1077.3533173171984,122454167.64273037
8169,8170.0,30.0,494.0,10835014.503880773,46701.3511368949,467.59901909991567,939.5290438009507,2577.8912797310363,427.4255296825919,226.53553073177372,1342.1843482870725,1272304.0755097177,6573.538026862609,1077.3533173171984,122454167.64273037
8170,8171.0,30.0,494.0,11259522.314701574,41126.36372683942,467.59901909991567,939.5290438009507,2577.116624653796,427.29708851856213,226.46745691483795,1342.1843482870725,1272304.0755097177,6573.538026862609,1077.3533173171984,122454167.64273037
8171,8172.0,30.0,494.0,11686817.062438382,34101.590458877385,467.59901909991567,939.5290438009507,2576.342475510461,427.1687312405633,226.39942755749857,1342.1843482870725,1272304.0755097177,6573.538026862609,1077.3533173171984,122454167.64273037
8172,8173.0,30.0,494.0,12116896.927512873,25627.977891542017,467.59901909991567,939.5290438009507,2575.568831805549,427.04045776644216,226.33144261621436,1342.1843482870725,1272304.0755097177,6573.538026862609,1077.3533173171984,122454167.64273037
8173,8174.0,30.0,494.0,12552541.57565109,14259.522695450112,467.5990190999158,939.5290438009507,2574.0230587322917,426.7841619017558,226.19560580793058,1342.1843482870725,1272304.0755097177,6573.538026862609,1077.3533173171984,122454167.64273037
8174,8175.0,30.0,494.0,12993743.74988648,0.0,467.5990190999158,939.5290438009507,2572.4793014830775,426.528200269419,226.05994614279209,1342.1843482870725,1272304.0755097177,6573.538026862609,1077.3533173171984,122454167.64273037
8175,8176.0,30.0,494.0,12535086.417223569,0.0,516.9990190999157,1027.7784836164885,2822.4402756214945,467.97281145652715,248.0255900719594,1468.2549765949836,1272304.0755097177,6573.538026862609,1077.3533173171984,122454167.64273037
8176,8177.0,30.0,494.0,11664758.474904038,0.0,538.0154,1069.4195768258812,2936.793222748333,486.9330249382819,258.0745032172894,1527.742252608402,1272304.0755097177,6573.538026862609,1077.3533173171984,122454167.64273037
8177,8178.0,30.0,494.0,10745983.374009956,0.0,538.0154,1074.3200788258073,2950.2507667968193,489.1643439773653,259.25710230800365,1534.7429697511534,1272304.0755097177,6573.538026862609,1077.3533173171984,122454167.64273037
8178,8179.0,30.0,494.0,9791375.725823993,5093.216574344557,538.0154,1076.9542465033921,2960.204252155675,490.8146749223309,260.1317777088354,1538.5060664334173,1272304.0755097177,6573.538026862609,1077.3533173171984,122454167.64273037
8179,8180.0,30.0,494.0,8813829.875525007,22119.06098761808,538.0154,1076.9542465033921,2966.5759749648482,491.87113413692805,260.6917010925719,1538.5060664334173,1272304.0755097177,6573.538026862609,1077.3533173171984,122454167.64273037
8180,8181.0,30.0,494.0,7836284.025226019,39144.90540088731,536.77052,1076.9542465033921,2966.5759749648487,491.8711341369281,260.6917010925719,1538.5060664334173,1272304.0755097177,6573.538026862609,1077.3533173171984,122454167.64273037
8181,8182.0,30.0,494.0,6858738.1749270335,56170.74981415948,535.8813200000001,1076.9542465033921,2966.5759749648482,491.8711341369281,260.6917010925719,1538.5060664334173,1272304.0755097177,6573.538026862609,1077.3533173171984,122454167.64273037
8182,8183.0,30.0,494.0,6797177.929734373,0.0,486.4813200000001,998.5336140493657,2712.13552910198,449.6838071535502,238.33241779138163,1426.476591499094,1272304.0755097177,6573.538026862609,1077.3533173171984,122454167.64273037
8183,8184.0,30.0,494.0,7040508.167373229,0.0,470.50624500757726,956.7713989204168,2627.4437283154475,435.64154008993194,230.89001624766394,1366.816284172024,1272304.0755097177,6573.538026862609,1077.3533173171984,122454167.64273037
8184,8185.0,30.0,494.0,7318375.075154133,0.0,470.50624500757726,953.2779634727739,2617.850208831545,434.0508930447411,230.04697331371278,1361.8256621039627,1272304.0755097177,6573.538026862609,1077.3533173171984,122454167.64273037
8185,8186.0,30.0,494.0,7633349.15130404,20847.454219129868,470.50624500757726,945.4708466603652,2607.542662062378,432.34185718578937,229.14118430846838,1350.672638086236,1272304.0755097177,6573.538026862609,1077.3533173171984,122454167.64273037
8186,8187.0,30.0,494.0,7965342.828588428,32841.18200826148,470.50624500757726,945.4708466603652,2602.8149950805773,431.5579895418173,228.72573445716316,1350.672638086236,1272304.0755097177,6573.538026862609,1077.3533173171984,122454167.64273037
8187,8188.0,30.0,494.0,8311468.393183822,37483.39414185099,470.50624500757726,945.4708466603652,2598.88947082752,430.9071206334435,228.38077393572507,1350.672638086236,1272304.0755097177,6573.538026862609,1077.3533173171984,122454167.64273037
8188,8189.0,30.0,494.0,8666050.888237216,49073.86030053347,470.50624500757726,943.2643661981499,2596.540323478076,430.51762183726333,228.1743395737496,1347.5205231402142,1272304.0755097177,6573.538026862609,1077.3533173171984,122454167.64273037
8189,8190.0,30.0,494.0,9031883.489919359,54811.93511279207,470.50624500757726,943.2643661981499,2593.4152938589873,429.9994784032422,227.8997235537184,1347.5205231402142,1272304.0755097177,6573.538026862609,1077.3533173171984,122454167.64273037
8190,8191.0,30.0,494.0,9406134.384276407,56170.74981415948,470.50624500757726,943.2643661981499,2591.0768792270615,429.6117591380711,227.69423234317767,1347.5205231402142,1272304.0755097177,6573.538026862609,1077.3533173171984,122454167.64273037
8191,8192.0,30.0,494.0,9785988.316298429,54614.82155118324,470.50624500757726,943.2643661981499,2589.5204798756795,429.3537013904878,227.55746173695854,1347.5205231402142,1272304.0755097177,6573.538026862609,1077.3533173171984,122454167.64273037
8192,8193.0,30.0,494.0,10168641.025294906,51602.948141515255,470.50624500757726,943.2643661981499,2588.74304182722,429.22479879778695,227.4891433628271,1347.5205231402142,1272304.0755097177,6573.538026862609,1077.3533173171984,122454167.64273037
8193,8194.0,30.0,494.0,10551293.734291382,48591.07473184541,470.50624500757726,943.2643661981499,2588.74304182722,429.22479879778695,227.4891433628271,1347.5205231402142,1272304.0755097177,6573.538026862609,1077.3533173171984,122454167.64273037
8194,8195.0,30.0,494.0,10933946.443287859,45579.201322170906,470.50624500757726,943.2643661981499,2588.74304182722,429.22479879778695,227.4891433628271,1347.5205231402142,1272304.0755097177,6573.538026862609,1077.3533173171984,122454167.64273037
8195,8196.0,30.0,494.0,11322191.231456239,39658.28563990444,470.50624500757726,943.2643661981499,2587.1896865016906,428.96724576286266,227.3526402543172,1347.5205231402142,1272304.0755097177,6573.538026862609,1077.3533173171984,122454167.64273037
8196,8197.0,30.0,494.0,11718810.478187267,29380.912686566822,470.50624500757726,943.2643661981499,2584.863448012067,428.58154535477587,227.14821903803121,1347.5205231402142,1272304.0755097177,6573.538026862609,1077.3533173171984,122454167.64273037
8197,8198.0,30.0,494.0,12115429.724918295,19103.539733229205,470.50624500757726,943.2643661981499,2584.863448012067,428.58154535477587,227.14821903803121,1347.5205231402142,1272304.0755097177,6573.538026862609,1077.3533173171984,122454167.64273037
8198,8199.0,30.0,494.0,12512048.97164932,8826.166779891588,470.50624500757726,943.2643661981499,2584.863448012067,428.58154535477587,227.14821903803121,1347.5205231402142,1272304.0755097177,6573.538026862609,1077.3533173171984,122454167.64273037
8199,8200.0,30.0,494.0,12905878.551178496,0.0,470.50624500757726,943.2643661981499,2585.638355568137,428.71002838088816,227.21631504187073,1347.5205231402142,1272304.0755097177,6573.538026862609,1077.3533173171984,122454167.64273037
8200,8201.0,30.0,494.0,12970263.12374726,0.0,486.852621936597,974.8720185512814,2677.1508575015846,443.8831972103992,235.2580945215116,1392.6743122161163,1272304.0755097177,6573.538026862609,1077.3533173171984,122454167.64273037
8201,8202.0,30.0,494.0,12993743.74988648,0.0,486.85262193659696,979.0095134463511,2688.513064843124,445.7671003561625,236.2565631887661,1398.5850192090732,1272304.0755097177,6573.538026862609,1077.3533173171984,122454167.64273037
8202,8203.0,30.0,494.0,12970013.900230134,1886.3715677931905,486.8526219365951,983.4181286760603,2701.62708589745,447.9414617962611,237.4089747520184,1404.8830409658005,1272304.0755097177,6573.538026862609,1077.3533173171984,122454167.64273037
8203,8204.0,30.0,494.0,12922491.238634376,16149.945529896766,486.8526219365951,983.4181286760603,2708.236200325063,449.0372815684782,237.98975923129345,1404.8830409658005,1272304.0755097177,6573.538026862609,1077.3533173171984,122454167.64273037
8204,8205.0,30.0,494.0,12874968.577038618,30413.51949200034,486.8526219365951,983.4181286760603,2708.236200325063,449.0372815684782,237.98975923129345,1404.8830409658005,1272304.0755097177,6573.538026862609,1077.3533173171984,122454167.64273037
8205,8206.0,30.0,494.0,12830426.907632528,43126.358561507426,486.8526219365951,983.4181286760603,2707.4081469390435,448.89998673377835,237.91699296890255,1404.8830409658005,1272304.0755097177,6573.538026862609,1077.3533173171984,122454167.64273037
8206,8207.0,30.0,494.0,12791841.30652579,52740.80543579627,486.8526219365951,983.4181286760603,2705.7536835225574,448.62566953984077,237.77160485611563,1404.8830409658005,1272304.0755097177,6573.538026862609,1077.3533173171984,122454167.64273037
8207,8208.0,30.0,494.0,12765144.232417038,56170.74981415948,486.8526219365951,983.4181286760603,2702.451314912005,448.0781225336226,237.48140494282,1404.8830409658005,1272304.0755097177,6573.538026862609,1077.3533173171984,122454167.64273037
8208,8209.0,30.0,494.0,12768031.47863824,56170.74981415948,486.8526219365951,981.0925643918094,2694.2334481536845,446.71556466329906,236.75924927154853,1401.5608062740137,1272304.0755097177,6573.538026862609,1077.3533173171984,122454167.64273037
8209,8210.0,30.0,494.0,12803237.285777435,50105.71952999756,486.852621936595,979.0028054286616,2685.2560701209086,445.2270765369804,235.9703505645996,1398.5754363266597,1272304.0755097177,6573.538026862609,1077.3533173171984,122454167.64273037
8210,8211.0,30.0,494.0,12844294.15150196,40996.92390544992,486.852621936595,979.0028054286616,2683.6307760694312,444.957595749988,235.82752574749367,1398.5754363266597,1272304.0755097177,6573.538026862609,1077.3533173171984,122454167.64273037
8211,8212.0,30.0,494.0,12888273.670154367,30367.74191761948,486.852621936595,979.0028054286616,2682.8189280339056,444.8229878325267,235.75618355123916,1398.5754363266597,1272304.0755097177,6573.538026862609,1077.3533173171984,122454167.64273037
8212,8213.0,30.0,494.0,12938092.751353629,16700.774916369468,486.85262193659497,979.0028054286616,2681.196827326446,444.55403651579127,235.6136393533694,1398.5754363266597,1272304.0755097177,6573.538026862609,1077.3533173171984,122454167.64273037
8213,8214.0,30.0,494.0,12993743.74988648,0.0,486.85262193659497,979.0028054286616,2679.5768502893384,444.2854373127901,235.47128177577878,1398.5754363266597,1272304.0755097177,6573.538026862609,1077.3533173171984,122454167.64273037
8214,8215.0,30.0,494.0,12177880.753972145,5665.145463547669,534.5093473668923,1062.8088105923266,2921.66407096911,484.42454610376825,256.7450094349972,1518.298300846181,1272304.0755097177,6573.538026862609,1077.3533173171984,122454167.64273037
8215,8216.0,30.0,494.0,11362017.758057816,11330.290927095339,534.5093473668923,1062.8088105923266,2921.66407096911,484.42454610376825,256.7450094349972,1518.298300846181,1272304.0755097177,6573.538026862609,1077.3533173171984,122454167.64273037
8216,8217.0,30.0,494.0,10542954.416102987,18660.280830888078,534.5093473668923,1062.8088105923266,2922.55305598036,484.5719436656054,256.8231301427709,1518.298300846181,1272304.0755097177,6573.538026862609,1077.3533173171984,122454167.64273037
8217,8218.0,30.0,494.0,9720688.63177299,27656.205704223365,534.5093473668923,1062.8088105923266,2923.442623306796,484.71943777782013,256.9013020222447,1518.298300846181,1272304.0755097177,6573.538026862609,1077.3533173171984,122454167.64273037
8218,8219.0,30.0,494.0,8901625.28981816,34986.1956080161,534.5093473668923,1062.8088105923266,2922.55305598036,484.5719436656054,256.8231301427709,1518.298300846181,1272304.0755097177,6573.538026862609,1077.3533173171984,122454167.64273037
8219,8220.0,30.0,494.0,8085762.293903906,40651.34107156377,534.5093473668923,1062.8088105923266,2921.66407096911,484.42454610376825,256.7450094349972,1518.298300846181,1272304.0755097177,6573.538026862609,1077.3533173171984,122454167.64273037
8220,8221.0,30.0,494.0,7273097.549753131,44652.73155372031,534.5093473668923,1062.8088105923266,2920.7756677014563,484.27724499753685,256.66693984869454,1518.298300846181,1272304.0755097177,6573.538026862609,1077.3533173171984,122454167.64273037
8221,8222.0,30.0,494.0,6466823.034516111,45329.876174841076,534.5093473668923,1062.8088105923266,2919.000604114302,483.98293177342026,256.51095383991276,1518.298300846181,1272304.0755097177,6573.538026862609,1077.3533173171984,122454167.64273037
8222,8223.0,30.0,494.0,5670118.20686141,41028.79626504611,534.5093473668923,1062.8088105923266,2916.342357563658,483.5421829920929,256.27735698580926,1518.298300846181,1272304.0755097177,6573.538026862609,1077.3533173171984,122454167.64273037
8223,8224.0,30.0,494.0,4889321.2458963,28452.32266995497,534.5093473668923,1062.8088105923266,2911.9235057054384,482.80951823196943,255.8890446629438,1518.298300846181,1272304.0755097177,6573.538026862609,1077.3533173171984,122454167.64273037
8224,8225.0,30.0,494.0,4118044.1268577706,10923.554634543136,534.5093473668923,1062.8088105923266,2909.279105170277,482.371065179926,255.6566645453608,1518.298300846181,1272304.0755097177,6573.538026862609,1077.3533173171984,122454167.64273037
8225,8226.0,30.0,494.0,3334069.744313333,0.0,534.5093473668923,1062.8088105923266,2912.8061228108068,482.95585996745507,255.9666057827512,1518.298300846181,1272304.0755097177,6573.538026862609,1077.3533173171984,122454167.64273037
8226,8227.0,30.0,494.0,2524601.1597042195,1532.2913413373753,534.5093473668923,1062.965616921345,2919.8878456065536,484.1300402522626,256.5889213336992,1518.5223098876356,1272304.0755097177,6573.538026862609,1077.3533173171984,122454167.64273037
8227,8228.0,30.0,494.0,1695924.1933754254,13056.929481234401,534.5093473668923,1062.965616921345,2925.2235071953505,485.0147160330955,257.05779949754066,1518.5223098876356,1272304.0755097177,6573.538026862609,1077.3533173171984,122454167.64273037
8228,8229.0,30.0,494.0,851182.4416312919,32938.59162540734,534.5093473668924,1062.965616921345,2929.6859475885,485.75460796093427,257.44994221929517,1518.5223098876356,1272304.0755097177,6573.538026862609,1077.3533173171984,122454167.64273037
8229,8230.0,30.0,494.0,0.0,56170.74981415948,534.5093473668924,1062.965616921345,2931.475028112711,486.05124525387146,257.6071599845519,1518.5223098876356,1272304.0755097177,6573.538026862609,1077.3533173171984,122454167.64273037
8230,8231.0,30.0,494.0,52550.04821099896,0.0,485.1093473668924,986.9911884976938,2680.438225378741,444.4282570301064,235.5469762259564,1409.9874121395626,1272304.0755097177,6573.538026862609,1077.3533173171984,122454167.64273037
8231,8232.0,30.0,494.0,764973.7129303552,0.0,449.4625959672598,909.3219024959186,2497.1399985708636,414.03661782513143,219.43940744731967,1299.0312892798838,1272304.0755097177,6573.538026862609,1077.3533173171984,122454167.64273037
8232,8233.0,30.0,494.0,1504388.2430696562,0.0,449.4625959672598,906.5917363961539,2489.642535954213,412.79350607895583,218.7805582218466,1295.1310519945057,1272304.0755097177,6573.538026862609,1077.3533173171984,122454167.64273037
8233,8234.0,30.0,494.0,2273289.3877577856,13010.96444018837,449.46259596726,901.0792118153036,2481.4518096906495,411.43544822011006,218.06078755665834,1287.256016879005,1272304.0755097177,6573.538026862609,1077.3533173171984,122454167.64273037
8234,8235.0,30.0,494.0,3047529.020187393,23244.8068056833,449.46259596726,901.0792118153036,2479.9688964291236,411.18957478422675,217.9304746356402,1287.256016879005,1272304.0755097177,6573.538026862609,1077.3533173171984,122454167.64273037
8235,8236.0,30.0,494.0,3827100.1853034627,30705.145169206895,449.46259596726,901.0792118153036,2478.487915127333,410.9440216756279,217.80033148808278,1287.256016879005,1272304.0755097177,6573.538026862609,1077.3533173171984,122454167.64273037
8236,8237.0,30.0,494.0,4611995.941633789,35395.59053758159,449.46259596726,901.0792118153036,2477.0088620122615,410.69878826873105,217.67035778242746,1287.256016879005,1272304.0755097177,6573.538026862609,1077.3533173171984,122454167.64273037
8237,8238.0,30.0,494.0,5410172.895877855,48742.74939212948,449.46259596726,898.0525490885153,2473.319640369556,410.0870993557237,217.34616265853356,1282.9322129835934,1272304.0755097177,6573.538026862609,1077.3533173171984,122454167.64273037
8238,8239.0,30.0,494.0,6221587.959129104,55203.34288747795,449.46259596726,898.0525490885153,2469.6423878675605,409.477394978041,217.02301933836173,1282.9322129835934,1272304.0755097177,6573.538026862609,1077.3533173171984,122454167.64273037
8239,8240.0,30.0,494.0,7043562.626304779,56170.74981415948,449.46259596726,898.0525490885153,2466.7091645552205,408.9910538596967,216.76525854563926,1282.9322129835934,1272304.0755097177,6573.538026862609,1077.3533173171984,122454167.64273037
8240,8241.0,30.0,494.0,7873439.051154822,53027.60208023712,449.46259596726,898.0525490885153,2464.5142318678973,408.6271245218409,216.57237599657572,1282.9322129835934,1272304.0755097177,6573.538026862609,1077.3533173171984,122454167.64273037
8241,8242.0,30.0,494.0,8708574.793967392,47148.51699497271,449.46259596726,898.0525490885153,2463.053310211638,408.3848973892768,216.4439956163167,1282.9322129835934,1272304.0755097177,6573.538026862609,1077.3533173171984,122454167.64273037
8242,8243.0,30.0,494.0,9543710.536779962,41269.43190971576,449.46259596726,898.0525490885153,2463.053310211638,408.3848973892768,216.4439956163167,1282.9322129835934,1272304.0755097177,6573.538026862609,1077.3533173171984,122454167.64273037
8243,8244.0,30.0,494.0,10386722.508849295,31293.07224156335,449.46259596726,898.0525490885153,2460.8654687514263,408.0221438075625,216.25173621800812,1282.9322129835934,1272304.0755097177,6573.538026862609,1077.3533173171984,122454167.64273037
8244,8245.0,30.0,494.0,11232356.497877162,19952.719336304814,449.46259596726,898.0525490885153,2460.137130707389,407.901382208069,216.18773257027658,1282.9322129835934,1272304.0755097177,6573.538026862609,1077.3533173171984,122454167.64273037
8245,8246.0,30.0,494.0,12075368.469946494,9976.359668152407,449.46259596726,898.0525490885153,2460.8654687514263,408.0221438075625,216.25173621800812,1282.9322129835934,1272304.0755097177,6573.538026862609,1077.3533173171984,122454167.64273037
8246,8247.0,30.0,494.0,12918380.442015827,0.0,449.46259596726,898.0525490885153,2460.8654687514263,408.0221438075625,216.25173621800812,1282.9322129835934,1272304.0755097177,6573.538026862609,1077.3533173171984,122454167.64273037
8247,8248.0,30.0,494.0,12993743.74988648,0.0,491.81651999999997,973.76150317976,2674.1012088066154,443.3775522597987,234.99010269769332,1391.0878616853715,1272304.0755097177,6573.538026862609,1077.3533173171984,122454167.64273037
8248,8249.0,30.0,494.0,12138739.363168573,0.0,541.21652,1067.8695764320255,2932.5366795256596,486.2272716523024,257.7004539757203,1525.527966331465,1272304.0755097177,6573.538026862609,1077.3533173171984,122454167.64273037
8249,8250.0,30.0,494.0,11242154.47343709,0.0,541.21652,1072.0755060297834,2944.086819251653,488.14233480066224,258.715437444351,1531.536437185405,1272304.0755097177,6573.538026862609,1077.3533173171984,122454167.64273037
8250,8251.0,30.0,494.0,10293907.351607293,0.0,541.21652,1077.3012174887717,2958.4374392789623,490.52172970170943,259.97651674190604,1539.0017392696739,1272304.0755097177,6573.538026862609,1077.3533173171984,122454167.64273037
8251,8252.0,30.0,494.0,9316361.501308305,14973.480227983082,541.21652,1077.3533173171984,2966.5759749648487,491.87113413692816,260.6917010925719,1539.0761675959977,1272304.0755097177,6573.538026862609,1077.3533173171984,122454167.64273037
8252,8253.0,30.0,494.0,8338815.6510093175,29946.96045596525,539.97164,1077.3533173171984,2966.575974964849,491.87113413692816,260.6917010925719,1539.0761675959977,1272304.0755097177,6573.538026862609,1077.3533173171984,122454167.64273037
8253,8254.0,30.0,494.0,7361269.80071033,44920.44068394974,539.43812,1077.3533173171984,2966.5759749648487,491.8711341369281,260.6917010925719,1539.0761675959977,1272304.0755097177,6573.538026862609,1077.3533173171984,122454167.64273037
8254,8255.0,30.0,494.0,6395156.716978945,53946.50847096089,538.6398119103674,1077.3533173171984,2963.4002064738484,491.34457797837797,260.41262632854034,1539.0761675959977,1272304.0755097177,6573.538026862609,1077.3533173171984,122454167.64273037
8255,8256.0,30.0,494.0,5442118.84784504,56170.74981415948,538.6398119103674,1077.3533173171984,2959.768202418991,490.74237598903784,260.0934592741901,1539.0761675959977,1272304.0755097177,6573.538026862609,1077.3533173171984,122454167.64273037
8256,8257.0,30.0,494.0,4544268.440705856,29686.05215189047,538.6398119103674,1077.3533173171984,2944.438351864903,488.2006204291525,258.74632882745084,1539.0761675959977,1272304.0755097177,6573.538026862609,1077.3533173171984,122454167.64273037
8257,8258.0,30.0,494.0,3745243.809827363,0.0,535.5096738860142,1067.9794289565486,2916.9867473480444,483.6490256068606,256.33398357163617,1525.6848985093552,1272304.0755097177,6573.538026862609,1077.3533173171984,122454167.64273037
8258,8259.0,30.0,494.0,2965275.868740851,0.0,535.5096738860142,1060.2795285798245,2911.6932224058273,482.7713362643716,255.86880822011696,1514.6850408283208,1272304.0755097177,6573.538026862609,1077.3533173171984,122454167.64273037
8259,8260.0,30.0,494.0,2201131.735969899,0.0,535.5096738860144,1058.678926881429,2907.2977200959494,482.0425429604055,255.48254776901493,1512.3984669734702,1272304.0755097177,6573.538026862609,1077.3533173171984,122454167.64273037
8260,8261.0,30.0,494.0,1452760.0734799262,7626.8077261038125,535.5096738860144,1055.6005277102463,2902.9164783512333,481.3161141198541,255.0975404835227,1508.0007538717805,1272304.0755097177,6573.538026862609,1077.3533173171984,122454167.64273037
8261,8262.0,30.0,494.0,720109.7926698567,7075.232692493126,535.5096738860144,1055.6005277102463,2898.5494278845936,480.59203825461867,254.7137802749479,1508.0007538717805,1272304.0755097177,6573.538026862609,1077.3533173171984,122454167.64273037
8262,8263.0,30.0,494.0,0.0,0.0,535.5096738860144,1055.6005277102463,2895.0659589567567,480.01446403210576,254.40766593701608,1508.0007538717805,1272304.0755097177,6573.538026862609,1077.3533173171984,122454167.64273037
8263,8264.0,30.0,494.0,0.0,0.0,496.1491879032,981.3846136326232,2695.0354609929077,446.8485418626529,236.82972718720603,1401.978019475176,1272304.0755097177,6573.538026862609,1077.3533173171984,122454167.64273037
8264,8265.0,30.0,494.0,899821.0418896135,0.0,446.7491879032,890.3663796412479,2445.0851715791264,405.4057022491261,214.86502219203683,1271.9519709160686,1272304.0755097177,6573.538026862609,1077.3533173171984,122454167.64273037
8265,8266.0,30.0,494.0,2693099.1360295843,56170.74981415948,397.3491879032,789.0697824063102,2196.902657065138,364.2559673638105,193.05566270281957,1127.242546294729,1272304.0755097177,6573.538026862609,1077.3533173171984,122454167.64273037
8266,8267.0,30.0,494.0,4853331.078480822,43268.466518399306,377.1224375449597,765.3827235292333,2094.9710325342307,347.35526292018636,184.0982893476988,1093.4038907560478,1272304.0755097177,6573.538026862609,1077.3533173171984,122454167.64273037
8267,8268.0,30.0,494.0,7013563.020932084,30366.183222638443,377.1224375449597,765.3827235292333,2094.9710325342303,347.35526292018636,184.0982893476988,1093.4038907560478,1272304.0755097177,6573.538026862609,1077.3533173171984,122454167.64273037
8268,8269.0,30.0,494.0,9178179.382543089,15183.091611319222,377.12243754495955,765.3827235292333,2093.753138323184,347.1533307897095,183.99126531854606,1093.4038907560478,1272304.0755097177,6573.538026862609,1077.3533173171984,122454167.64273037
8269,8270.0,30.0,494.0,11342795.744154094,0.0,377.12243754495955,765.3827235292333,2093.753138323184,347.1533307897095,183.99126531854606,1093.4038907560478,1272304.0755097177,6573.538026862609,1077.3533173171984,122454167.64273037
8270,8271.0,30.0,494.0,12617417.959349424,0.0,426.52243754495953,852.454684644048,2340.97373454976,388.14357546039065,205.71609499400705,1217.7924066343544,1272304.0755097177,6573.538026862609,1077.3533173171984,122454167.64273037
8271,8272.0,30.0,494.0,12993743.74988648,0.0,475.9224375449595,943.318701339484,2590.5005191770583,429.5161961476543,227.64358395825678,1347.5981447706915,1272304.0755097177,6573.538026862609,1077.3533173171984,122454167.64273037
8272,8273.0,30.0,494.0,12411464.519748624,0.0,525.3224375449595,1040.2830220380436,2856.779691586756,473.6664352231099,251.04321066824826,1486.1186029114908,1272304.0755097177,6573.538026862609,1077.3533173171984,122454167.64273037
8273,8274.0,30.0,494.0,11534572.698406093,0.0,538.72676,1070.0835229318225,2938.6165224769443,487.235335923388,258.23472803939563,1528.6907470454607,1272304.0755097177,6573.538026862609,1077.3533173171984,122454167.64273037
8274,8275.0,30.0,494.0,10586460.581414089,8.6373461995858,538.72676,1077.2858820650576,2958.3999379351308,490.51551181661983,259.97322126280847,1538.9798315215107,1272304.0755097177,6573.538026862609,1077.3533173171984,122454167.64273037
8275,8276.0,30.0,494.0,9608914.7311151,15328.927442335043,538.72676,1077.2858820650576,2966.5759749648487,491.8711341369281,260.6917010925719,1538.979831521511,1272304.0755097177,6573.538026862609,1077.3533173171984,122454167.64273037
8276,8277.0,30.0,494.0,8631368.880816113,30649.217538469333,538.1932400000001,1077.2858820650576,2966.575974964849,491.8711341369281,260.6917010925719,1538.979831521511,1272304.0755097177,6573.538026862609,1077.3533173171984,122454167.64273037
8277,8278.0,30.0,494.0,7653823.0305171255,45969.50763460129,538.1932400000001,1077.2858820650576,2966.575974964849,491.8711341369281,260.6917010925719,1538.979831521511,1272304.0755097177,6573.538026862609,1077.3533173171984,122454167.64273037
8278,8279.0,30.0,494.0,6686117.573911939,56170.74981415948,538.1932400000001,1077.2858820650576,2963.8425322721264,491.4179175098422,260.45149628021636,1538.979831521511,1272304.0755097177,6573.538026862609,1077.3533173171984,122454167.64273037
8279,8280.0,30.0,494.0,5741297.413995417,54466.88596040197,538.1932400000001,1077.2858820650576,2957.4855054141635,490.36389494755065,259.8928643222019,1538.979831521511,1272304.0755097177,6573.538026862609,1077.3533173171984,122454167.64273037
8280,8281.0,30.0,494.0,4861286.173141817,19048.927688498574,538.1932400000001,1077.2858820650576,2939.4830278966856,487.3790062716753,258.31087332398795,1538.979831521511,1272304.0755097177,6573.538026862609,1077.3533173171984,122454167.64273037
8281,8282.0,30.0,494.0,4045239.2933886694,14906.113805826753,537.1436455366842,1064.7345139217705,2921.7151498132243,484.43301519715976,256.74949805449467,1521.0493056025293,1272304.0755097177,6573.538026862609,1077.3533173171984,122454167.64273037
8282,8283.0,30.0,494.0,3235555.7247574804,7453.056902912445,537.1436455366842,1064.7345139217705,2919.9475633904603,484.13994171925555,256.5941691112055,1521.0493056025293,1272304.0755097177,6573.538026862609,1077.3533173171984,122454167.64273037
8283,8284.0,30.0,494.0,2425872.156126286,0.0,537.1436455366844,1064.7345139217705,2919.9475633904613,484.1399417192557,256.59416911120553,1521.0493056025293,1272304.0755097177,6573.538026862609,1077.3533173171984,122454167.64273037
8284,8285.0,30.0,494.0,1616188.5874950916,551.1686175139621,537.1436455366844,1063.1781367372432,2919.9475633904613,484.1399417192557,256.59416911120553,1518.8259096246334,1272304.0755097177,6573.538026862609,1077.3533173171984,122454167.64273037
8285,8286.0,30.0,494.0,806505.0188638967,1102.3372350269929,537.1436455366845,1063.1781367372432,2919.947563390462,484.13994171925583,256.5941691112056,1518.8259096246334,1272304.0755097177,6573.538026862609,1077.3533173171984,122454167.64273037
8286,8287.0,30.0,494.0,0.0,0.0,537.1436455366845,1063.1781367372432,2919.0646328995454,483.9935480230903,256.51658045223786,1518.8259096246334,1272304.0755097177,6573.538026862609,1077.3533173171984,122454167.64273037
8287,8288.0,30.0,494.0,0.0,0.0,493.2629940887999,981.3846136326232,2695.0354609929077,446.8485418626529,236.82972718720603,1401.978019475176,1272304.0755097177,6573.538026862609,1077.3533173171984,122454167.64273037
8288,8289.0,30.0,494.0,905080.9696788192,0.0,443.86299408879995,889.8343301380597,2443.6240805265693,405.1634470299226,214.736626925859,1271.1919001972283,1272304.0755097177,6573.538026862609,1077.3533173171984,122454167.64273037
8289,8290.0,30.0,494.0,2711160.444687995,56170.74981415948,394.4629940888,787.7749037303024,2193.3467179348036,363.6663772681177,192.7431799521024,1125.3927196147179,1272304.0755097177,6573.538026862609,1077.3533173171984,122454167.64273037
8290,8291.0,30.0,494.0,4864543.91602124,45281.47619266203,375.55347039884424,765.6840380002297,2096.873385622562,347.67068129442765,184.26546108604666,1093.8343400003282,1272304.0755097177,6573.538026862609,1077.3533173171984,122454167.64273037
8291,8292.0,30.0,494.0,7022338.983207836,32097.256732148584,375.55347039884424,765.6840380002297,2095.6479423299643,347.46749749356184,184.1577736715878,1093.8343400003282,1272304.0755097177,6573.538026862609,1077.3533173171984,122454167.64273037
8292,8293.0,30.0,494.0,9184539.930408562,16621.064855813514,375.55347039884424,765.6840380002297,2094.424086770484,347.2645769457176,184.05022578123032,1093.8343400003282,1272304.0755097177,6573.538026862609,1077.3533173171984,122454167.64273037
8293,8294.0,30.0,494.0,11348941.677646924,0.0,375.55347039884424,765.6840380002297,2093.8127534266955,347.16321523184865,183.9965040728798,1093.8343400003282,1272304.0755097177,6573.538026862609,1077.3533173171984,122454167.64273037
8294,8295.0,30.0,494.0,12619602.878457721,0.0,424.95347039884393,852.8553471283765,2342.0740163232413,388.326006939766,205.812783678076,1218.3647816119665,1272304.0755097177,6573.538026862609,1077.3533173171984,122454167.64273037
8295,8296.0,30.0,494.0,12993743.74988648,0.0,474.353470398844,943.5397091503636,2591.1074411515865,429.6168264374102,227.69691801182742,1347.9138702148052,1272304.0755097177,6573.538026862609,1077.3533173171984,122454167.64273037
8296,8297.0,30.0,494.0,12993743.74988648,0.0,493.1026499879998,981.3846136326232,2695.0354609929077,446.84854186265284,236.829727187206,1401.978019475176,1272304.0755097177,6573.538026862609,1077.3533173171984,122454167.64273037
8297,8298.0,30.0,494.0,12949831.643956937,0.0,493.1026499879998,985.8263883261287,2707.233268195558,448.8709910813425,237.90162527311153,1408.3234118944697,1272304.0755097177,6573.538026862609,1077.3533173171984,122454167.64273037
8298,8299.0,30.0,494.0,12861574.839975225,2022.1082700202242,493.1026499879998,989.918732635764,2719.5512398767164,450.9133640905656,238.9840829679998,1414.1696180510914,1272304.0755097177,6573.538026862609,1077.3533173171984,122454167.64273037
8299,8300.0,30.0,494.0,12752473.998075552,14887.444178804755,493.1026499879998,989.918732635764,2725.341250409483,451.8733728924472,239.49288763299703,1414.1696180510914,1272304.0755097177,6573.538026862609,1077.3533173171984,122454167.64273037
8300,8301.0,30.0,494.0,12631419.097513115,33971.37265577074,493.1026499879998,989.918732635764,2728.6618222602515,452.4239380746654,239.78468717957267,1414.1696180510914,1272304.0755097177,6573.538026862609,1077.3533173171984,122454167.64273037
8301,8302.0,30.0,494.0,12504375.340808352,56170.74981415948,493.1026499879998,989.918732635764,2730.325393410897,452.69976537033926,239.93087564627982,1414.1696180510914,1272304.0755097177,6573.538026862609,1077.3533173171984,122454167.64273037
8302,8303.0,30.0,494.0,12509173.014528576,20677.945876935497,486.2679953950723,987.8007003579852,2693.7027738484007,446.62757656705605,236.71261558053973,1411.1438576542646,1272304.0755097177,6573.538026862609,1077.3533173171984,122454167.64273037
8303,8304.0,30.0,494.0,12528701.301535483,49085.756847165525,486.2679953950723,973.8855573940516,2689.610936824322,445.94913228154917,236.35304010922107,1391.2650819915025,1272304.0755097177,6573.538026862609,1077.3533173171984,122454167.64273037
8304,8305.0,30.0,494.0,12589218.641044479,56170.74981415948,486.2679953950723,973.8855573940516,2678.22508890708,444.0613094260328,235.35249399579737,1391.2650819915025,1272304.0755097177,6573.538026862609,1077.3533173171984,122454167.64273037
8305,8306.0,30.0,494.0,12687462.096492074,43630.32928599231,486.2679953950723,973.8855573940516,2667.7456122574645,442.3237668488976,234.43159642991574,1391.2650819915025,1272304.0755097177,6573.538026862609,1077.3533173171984,122454167.64273037
8306,8307.0,30.0,494.0,12791481.195465488,28085.374907074496,486.2679953950723,973.8855573940516,2666.1412668336257,442.0577594350203,234.29061250056077,1391.2650819915025,1272304.0755097177,6573.538026862609,1077.3533173171984,122454167.64273037
8307,8308.0,30.0,494.0,12895500.294438895,12540.42052816227,486.2679953950729,973.8855573940516,2666.1412668336284,442.05775943502067,234.29061250056097,1391.2650819915025,1272304.0755097177,6573.538026862609,1077.3533173171984,122454167.64273037
8308,8309.0,30.0,494.0,12993743.74988648,0.0,486.2679953950729,973.8855573940516,2667.745612257467,442.32376684889806,234.43159642991597,1391.2650819915025,1272304.0755097177,6573.538026862609,1077.3533173171984,122454167.64273037
8309,8310.0,30.0,494.0,12993743.74988648,0.0,491.65955308080004,981.3846136326232,2695.0354609929077,446.84854186265284,236.829727187206,1401.978019475176,1272304.0755097177,6573.538026862609,1077.3533173171984,122454167.64273037
8310,8311.0,30.0,494.0,12245054.513159903,18167.94012728054,532.9210335376252,1053.5829861820919,2903.0046934169563,481.3307405594906,255.10529249653004,1505.1185516887026,1272304.0755097177,6573.538026862609,1077.3533173171984,122454167.64273037
8311,8312.0,30.0,494.0,11493199.362339092,8263.74114701245,532.9210335376254,1059.3616945850238,2903.884113998688,481.47655229752473,255.18257271768812,1513.373849407177,1272304.0755097177,6573.538026862609,1077.3533173171984,122454167.64273037
8312,8313.0,30.0,494.0,10731834.0671709,3306.791852340102,532.9210335376255,1059.3616945850238,2906.52582076185,481.9145587105137,255.41471611657227,1513.373849407177,1272304.0755097177,6573.538026862609,1077.3533173171984,122454167.64273037
8313,8314.0,30.0,494.0,9964118.32046087,1653.395926170051,532.9210335376255,1059.3616945850238,2908.2898350790265,482.20703991785365,255.56973115646244,1513.373849407177,1272304.0755097177,6573.538026862609,1077.3533173171984,122454167.64273037
8314,8315.0,30.0,494.0,9196402.573750842,0.0,532.9210335376255,1059.3616945850238,2908.2898350790265,482.20703991785365,255.56973115646244,1513.373849407177,1272304.0755097177,6573.538026862609,1077.3533173171984,122454167.64273037
8315,8316.0,30.0,494.0,8425508.488586003,0.0,532.9210335376255,1059.3616945850238,2909.1727068720274,482.3534238816508,255.64731465727496,1513.373849407177,1272304.0755097177,6573.538026862609,1077.3533173171984,122454167.64273037
8316,8317.0,30.0,494.0,7654614.403421171,0.0,532.9210335376255,1059.3616945850238,2909.1727068720274,482.3534238816508,255.64731465727496,1513.373849407177,1272304.0755097177,6573.538026862609,1077.3533173171984,122454167.64273037
8317,8318.0,30.0,494.0,6883720.318256339,0.0,532.9210335376255,1059.3616945850238,2909.1727068720274,482.3534238816508,255.64731465727496,1513.373849407177,1272304.0755097177,6573.538026862609,1077.3533173171984,122454167.64273037
8318,8319.0,30.0,494.0,6112826.233091507,0.0,532.9210335376255,1059.3616945850238,2909.1727068720274,482.3534238816508,255.64731465727496,1513.373849407177,1272304.0755097177,6573.538026862609,1077.3533173171984,122454167.64273037
8319,8320.0,30.0,494.0,5167749.424391374,0.0,542.4614,1076.9805356100103,2957.5567967429442,490.37571535836685,259.8991291399344,1538.543622300015,1272304.0755097177,6573.538026862609,1077.3533173171984,122454167.64273037
8320,8321.0,30.0,494.0,4216195.79420862,1452.1289108116825,542.4614,1077.3533173171984,2959.3559138214505,490.6740167554381,260.0572288803822,1539.0761675959977,1272304.0755097177,6573.538026862609,1077.3533173171984,122454167.64273037
8321,8322.0,30.0,494.0,3248412.9881233536,11346.799012208357,542.4614,1077.3533173171984,2963.864018238815,491.42147997609703,260.4533843873314,1539.0761675959977,1272304.0755097177,6573.538026862609,1077.3533173171984,122454167.64273037
8322,8323.0,30.0,494.0,2270867.1378243677,26320.279240190983,542.4614,1077.3533173171984,2966.5759749648482,491.871134136928,260.69170109257186,1539.0761675959977,1272304.0755097177,6573.538026862609,1077.3533173171984,122454167.64273037
8323,8324.0,30.0,494.0,1293321.2875253782,41293.75946817454,541.9278800000001,1077.3533173171984,2966.575974964849,491.8711341369283,260.691701092572,1539.0761675959977,1272304.0755097177,6573.538026862609,1077.3533173171984,122454167.64273037
8324,8325.0,30.0,494.0,315792.4464857783,56170.74981415948,541.39436,1077.3533173171984,2966.571250170575,491.87035074559157,260.68717342758856,1539.0761675959977,1272304.0755097177,6573.538026862609,1077.3533173171984,122454167.64273037
8325,8326.0,30.0,494.0,0.0,0.0,505.1721939115253,1024.2495785669842,2782.755585016735,461.39291802370616,244.5382465525643,1463.2136836671202,1272304.0755097177,6573.538026862609,1077.3533173171984,122454167.64273037
8326,8327.0,30.0,494.0,591163.5628492264,56170.74981415948,455.7721939115253,910.6654515447921,2530.8233602014557,419.6214649440326,222.3993764203373,1300.9506450639888,1272304.0755097177,6573.538026862609,1077.3533173171984,122454167.64273037
8327,8328.0,30.0,494.0,2091733.884856306,48082.74082500767,406.3721939115253,831.1723666798554,2278.2103715464973,377.73713827381954,200.20068328512437,1187.3890952569363,1272304.0755097177,6573.538026862609,1077.3533173171984,122454167.64273037
8328,8329.0,30.0,494.0,3594753.3471451644,38720.670365655795,406.37219391152524,831.1723666798554,2277.5300548015575,377.62433881352257,200.14089957116698,1187.3890952569363,1272304.0755097177,6573.538026862609,1077.3533173171984,122454167.64273037
8329,8330.0,30.0,494.0,5100220.341759826,28085.374907081015,406.3721939115253,831.1723666798554,2276.8501847110574,377.5116134104646,200.08115510754624,1187.3890952569363,1272304.0755097177,6573.538026862609,1077.3533173171984,122454167.64273037
8330,8331.0,30.0,494.0,6605687.336374488,17450.079448504373,406.3721939115253,831.1723666798554,2276.8501847110574,377.5116134104646,200.08115510754624,1187.3890952569363,1272304.0755097177,6573.538026862609,1077.3533173171984,122454167.64273037
8331,8332.0,30.0,494.0,8108706.798663348,8088.0089891524985,406.3721939115253,831.1723666798554,2277.5300548015575,377.6243388135226,200.140899571167,1187.3890952569363,1272304.0755097177,6573.538026862609,1077.3533173171984,122454167.64273037
8332,8333.0,30.0,494.0,9609277.120670425,0.0,406.3721939115253,831.1723666798554,2278.2103715464973,377.73713827381954,200.20068328512437,1187.3890952569363,1272304.0755097177,6573.538026862609,1077.3533173171984,122454167.64273037
8333,8334.0,30.0,494.0,10197690.205146162,0.0,455.7721939115253,921.8657567564471,2531.5873819718695,419.7481430597761,222.46651582168136,1316.951081080639,1272304.0755097177,6573.538026862609,1077.3533173171984,122454167.64273037
8334,8335.0,30.0,494.0,9878849.162864497,17210.33062571194,505.17219391152526,1010.2894051379042,2783.602417182259,461.5333264613106,244.61266302449462,1443.2705787684347,1272304.0755097177,6573.538026862609,1077.3533173171984,122454167.64273037
8335,8336.0,30.0,494.0,9560008.120582832,34420.66125142388,505.17219391152526,1010.2894051379042,2783.602417182259,461.5333264613106,244.61266302449462,1443.2705787684347,1272304.0755097177,6573.538026862609,1077.3533173171984,122454167.64273037
8336,8337.0,30.0,494.0,9247262.267056134,48460.228158921935,505.17219391152526,1010.2894051379042,2781.9093091947684,461.25260183027086,244.46387897004357,1443.2705787684347,1272304.0755097177,6573.538026862609,1077.3533173171984,122454167.64273037
8337,8338.0,30.0,494.0,8946682.796419987,56170.74981415948,505.17219391152526,1010.2894051379042,2778.5297583918373,460.69225768256,244.1668965717568,1443.2705787684347,1272304.0755097177,6573.538026862609,1077.3533173171984,122454167.64273037
8338,8339.0,30.0,494.0,8661266.476570187,56170.74981415948,505.17219391152526,1010.2548980288321,2774.317772062296,459.9938921222763,243.79676282480645,1443.2212828983318,1272304.0755097177,6573.538026862609,1077.3533173171984,122454167.64273037
8339,8340.0,30.0,494.0,8390963.7268215,51910.698692088015,505.17219391152526,1009.5544812537709,2770.1195581453208,459.2978100875943,243.427839346425,1442.220687505387,1272304.0755097177,6573.538026862609,1077.3533173171984,122454167.64273037
8340,8341.0,30.0,494.0,8135725.209271202,39814.11898696795,505.17219391152526,1009.5544812537709,2765.935049201324,458.60400039673885,243.0601202102716,1442.220687505387,1272304.0755097177,6573.538026862609,1077.3533173171984,122454167.64273037
8341,8342.0,30.0,494.0,7892502.716328886,21466.71155594196,505.17219391152526,1009.5544812537709,2762.597264587995,458.050581264002,242.76680806992107,1442.220687505387,1272304.0755097177,6573.538026862609,1077.3533173171984,122454167.64273037
8342,8343.0,30.0,494.0,7655276.490883987,0.0,505.17219391152526,1009.5544812537709,2760.9316347276017,457.77441262534325,242.62043869143193,1442.220687505387,1272304.0755097177,6573.538026862609,1077.3533173171984,122454167.64273037
8343,8344.0,30.0,494.0,6677730.640584998,14973.480227983082,546.19604,1077.3533173171984,2966.575974964849,491.8711341369282,260.6917010925719,1539.0761675959977,1272304.0755097177,6573.538026862609,1077.3533173171984,122454167.64273037
8344,8345.0,30.0,494.0,5700184.79028601,29946.96045596525,546.72956,1077.3533173171984,2966.575974964849,491.87113413692816,260.6917010925719,1539.0761675959977,1272304.0755097177,6573.538026862609,1077.3533173171984,122454167.64273037
8345,8346.0,30.0,494.0,4738773.289279543,36527.229019746184,546.72956,1077.3533173171984,2962.0942112724815,491.1280383224599,260.2978603109038,1539.0761675959977,1272304.0755097177,6573.538026862609,1077.3533173171984,122454167.64273037
8346,8347.0,30.0,494.0,3790231.591142319,36412.527888763696,546.72956,1077.3533173171984,2958.5192660310254,490.53529693129656,259.9837073735872,1539.0761675959977,1272304.0755097177,6573.538026862609,1077.3533173171984,122454167.64273037
8347,8348.0,30.0,494.0,2841689.8930050954,36297.82675778121,546.72956,1077.3533173171984,2958.5192660310254,490.53529693129656,259.9837073735872,1539.0761675959977,1272304.0755097177,6573.538026862609,1077.3533173171984,122454167.64273037
8348,8349.0,30.0,494.0,1880278.3919986282,42878.095321564004,546.72956,1077.3533173171984,2962.0942112724815,491.1280383224599,260.2978603109038,1539.0761675959977,1272304.0755097177,6573.538026862609,1077.3533173171984,122454167.64273037
8349,8350.0,30.0,494.0,905963.6087332834,56170.74981415948,546.72956,1077.3533173171984,2965.6784563443925,491.7223216657565,260.61283048285094,1539.0761675959977,1272304.0755097177,6573.538026862609,1077.3533173171984,122454167.64273037
8350,8351.0,30.0,494.0,0.0,33906.60155360866,543.1440263912,1077.3533173171984,2946.692018974375,488.57428818836655,258.9443727398343,1539.0761675959977,1272304.0755097177,6573.538026862609,1077.3533173171984,122454167.64273037
8351,8352.0,30.0,494.0,0.0,2963.219365515746,493.7440263912,987.4013823914189,2695.0354609929077,446.8485418626529,236.82972718720603,1410.5734034163129,1272304.0755097177,6573.538026862609,1077.3533173171984,122454167.64273037
8352,8353.0,30.0,494.0,822556.5686942829,25495.111151579767,449.13920884170807,893.8005946079784,2466.547525244496,408.9642533625046,216.75105428212746,1276.857992297112,1272304.0755097177,6573.538026862609,1077.3533173171984,122454167.64273037
8353,8354.0,30.0,494.0,1663537.3256016034,38442.5995874051,449.13920884170807,893.8005946079784,2461.429695185319,408.11569499192143,216.30131834571836,1276.857992297112,1272304.0755097177,6573.538026862609,1077.3533173171984,122454167.64273037
8354,8355.0,30.0,494.0,2515008.775264385,45932.74957069568,449.13920884170807,893.8005946079784,2458.515613864358,407.6325276985824,216.0452396802487,1276.857992297112,1272304.0755097177,6573.538026862609,1077.3533173171984,122454167.64273037
8355,8356.0,30.0,494.0,3371715.410098655,50699.51626476925,449.13920884170807,893.8005946079784,2457.061395761166,407.39141204412556,215.91744838338656,1276.857992297112,1272304.0755097177,6573.538026862609,1077.3533173171984,122454167.64273037
8356,8357.0,30.0,494.0,4231037.102956469,54105.9098128397,449.13920884170807,893.8005946079784,2456.3349907546253,407.27097095061407,215.85361460382546,1276.857992297112,1272304.0755097177,6573.538026862609,1077.3533173171984,122454167.64273037
8357,8358.0,30.0,494.0,5095583.85091223,54794.18981328048,449.13920884170807,893.8005946079784,2454.883586560751,407.030321854499,215.7260705828845,1276.857992297112,1272304.0755097177,6573.538026862609,1077.3533173171984,122454167.64273037
8358,8359.0,30.0,494.0,5960130.598867992,55482.46981372032,449.139208841708,893.8005946079784,2454.883586560751,407.03032185449894,215.72607058288446,1276.857992297112,1272304.0755097177,6573.538026862609,1077.3533173171984,122454167.64273037
8359,8360.0,30.0,494.0,6824677.346823754,56170.74981415948,449.13920884170795,893.8005946079784,2454.883586560751,407.0303218544989,215.7260705828844,1276.857992297112,1272304.0755097177,6573.538026862609,1077.3533173171984,122454167.64273037
8360,8361.0,30.0,494.0,7716037.718712736,42910.37796160748,447.2182,893.8005946079784,2447.4353576904127,405.7953732765148,215.07154783655287,1276.857992297112,1272304.0755097177,6573.538026862609,1077.3533173171984,122454167.64273037
8361,8362.0,30.0,494.0,8602185.296788637,32361.741242701624,447.2182,893.8005946079783,2448.883355971824,406.03545765760487,215.19879255853056,1276.8579922971119,1272304.0755097177,6573.538026862609,1077.3533173171984,122454167.64273037
8362,8363.0,30.0,494.0,9480501.041052539,25887.284257435178,447.2182,893.8005946079784,2451.0588653640457,406.39616652908103,215.38996826041293,1276.857992297112,1272304.0755097177,6573.538026862609,1077.3533173171984,122454167.64273037
8363,8364.0,30.0,494.0,10353587.114954367,22133.3417154266,447.2182,893.8005946079783,2452.511551575733,406.63702818929715,215.5176249403275,1276.8579922971119,1272304.0755097177,6573.538026862609,1077.3533173171984,122454167.64273037
8364,8365.0,30.0,494.0,11226673.188856196,18379.399173419188,447.2182,893.8005946079783,2452.511551575733,406.63702818929715,215.5176249403275,1276.8579922971119,1272304.0755097177,6573.538026862609,1077.3533173171984,122454167.64273037
8365,8366.0,30.0,494.0,12104988.933120098,11904.942188155084,447.2182,893.8005946079783,2451.0588653640457,406.39616652908103,215.38996826041293,1276.8579922971119,1272304.0755097177,6573.538026862609,1077.3533173171984,122454167.64273037
8366,8367.0,30.0,494.0,12993743.74988648,0.0,447.2182,893.8005946079783,2448.1591230022464,405.91537669722106,215.13514964952716,1276.8579922971119,1272304.0755097177,6573.538026862609,1077.3533173171984,122454167.64273037
8367,8368.0,30.0,494.0,12991067.22013711,0.0,496.6182,981.6553485895446,2695.7789414788435,446.97181414454013,236.89506149660627,1402.3647836993496,1272304.0755097177,6573.538026862609,1077.3533173171984,122454167.64273037
8368,8369.0,30.0,494.0,12074633.434817329,0.0,546.0182,1074.0832512802526,2949.6004013595134,489.05651057348473,259.19995060394695,1534.4046446860752,1272304.0755097177,6573.538026862609,1077.3533173171984,122454167.64273037
8369,8370.0,30.0,494.0,11129345.80719799,0.0,546.0182,1077.0018602566067,2957.615357553835,490.38542499422715,259.9042752469404,1538.574086080867,1272304.0755097177,6573.538026862609,1077.3533173171984,122454167.64273037
8370,8371.0,30.0,494.0,10151799.956899004,14973.480227983082,546.0182,1077.3533173171984,2966.5759749648482,491.87113413692805,260.6917010925719,1539.0761675959977,1272304.0755097177,6573.538026862609,1077.3533173171984,122454167.64273037
8371,8372.0,30.0,494.0,9174254.106600018,29946.960455963388,544.59548,1077.3533173171984,2966.5759749648482,491.87113413692805,260.69170109257186,1539.0761675959977,1272304.0755097177,6573.538026862609,1077.3533173171984,122454167.64273037
8372,8373.0,30.0,494.0,8196708.2563010305,44920.440683947876,543.70628,1077.3533173171984,2966.575974964849,491.8711341369281,260.691701092572,1539.0761675959977,1272304.0755097177,6573.538026862609,1077.3533173171984,122454167.64273037
8373,8374.0,30.0,494.0,7219818.727490209,56170.74981415948,543.3506000000001,1077.3533173171984,2966.393663440358,491.84090609723717,260.51699602446536,1539.0761675959977,1272304.0755097177,6573.538026862609,1077.3533173171984,122454167.64273037
8374,8375.0,30.0,494.0,6271056.538295941,56170.74981415948,541.9539569565029,1077.3533173171984,2958.580513546871,490.54545203446474,259.9890895782663,1539.0761675959977,1272304.0755097177,6573.538026862609,1077.3533173171984,122454167.64273037
8375,8376.0,30.0,494.0,6234222.655793596,44679.86545506492,492.5539569565029,987.3447541456412,2705.267095021337,448.5449910606873,237.7288452621643,1410.4925059223447,1272304.0755097177,6573.538026862609,1077.3533173171984,122454167.64273037
8376,8377.0,30.0,494.0,6669227.470422674,56170.74981415948,468.39691383496853,935.1488923299296,2574.200790262608,426.81363055859333,226.21122419605447,1335.9269890427568,1272304.0755097177,6573.538026862609,1077.3533173171984,122454167.64273037
8377,8378.0,30.0,494.0,7131904.71785518,53266.22339023091,468.3969138349686,935.1488923299296,2566.514003372767,425.53912802864556,225.53573785518216,1335.9269890427568,1272304.0755097177,6573.538026862609,1077.3533173171984,122454167.64273037
8378,8379.0,30.0,494.0,7605600.694677826,44629.669825617224,468.3969138349686,935.1488923299296,2563.4532452088392,425.03164108001687,225.26676977240896,1335.9269890427568,1272304.0755097177,6573.538026862609,1077.3533173171984,122454167.64273037
8379,8380.0,30.0,494.0,8084795.325497884,33132.674477342516,468.3969138349686,935.1488923299296,2561.925841320669,424.7783909057083,225.13254718002543,1335.9269890427568,1272304.0755097177,6573.538026862609,1077.3533173171984,122454167.64273037
8380,8381.0,30.0,494.0,8566736.611713514,20206.848025580868,468.3969138349686,935.1488923299296,2561.162881488566,424.6518888639321,225.065501097884,1335.9269890427568,1272304.0755097177,6573.538026862609,1077.3533173171984,122454167.64273037
8381,8382.0,30.0,494.0,9045931.242533572,8709.85267730616,468.3969138349686,935.1488923299296,2561.925841320669,424.7783909057083,225.13254718002543,1335.9269890427568,1272304.0755097177,6573.538026862609,1077.3533173171984,122454167.64273037
8382,8383.0,30.0,494.0,9514121.42952694,2937.4530105609447,468.3969138349686,935.1488923299296,2564.9826312725277,425.28521990760396,225.40116655103012,1335.9269890427568,1272304.0755097177,6573.538026862609,1077.3533173171984,122454167.64273037
8383,8384.0,30.0,494.0,9976798.676959446,32.926586631685495,468.3969138349686,935.1488923299296,2566.514003372767,425.53912802864556,225.53573785518216,1335.9269890427568,1272304.0755097177,6573.538026862609,1077.3533173171984,122454167.64273037
8384,8385.0,30.0,494.0,10433955.821163662,0.0,468.3969138349686,935.1488923299296,2568.0473653806253,425.7933660849814,225.67048402504017,1335.9269890427568,1272304.0755097177,6573.538026862609,1077.3533173171984,122454167.64273037
8385,8386.0,30.0,494.0,10885585.68450008,0.0,468.3969138349686,935.7015826020045,2569.582721177236,426.0479347201203,225.80540540166376,1336.7165465742921,1272304.0755097177,6573.538026862609,1077.3533173171984,122454167.64273037
8386,8387.0,30.0,494.0,11328911.137807293,4320.017489256337,468.3969138349686,935.7015826020045,2571.889501740904,426.43040891988176,226.00811672753736,1336.7165465742921,1272304.0755097177,6573.538026862609,1077.3533173171984,122454167.64273037
8387,8388.0,30.0,494.0,11761138.791618977,1447.1338723031804,468.3969138349686,938.2227611529801,2574.972223822995,426.9415375811881,226.2790149180297,1340.318230218543,1272304.0755097177,6573.538026862609,1077.3533173171984,122454167.64273037
8388,8389.0,30.0,494.0,12182239.682036128,4362.477509803139,468.3969138349686,938.2227611529801,2578.0629914325878,427.4540002257701,226.55062011965816,1340.318230218543,1272304.0755097177,6573.538026862609,1077.3533173171984,122454167.64273037
8389,8390.0,30.0,494.0,12592184.731623242,0.0,468.3969138349686,940.7663229013045,2581.1618361075984,427.9678020827509,226.822935103858,1343.9518898590065,1272304.0755097177,6573.538026862609,1077.3533173171984,122454167.64273037
8390,8391.0,30.0,494.0,12993743.74988648,0.0,468.3969138349686,940.7663229013045,2583.4912892531192,428.3540354946964,227.0276388121891,1343.9518898590068,1272304.0755097177,6573.538026862609,1077.3533173171984,122454167.64273037
8391,8392.0,30.0,494.0,12971074.96015755,0.0,491.13535826525066,983.6775953609862,2701.3323470287223,447.8925928163804,237.38307419268162,1405.2537076585518,1272304.0755097177,6573.538026862609,1077.3533173171984,122454167.64273037
8392,8393.0,30.0,494.0,12035296.70716742,0.0,540.5353582652507,1076.0399728980988,2954.973864601277,489.94745403196146,259.6721506369396,1537.1999612829984,1272304.0755097177,6573.538026862609,1077.3533173171984,122454167.64273037
8393,8394.0,30.0,494.0,11086534.517973194,0.0,540.5353582652507,1077.3533173171984,2958.580513546861,490.5454520344631,259.98908957826546,1539.0761675959977,1272304.0755097177,6573.538026862609,1077.3533173171984,122454167.64273037
8394,8395.0,30.0,494.0,10124754.272334453,6772.092336315662,540.5353582652507,1077.3533173171984,2962.1966403370025,491.14502150460646,260.3068613974414,1539.0761675959977,1272304.0755097177,6573.538026862609,1077.3533173171984,122454167.64273037
8395,8396.0,30.0,494.0,9153188.011967067,18634.94423642941,540.5353582652507,1077.3533173171984,2964.9149777616262,491.59573361287545,260.545738814824,1539.0761675959977,1272304.0755097177,6573.538026862609,1077.3533173171984,122454167.64273037
8396,8397.0,30.0,494.0,8175642.161668079,33608.42446441203,540.14948,1077.3533173171984,2966.5759749648487,491.8711341369281,260.6917010925719,1539.0761675959977,1272304.0755097177,6573.538026862609,1077.3533173171984,122454167.64273037
8397,8398.0,30.0,494.0,7198096.311369091,48581.90469239466,539.6159600000001,1077.3533173171984,2966.5759749648487,491.87113413692805,260.6917010925719,1539.0761675959977,1272304.0755097177,6573.538026862609,1077.3533173171984,122454167.64273037
8398,8399.0,30.0,494.0,6234746.014210949,56170.74981415948,539.0226304133039,1077.3533173171984,2962.632765759058,491.2173329868617,260.34518648303674,1539.0761675959977,1272304.0755097177,6573.538026862609,1077.3533173171984,122454167.64273037
8399,8400.0,30.0,494.0,5444836.967913879,0.0,530.2984082211476,1072.207176369096,2914.4546405198716,483.229191337373,256.1114714088077,1531.7245376701371,1272304.0755097177,6573.538026862609,1077.3533173171984,122454167.64273037
8400,8401.0,30.0,494.0,4699628.435535438,0.0,530.2984082211475,1056.7635627956179,2902.0378310980295,481.1704306030364,255.0203282196093,1509.6622325651683,1272304.0755097177,6573.538026862609,1077.3533173171984,122454167.64273037
8401,8402.0,30.0,494.0,3989255.193023598,11043.448599624448,530.2984082211475,1051.0925842918912,2892.3613616906414,479.56603010157625,254.1699959538354,1501.5608347027019,1272304.0755097177,6573.538026862609,1077.3533173171984,122454167.64273037
8402,8403.0,30.0,494.0,3294633.6301239673,13892.753223868087,530.2984082211475,1051.0925842918912,2887.9858951316937,478.8405588118166,253.7854961702628,1501.5608347027019,1272304.0755097177,6573.538026862609,1077.3533173171984,122454167.64273037
8403,8404.0,30.0,494.0,2612576.5082644187,10205.939707870595,530.2984082211476,1051.0925842918912,2884.4957726205603,478.2618813964005,253.47879714009227,1501.5608347027019,1272304.0755097177,6573.538026862609,1077.3533173171984,122454167.64273037
8404,8405.0,30.0,494.0,1943051.163663661,0.0,530.2984082211475,1051.0925842918912,2881.014723382006,477.6847083688416,253.17289543548605,1501.5608347027019,1272304.0755097177,6573.538026862609,1077.3533173171984,122454167.64273037
8405,8406.0,30.0,494.0,1282903.2929493543,6483.945711912587,530.2984082211475,1046.8987833910023,2878.4098695246594,477.2528123271131,252.94399053336994,1495.5696905585748,1272304.0755097177,6573.538026862609,1077.3533173171984,122454167.64273037
8406,8407.0,30.0,494.0,635230.3435755162,6478.342114677653,530.2984082211476,1046.8987833910023,2874.944613596751,476.6782578988028,252.6394766863655,1495.5696905585748,1272304.0755097177,6573.538026862609,1077.3533173171984,122454167.64273037
8407,8408.0,30.0,494.0,0.0,0.0,530.2984082211476,1046.8987833910023,2871.488334208329,476.1051918195842,252.33575166437964,1495.5696905585748,1272304.0755097177,6573.538026862609,1077.3533173171984,122454167.64273037
8408,8409.0,30.0,494.0,251998.68880418924,56170.74981415948,482.03749058850076,944.9724819768203,2625.0358252139663,435.24229933580574,230.67841864797705,1349.9606885383148,1272304.0755097177,6573.538026862609,1077.3533173171984,122454167.64273037
8409,8410.0,30.0,494.0,1403864.870425783,50695.908286783844,432.6374905885008,865.9361921660059,2375.0726327646867,393.79732034315714,208.7125797818733,1237.0517030942942,1272304.0755097177,6573.538026862609,1077.3533173171984,122454167.64273037
8410,8411.0,30.0,494.0,2560770.63672965,42599.43633780908,432.6374905885008,865.9361921660059,2373.6727481307225,393.5652134130196,208.5895631089004,1237.0517030942942,1272304.0755097177,6573.538026862609,1077.3533173171984,122454167.64273037
8411,8412.0,30.0,494.0,3725223.592536863,30576.858797404915,432.6374905885008,865.9361921660059,2371.5763066020154,393.21761433547056,208.4053355977994,1237.0517030942942,1272304.0755097177,6573.538026862609,1077.3533173171984,122454167.64273037
8412,8413.0,30.0,494.0,4894699.901327029,15941.094689291902,432.6374905885008,865.9361921660059,2370.180930773417,392.986254984774,208.28271514193023,1237.0517030942942,1272304.0755097177,6573.538026862609,1077.3533173171984,122454167.64273037
8413,8414.0,30.0,494.0,6066685.459303508,0.0,432.6374905885008,865.9361921660059,2369.4839171105527,392.8706871032313,208.22146416471261,1237.0517030942942,1272304.0755097177,6573.538026862609,1077.3533173171984,122454167.64273037
8414,8415.0,30.0,494.0,7051794.411613356,0.0,443.30572000000006,881.7393809094079,2421.3940853512827,401.47761763232694,212.7831373451333,1259.62768701344,1272304.0755097177,6573.538026862609,1077.3533173171984,122454167.64273037
8415,8416.0,30.0,494.0,7145487.831861975,0.0,492.70572000000004,971.9073851053454,2669.009510923847,442.5333267171477,234.5426631600883,1388.439121579065,1272304.0755097177,6573.538026862609,1077.3533173171984,122454167.64273037
8416,8417.0,30.0,494.0,6312493.916837122,0.0,542.10572,1065.6431845501331,2926.4226596109224,485.2135406927799,257.16317656717337,1522.3474065001903,1272304.0755097177,6573.538026862609,1077.3533173171984,122454167.64273037
8417,8418.0,30.0,494.0,5434981.032151759,0.0,542.10572,1070.146344410794,2938.7890400721753,487.26394008722565,258.2498882462296,1528.7804920154201,1272304.0755097177,6573.538026862609,1077.3533173171984,122454167.64273037
8418,8419.0,30.0,494.0,4502862.151956039,0.0,542.10572,1075.6698219083373,2953.957372158385,489.77891518618566,259.5828250486784,1536.6711741547679,1272304.0755097177,6573.538026862609,1077.3533173171984,122454167.64273037
8419,8420.0,30.0,494.0,3525316.3016570527,14973.480227983082,542.10572,1077.3533173171984,2966.5759749648482,491.87113413692816,260.6917010925719,1539.0761675959977,1272304.0755097177,6573.538026862609,1077.3533173171984,122454167.64273037
8420,8421.0,30.0,494.0,2547770.451358065,29946.96045596525,540.32732,1077.3533173171984,2966.5759749648487,491.87113413692816,260.6917010925719,1539.0761675959977,1272304.0755097177,6573.538026862609,1077.3533173171984,122454167.64273037
8421,8422.0,30.0,494.0,1570224.6010590773,44920.440683947876,539.43812,1077.3533173171984,2966.5759749648487,491.8711341369281,260.6917010925719,1539.0761675959977,1272304.0755097177,6573.538026862609,1077.3533173171984,122454167.64273037
8422,8423.0,30.0,494.0,599835.8373879883,56170.74981415948,539.0495693957174,1077.3533173171984,2964.587895345988,491.54150193295425,260.51699602446575,1539.0761675959977,1272304.0755097177,6573.538026862609,1077.3533173171984,122454167.64273037
8423,8424.0,30.0,494.0,411120.86761558056,0.0,497.43194070960004,1011.3955031763466,2747.4562859296875,455.54014148175685,241.43627498533115,1444.8507188233523,1272304.0755097177,6573.538026862609,1077.3533173171984,122454167.64273037
8424,8425.0,30.0,494.0,276280.83061108366,0.0,497.43194070960004,995.0238835186752,2732.4910268274903,453.05883676231906,240.1211834840291,1421.4626907409647,1272304.0755097177,6573.538026862609,1077.3533173171984,122454167.64273037
8425,8426.0,30.0,494.0,185854.17864574678,0.0,497.43194070960004,990.5314036991834,2720.1539754277237,451.0133002531856,239.03704913418838,1415.044862427405,1272304.0755097177,6573.538026862609,1077.3533173171984,122454167.64273037
8426,8427.0,30.0,494.0,116005.64558782987,9125.122620141134,497.43194070960004,986.6755670292382,2714.4378312867734,450.0655388187148,238.53473557391888,1409.5365243274832,1272304.0755097177,6573.538026862609,1077.3533173171984,122454167.64273037
8427,8428.0,30.0,494.0,63721.155681051314,9113.29591719719,497.43194070960004,986.6755670292382,2709.5589304114574,449.2565959407521,238.10599584859858,1409.5365243274832,1272304.0755097177,6573.538026862609,1077.3533173171984,122454167.64273037
8428,8429.0,30.0,494.0,28932.50518031977,0.0,497.43194070960004,986.6755670292382,2704.6989750208886,448.4507943061446,237.6789209822566,1409.5365243274832,1272304.0755097177,6573.538026862609,1077.3533173171984,122454167.64273037
8429,8430.0,30.0,494.0,8671.906914258376,5522.747860701755,497.43194070960004,982.3601355804573,2700.6634049557024,447.7816793259102,237.3242900427324,1403.3716222577962,1272304.0755097177,6573.538026862609,1077.3533173171984,122454167.64273037
8430,8431.0,30.0,494.0,0.0,5016.970017432934,497.43194070960004,982.3601355804574,2697.444324024646,447.24794177736965,237.0414091420059,1403.3716222577964,1272304.0755097177,6573.538026862609,1077.3533173171984,122454167.64273037
8431,8432.0,30.0,494.0,0.0,0.0,497.43194070960004,982.3601355804574,2695.0354609929077,446.8485418626529,236.82972718720603,1403.3716222577964,1272304.0755097177,6573.538026862609,1077.3533173171984,122454167.64273037
8432,8433.0,30.0,494.0,514484.7279829314,0.0,469.3191598892844,929.3437197475431,2552.1230365532047,423.15304345484697,224.2711130310689,1327.633885353633,1272304.0755097177,6573.538026862609,1077.3533173171984,122454167.64273037
8433,8434.0,30.0,494.0,1922680.3062249068,56170.74981415948,419.9191598892844,828.0214504673147,2303.8700225923594,381.9916194561649,202.45555831176742,1182.8877863818782,1272304.0755097177,6573.538026862609,1077.3533173171984,122454167.64273037
8434,8435.0,30.0,494.0,4217006.674541258,40732.11373658059,370.51915988928437,752.3120530242163,2057.722580905032,341.17930845203375,180.8250334795779,1074.731504320309,1272304.0755097177,6573.538026862609,1077.3533173171984,122454167.64273037
8435,8436.0,30.0,494.0,6509186.839875016,26409.948833677918,370.5191598892843,752.3120530242163,2058.3187484001974,341.2781556025727,180.87742246936355,1074.731504320309,1272304.0755097177,6573.538026862609,1077.3533173171984,122454167.64273037
8436,8437.0,30.0,494.0,8799219.419487169,13204.974416838959,370.5191598892843,752.3120530242163,2058.9152999895314,341.37706643758696,180.9298452119211,1074.731504320309,1272304.0755097177,6573.538026862609,1077.3533173171984,122454167.64273037
8437,8438.0,30.0,494.0,11089251.999099322,0.0,370.5191598892843,752.3120530242163,2058.9152999895314,341.37706643758696,180.9298452119211,1074.731504320309,1272304.0755097177,6573.538026862609,1077.3533173171984,122454167.64273037
8438,8439.0,30.0,494.0,12490150.530080337,0.0,419.9191598892843,839.681647870409,2305.8969801648477,382.32769779308984,202.63367983033763,1199.5452112434416,1272304.0755097177,6573.538026862609,1077.3533173171984,122454167.64273037
8439,8440.0,30.0,494.0,12993743.74988648,0.0,469.31915988928426,930.4454119658893,2555.1484554912013,423.65467100689017,224.5369756336518,1329.207731379842,1272304.0755097177,6573.538026862609,1077.3533173171984,122454167.64273037
8440,8441.0,30.0,494.0,12543630.725748982,0.0,518.7191598892841,1026.9142141268278,2820.0668565866595,467.57928830987646,247.81702280423454,1467.0203058954683,1272304.0755097177,6573.538026862609,1077.3533173171984,122454167.64273037
8441,8442.0,30.0,494.0,11650366.680739164,0.0,540.5051599999999,1071.7395976570576,2943.164362384524,487.989387460275,258.63437535394576,1531.056568081511,1272304.0755097177,6573.538026862609,1077.3533173171984,122454167.64273037
8442,8443.0,30.0,494.0,10711898.604556078,0.0,540.5051599999999,1076.3120525065706,2955.7210377104316,490.07133856675785,259.7378094403817,1537.588646437958,1272304.0755097177,6573.538026862609,1077.3533173171984,122454167.64273037
8443,8444.0,30.0,494.0,9747412.920791514,9372.512396135011,540.5051599999999,1077.121339165453,2962.948150927509,491.2696252125808,260.37290136266785,1538.7447702363615,1272304.0755097177,6573.538026862609,1077.3533173171984,122454167.64273037
8444,8445.0,30.0,494.0,8769867.070492527,25539.023118808473,540.5051599999999,1077.121339165453,2966.575974964849,491.8711341369282,260.691701092572,1538.7447702363615,1272304.0755097177,6573.538026862609,1077.3533173171984,122454167.64273037
8445,8446.0,30.0,494.0,7792321.220193539,41705.533841479286,540.14948,1077.121339165453,2966.5759749648487,491.8711341369281,260.6917010925719,1538.7447702363615,1272304.0755097177,6573.538026862609,1077.3533173171984,122454167.64273037
8446,8447.0,30.0,494.0,6818045.784706436,56170.74981415948,540.14948,1077.121339165453,2965.667526405992,491.72050943467167,260.611870000376,1538.7447702363615,1272304.0755097177,6573.538026862609,1077.3533173171984,122454167.64273037
8447,8448.0,30.0,494.0,5925491.433239596,28124.034058164805,536.5872105306393,1077.121339165453,2942.9672252892524,487.9567012767927,258.61705167670016,1538.7447702363615,1272304.0755097177,6573.538026862609,1077.3533173171984,122454167.64273037
8448,8449.0,30.0,494.0,5078049.148814179,0.0,536.5872105306393,1072.5732207386893,2930.4360955555235,485.8789857400386,257.51586244222045,1532.2474581981278,1272304.0755097177,6573.538026862609,1077.3533173171984,122454167.64273037
8449,8450.0,30.0,494.0,4262577.640404699,7716.989788894852,536.5872105306391,1062.3702413201975,2921.555324439985,484.4065154586522,256.7354531930857,1517.6717733145679,1272304.0755097177,6573.538026862609,1077.3533173171984,122454167.64273037
8450,8451.0,30.0,494.0,3463013.4734079707,7158.85914551653,536.5872105306391,1062.3702413201975,2917.1366184919984,483.6738748910769,256.34715369227075,1517.6717733145679,1272304.0755097177,6573.538026862609,1077.3533173171984,122454167.64273037
8451,8452.0,30.0,494.0,2676137.9485543687,0.0,536.5872105306391,1062.3702413201975,2913.6119956744637,483.08947717556373,256.03742290304876,1517.6717733145679,1272304.0755097177,6573.538026862609,1077.3533173171984,122454167.64273037
8452,8453.0,30.0,494.0,1901918.1113039274,6561.899812170304,536.5872105306391,1058.4221743814187,2910.0965268958075,482.5065972393096,255.7284965368341,1512.0316776877412,1272304.0755097177,6573.538026862609,1077.3533173171984,122454167.64273037
8453,8454.0,30.0,494.0,1143471.7365017086,4918.324051387608,536.5872105306391,1058.4221743814187,2905.7150095490792,481.78012270275184,255.34346503245848,1512.0316776877412,1272304.0755097177,6573.538026862609,1077.3533173171984,122454167.64273037
8454,8455.0,30.0,494.0,391320.44097063906,0.0,536.5872105306391,1058.4221743814187,2903.9663764182046,481.49019176266097,255.18980163421034,1512.0316776877412,1272304.0755097177,6573.538026862609,1077.3533173171984,122454167.64273037
8455,8456.0,30.0,494.0,0.0,0.0,516.8167000936116,1020.9672570736766,2803.7355834847517,464.87149255803155,246.38189105575674,1458.5246529623953,1272304.0755097177,6573.538026862609,1077.3533173171984,122454167.64273037
8456,8457.0,30.0,494.0,502420.1054569299,0.0,467.4167000936117,930.5640742235659,2555.474320588205,423.708700850114,224.56561145056043,1329.3772488908085,1272304.0755097177,6573.538026862609,1077.3533173171984,122454167.64273037
8457,8458.0,30.0,494.0,1901028.8124173712,56170.74981415948,418.0167000936117,828.9911767272332,2306.533042392785,382.4331596629617,202.68957462136973,1184.2731096103332,1272304.0755097177,6573.538026862609,1077.3533173171984,122454167.64273037
8458,8459.0,30.0,494.0,4193088.761763883,42408.63035370142,368.6167000936117,752.2153153248429,2058.3521417299876,341.2836923611574,180.88035695141343,1074.5933076069184,1272304.0755097177,6573.538026862609,1077.3533173171984,122454167.64273037
8459,8460.0,30.0,494.0,6485148.711110388,28646.510893243365,368.6167000936117,752.2153153248429,2058.3521417299876,341.2836923611574,180.88035695141343,1074.5933076069184,1272304.0755097177,6573.538026862609,1077.3533173171984,122454167.64273037
8460,8461.0,30.0,494.0,8777208.6604569,14884.391432785429,368.6167000936117,752.2153153248429,2058.3521417299876,341.2836923611574,180.88035695141343,1074.5933076069184,1272304.0755097177,6573.538026862609,1077.3533173171984,122454167.64273037
8461,8462.0,30.0,494.0,11071425.96371359,0.0,368.6167000936117,752.2153153248429,2057.752876754938,341.18433163504966,180.82769576657634,1074.5933076069184,1272304.0755097177,6573.538026862609,1077.3533173171984,122454167.64273037
8462,8463.0,30.0,494.0,12474926.029285781,0.0,418.0167000936115,839.4184987850541,2305.1743316672996,382.2078795450249,202.5701761588632,1199.1692839786488,1272304.0755097177,6573.538026862609,1077.3533173171984,122454167.64273037
8463,8464.0,30.0,494.0,12993743.74988648,0.0,467.4167000936114,928.9054311127959,2550.919427492714,422.9534798641494,224.1653443279992,1327.0077587325657,1272304.0755097177,6573.538026862609,1077.3533173171984,122454167.64273037
8464,8465.0,30.0,494.0,12993743.74988648,0.0,493.7440263911999,981.3846136326232,2695.0354609929077,446.84854186265284,236.829727187206,1401.978019475176,1272304.0755097177,6573.538026862609,1077.3533173171984,122454167.64273037
8465,8466.0,30.0,494.0,12952825.970733114,0.0,493.7440263911999,985.5235077282396,2706.4015107577316,448.7330820988242,237.82853351237682,1407.8907253260566,1272304.0755097177,6573.538026862609,1077.3533173171984,122454167.64273037
8466,8467.0,30.0,494.0,12876537.152725328,3833.7662705089897,493.7440263911999,988.3558862569931,2716.2267993284036,450.3621574615533,238.69194345462327,1411.9369803671332,1272304.0755097177,6573.538026862609,1077.3533173171984,122454167.64273037
8467,8468.0,30.0,494.0,12782458.34849314,16922.019175576977,493.7440263911999,988.3558862569931,2721.1684621685245,451.1815065448753,239.1261984687839,1411.9369803671332,1272304.0755097177,6573.538026862609,1077.3533173171984,122454167.64273037
8468,8469.0,30.0,494.0,12679458.254291533,34651.195223763585,493.7440263911981,988.3558862569931,2723.646598271132,451.5923922345127,239.34396788429174,1411.9369803671332,1272304.0755097177,6573.538026862609,1077.3533173171984,122454167.64273037
8469,8470.0,30.0,494.0,12576458.160089925,52380.37127194833,493.7440263911981,988.3558862569931,2723.646598271132,451.5923922345127,239.34396788429174,1411.9369803671332,1272304.0755097177,6573.538026862609,1077.3533173171984,122454167.64273037
8470,8471.0,30.0,494.0,12500252.746718097,56170.74981415948,492.6075125283441,988.3558862569931,2716.203631373971,450.3583161144519,238.6899075406595,1411.9369803671332,1272304.0755097177,6573.538026862609,1077.3533173171984,122454167.64273037
8471,8472.0,30.0,494.0,12438852.750729023,52259.237216085196,492.6075125283441,988.3558862569931,2712.0910154343173,449.6764265948245,238.32850609525698,1411.9369803671332,1272304.0755097177,6573.538026862609,1077.3533173171984,122454167.64273037
8472,8473.0,30.0,494.0,12421579.298940228,25392.759483192116,492.6075125283441,988.3558862569931,2699.8336420453506,447.6441010446783,237.2513735536795,1411.9369803671332,1272304.0755097177,6573.538026862609,1077.3533173171984,122454167.64273037
8473,8474.0,30.0,494.0,12433484.474365799,35264.964218419045,492.6075125283441,978.2607921022934,2691.728467819138,446.30022808384103,236.53912088443576,1397.5154172889906,1272304.0755097177,6573.538026862609,1077.3533173171984,122454167.64273037
8474,8475.0,30.0,494.0,12451202.625921033,45754.47634791583,492.6075125283441,977.5527689452483,2690.113752227565,446.03250125127784,236.39722566317727,1396.5039556360691,1272304.0755097177,6573.538026862609,1077.3533173171984,122454167.64273037
8475,8476.0,30.0,494.0,12474726.204967076,53223.96078071743,492.6075125283441,977.5527689452483,2688.5011334801175,445.7651220845445,236.25551470480858,1396.5039556360691,1272304.0755097177,6573.538026862609,1077.3533173171984,122454167.64273037
8476,8477.0,30.0,494.0,12506943.803684775,56170.74981415948,492.6075125283441,977.5527689452483,2686.0861280157687,445.3647037279203,236.04329297579778,1396.5039556360691,1272304.0755097177,6573.538026862609,1077.3533173171984,122454167.64273037
8477,8478.0,30.0,494.0,12547838.520122401,54603.635972552,492.6075125283441,977.5527689452483,2683.6758175380114,444.96506382038996,235.8314838248067,1396.5039556360691,1272304.0755097177,6573.538026862609,1077.3533173171984,122454167.64273037
8478,8479.0,30.0,494.0,12588733.236560028,53036.522130944766,492.6075125283441,977.5527689452483,2683.6758175380114,444.96506382038996,235.8314838248067,1396.5039556360691,1272304.0755097177,6573.538026862609,1077.3533173171984,122454167.64273037
8479,8480.0,30.0,494.0,12629627.952997655,51469.40828933939,492.6075125283441,977.5527689452483,2683.6758175380114,444.96506382038996,235.8314838248067,1396.5039556360691,1272304.0755097177,6573.538026862609,1077.3533173171984,122454167.64273037
8480,8481.0,30.0,494.0,12667632.17181313,51405.95337550994,492.6075125283441,977.5527689452483,2684.4787335441647,445.09819076872907,235.9020411074264,1396.5039556360691,1272304.0755097177,6573.538026862609,1077.3533173171984,122454167.64273037
8481,8482.0,30.0,494.0,12708526.888250757,49838.839533902705,492.6075125283441,977.5527689452483,2683.6758175380114,444.96506382038996,235.8314838248067,1396.5039556360691,1272304.0755097177,6573.538026862609,1077.3533173171984,122454167.64273037
8482,8483.0,30.0,494.0,12755196.984185982,45267.32919104211,492.6075125283441,977.5527689452483,2682.071545455345,444.6990685667964,235.69050634040212,1396.5039556360691,1272304.0755097177,6573.538026862609,1077.3533173171984,122454167.64273037
8483,8484.0,30.0,494.0,12810516.137250502,36196.51330657583,492.6075125283441,977.5527689452483,2679.6690295860967,444.3007210390871,235.47938215071616,1396.5039556360691,1272304.0755097177,6573.538026862609,1077.3533173171984,122454167.64273037
8484,8485.0,30.0,494.0,12871592.00812916,24131.00887105055,492.6075125283441,977.5527689452483,2678.0699413043913,444.03558528212506,235.3388601995263,1396.5039556360691,1272304.0755097177,6573.538026862609,1077.3533173171984,122454167.64273037
8485,8486.0,30.0,494.0,12932667.87900782,12065.504435525276,492.6075125283441,977.5527689452483,2678.0699413043913,444.03558528212506,235.3388601995263,1396.5039556360691,1272304.0755097177,6573.538026862609,1077.3533173171984,122454167.64273037
8486,8487.0,30.0,494.0,12993743.74988648,0.0,492.6075125283441,977.5527689452483,2678.0699413043913,444.03558528212506,235.3388601995263,1396.5039556360691,1272304.0755097177,6573.538026862609,1077.3533173171984,122454167.64273037
8487,8488.0,30.0,494.0,12156189.70712471,0.0,542.007512528344,1066.1044482393195,2927.689361760066,485.4235653906035,257.2744896570199,1523.0063546275992,1272304.0755097177,6573.538026862609,1077.3533173171984,122454167.64273037
8488,8489.0,30.0,494.0,11253432.291843504,0.0,544.0265067842172,1072.6998661510165,2945.8014096821316,488.42662131371185,258.86610929626727,1532.428380215738,1272304.0755097177,6573.538026862609,1077.3533173171984,122454167.64273037
8489,8490.0,30.0,494.0,10315354.710109917,0.0,544.0265067842172,1076.2725534133929,2955.6125670300153,490.05335365855143,259.7282774390323,1537.53221916199,1272304.0755097177,6573.538026862609,1077.3533173171984,122454167.64273037
8490,8491.0,30.0,494.0,9341703.04913617,12947.693214534782,544.0265067842172,1077.3533173171984,2965.4942557078375,491.69178040311044,260.59664361364855,1539.0761675959977,1272304.0755097177,6573.538026862609,1077.3533173171984,122454167.64273037
8491,8492.0,30.0,494.0,8364157.19883718,27921.17344251834,541.9278800000001,1077.3533173171984,2966.575974964849,491.8711341369283,260.691701092572,1539.0761675959977,1272304.0755097177,6573.538026862609,1077.3533173171984,122454167.64273037
8492,8493.0,30.0,494.0,7386611.348538192,42894.653670504,541.39436,1077.3533173171984,2966.575974964849,491.8711341369282,260.691701092572,1539.0761675959977,1272304.0755097177,6573.538026862609,1077.3533173171984,122454167.64273037
8493,8494.0,30.0,494.0,6412328.395541903,56170.74981415948,541.39436,1077.3533173171984,2965.669614602988,491.7208556667701,260.6120535033882,1539.0761675959977,1272304.0755097177,6573.538026862609,1077.3533173171984,122454167.64273037
8494,8495.0,30.0,494.0,5463566.206347639,56170.74981415948,540.18070859244,1077.3533173171984,2958.58051354687,490.5454520344646,259.98908957826626,1539.0761675959977,1272304.0755097177,6573.538026862609,1077.3533173171984,122454167.64273037
8495,8496.0,30.0,494.0,5067911.17394137,0.0,510.86154578012395,1032.327797672866,2804.9396366613155,465.0711297850958,246.4876987861008,1474.7539966755228,1272304.0755097177,6573.538026862609,1077.3533173171984,122454167.64273037
8496,8497.0,30.0,494.0,4705858.552416211,8844.168336020783,510.861545780124,1016.2870742958756,2795.605633638785,463.52351169222567,245.66746119687963,1451.8386775655367,1272304.0755097177,6573.538026862609,1077.3533173171984,122454167.64273037
8497,8498.0,30.0,494.0,4355965.214679169,11362.984427056275,510.861545780124,1016.2870742958756,2792.228054808752,462.9634945061548,245.37065208826206,1451.8386775655367,1272304.0755097177,6573.538026862609,1077.3533173171984,122454167.64273037
8498,8499.0,30.0,494.0,4012139.6301305275,10725.30899103731,510.861545780124,1016.2870742958756,2790.5425678119745,462.6840334683542,245.22253773822774,1451.8386775655367,1272304.0755097177,6573.538026862609,1077.3533173171984,122454167.64273037
8499,8500.0,30.0,494.0,3671344.9567782227,8510.930414095521,510.861545780124,1016.2870742958756,2789.7006480352143,462.5444395260645,245.1485529488142,1451.8386775655367,1272304.0755097177,6573.538026862609,1077.3533173171984,122454167.64273037
8500,8501.0,30.0,494.0,3342654.203920666,0.0,510.861545780124,1016.2870742958756,2786.3384478977846,461.98697219377664,244.85309526270163,1451.8386775655367,1272304.0755097177,6573.538026862609,1077.3533173171984,122454167.64273037
8501,8502.0,30.0,494.0,3029049.1161981374,4172.869197553955,510.861545780124,1012.2948425068852,2782.147985360277,461.2921753713535,244.48485294681737,1446.1354892955503,1272304.0755097177,6573.538026862609,1077.3533173171984,122454167.64273037
8502,8503.0,30.0,494.0,2724471.9271785766,3649.356574977748,510.861545780124,1012.2948425068852,2779.640235720563,460.876379629115,244.26448120343096,1446.1354892955503,1272304.0755097177,6573.538026862609,1077.3533173171984,122454167.64273037
8503,8504.0,30.0,494.0,2425903.5772279818,0.0,510.861545780124,1012.2948425068852,2777.9711137569616,460.5996319846326,244.11780495185528,1446.1354892955503,1272304.0755097177,6573.538026862609,1077.3533173171984,122454167.64273037
8504,8505.0,30.0,494.0,2127335.227277389,56170.74981415948,510.861545780124,1000.663155153442,2777.9711137569616,460.5996319846326,244.11780495185528,1429.5187930763457,1272304.0755097177,6573.538026862609,1077.3533173171984,122454167.64273037
8505,8506.0,30.0,494.0,2723956.758862719,49627.808436602354,461.46154578012397,922.3076987487065,2529.3072577747607,419.3700886009422,222.26614695849938,1317.5824267838664,1272304.0755097177,6573.538026862609,1077.3533173171984,122454167.64273037
8506,8507.0,30.0,494.0,3320578.290448049,43084.8670590464,461.46154578012397,922.3076987487065,2529.3072577747607,419.3700886009422,222.26614695849938,1317.5824267838664,1272304.0755097177,6573.538026862609,1077.3533173171984,122454167.64273037
8507,8508.0,30.0,494.0,3922620.5730110835,33722.00964335818,461.46154578012397,922.3076987487065,2527.8014936142868,419.12042638712893,222.13382598517833,1317.5824267838664,1272304.0755097177,6573.538026862609,1077.3533173171984,122454167.64273037
8508,8509.0,30.0,494.0,4527370.596456803,22950.56475084275,461.46154578012397,922.3076987487065,2527.0493433690967,418.99571662164,222.0677298094692,1317.5824267838664,1272304.0755097177,6573.538026862609,1077.3533173171984,122454167.64273037
8509,8510.0,30.0,494.0,5132120.619902514,12179.119858331978,461.4615457801244,922.3076987487065,2527.049343369099,418.9957166216404,222.06772980946943,1317.5824267838664,1272304.0755097177,6573.538026862609,1077.3533173171984,122454167.64273037
8510,8511.0,30.0,494.0,5739576.630102467,0.0,461.4615457801244,922.3076987487065,2526.2976803818096,418.87108764561987,222.00167645217854,1317.5824267838664,1272304.0755097177,6573.538026862609,1077.3533173171984,122454167.64273037
8511,8512.0,30.0,494.0,5830206.249720793,0.0,489.86028,972.2172930866983,2669.8605666544836,442.67443544012485,234.61745078326618,1388.881847266712,1272304.0755097177,6573.538026862609,1077.3533173171984,122454167.64273037
8512,8513.0,30.0,494.0,4972443.581838051,0.0,539.26028,1068.148580665965,2933.302868738114,486.35430913931566,257.7677838438373,1525.9265438085215,1272304.0755097177,6573.538026862609,1077.3533173171984,122454167.64273037
8513,8514.0,30.0,494.0,4069698.739992343,0.0,539.26028,1072.6985943293535,2945.7979170611598,488.4260422220409,258.8658023776817,1532.4265633276477,1272304.0755097177,6573.538026862609,1077.3533173171984,122454167.64273037
8514,8515.0,30.0,494.0,3128068.3476630207,30.065905054990644,539.26028,1076.6260793303827,2956.599458862164,490.21698459497304,259.81500183533575,1538.037256186261,1272304.0755097177,6573.538026862609,1077.3533173171984,122454167.64273037
8515,8516.0,30.0,494.0,2150522.497364033,18743.627208090144,539.26028,1076.6260793303827,2966.575974964849,491.87113413692816,260.6917010925719,1538.0372561862612,1272304.0755097177,6573.538026862609,1077.3533173171984,122454167.64273037
8516,8517.0,30.0,494.0,1172976.6470650453,37457.18851112406,538.1932400000001,1076.6260793303827,2966.575974964849,491.8711341369281,260.6917010925719,1538.0372561862612,1272304.0755097177,6573.538026862609,1077.3533173171984,122454167.64273037
8517,8518.0,30.0,494.0,195430.7967660576,56170.74981415948,538.1932400000001,1076.6260793303827,2966.575974964849,491.8711341369281,260.6917010925719,1538.0372561862612,1272304.0755097177,6573.538026862609,1077.3533173171984,122454167.64273037
8518,8519.0,30.0,494.0,0.0,0.0,496.32255988921247,1012.0748190450552,2749.3217934279237,455.8494506977155,241.6002088697892,1445.8211700643647,1272304.0755097177,6573.538026862609,1077.3533173171984,122454167.64273037
8519,8520.0,30.0,494.0,734721.0109690747,1706.1771868960932,446.9225598892124,906.7347361515825,2490.946291279276,413.00967435368995,218.89512740745567,1295.3353373594036,1272304.0755097177,6573.538026862609,1077.3533173171984,122454167.64273037
8520,8521.0,30.0,494.0,1509871.7814590596,23670.23292751331,446.9225598892124,898.7061740251546,2479.7158025234667,411.1476107194365,217.90823368130137,1283.8659628930782,1272304.0755097177,6573.538026862609,1077.3533173171984,122454167.64273037
8521,8522.0,30.0,494.0,2301083.373283161,37279.32680915762,446.9225598892124,898.7061740251546,2475.254463263985,410.4079013643249,217.5161877230922,1283.8659628930782,1272304.0755097177,6573.538026862609,1077.3533173171984,122454167.64273037
8522,8523.0,30.0,494.0,3094965.641807842,49499.114284447394,446.9225598892124,898.7061740251546,2474.5126086249406,410.2848986548878,217.45099628709053,1283.8659628930782,1272304.0755097177,6573.538026862609,1077.3533173171984,122454167.64273037
8523,8524.0,30.0,494.0,3899513.1747151334,56170.74981415948,446.9225598892124,898.7061740251546,2471.5500351853266,409.7936911584326,217.19065631396927,1283.8659628930782,1272304.0755097177,6573.538026862609,1077.3533173171984,122454167.64273037
8524,8525.0,30.0,494.0,4717353.170605307,55927.54463159945,446.9225598892124,898.7061740251546,2467.857684356748,409.18148341286627,216.86618620881913,1283.8659628930782,1272304.0755097177,6573.538026862609,1077.3533173171984,122454167.64273037
8525,8526.0,30.0,494.0,5545795.975345643,50168.6773481993,446.9225598892124,898.7061740251546,2464.9124596761476,408.69315241573,216.60737078033694,1283.8659628930782,1272304.0755097177,6573.538026862609,1077.3533173171984,122454167.64273037
8526,8527.0,30.0,494.0,6382172.780114349,40282.48268551659,446.9225598892124,898.7061740251546,2462.708570779378,408.32773809959116,216.41370119278332,1283.8659628930782,1272304.0755097177,6573.538026862609,1077.3533173171984,122454167.64273037
8527,8528.0,30.0,494.0,7221190.811653104,29022.301695138216,446.9225598892124,898.7061740251546,2461.974896676587,408.20609175846516,216.34922863198653,1283.8659628930782,1272304.0755097177,6573.538026862609,1077.3533173171984,122454167.64273037
8528,8529.0,30.0,494.0,8060208.843191858,17762.120704761706,446.9225598892124,898.7061740251546,2461.974896676587,408.20609175846516,216.34922863198653,1283.8659628930782,1272304.0755097177,6573.538026862609,1077.3533173171984,122454167.64273037
8529,8530.0,30.0,494.0,8893942.702356774,9250.806520207785,446.9225598892124,898.7061740251546,2463.4427223359867,408.4494636046262,216.4782157104519,1283.8659628930782,1272304.0755097177,6573.538026862609,1077.3533173171984,122454167.64273037
8530,8531.0,30.0,494.0,9719737.394912971,4869.507409471087,446.9225598892124,898.7061740251546,2465.6480463939643,408.8151158767038,216.67201141465304,1283.8659628930782,1272304.0755097177,6573.538026862609,1077.3533173171984,122454167.64273037
8531,8532.0,30.0,494.0,10542882.249724569,1866.6741211228073,446.9225598892124,898.7061740251546,2466.3841124341307,408.93715881139747,216.73669417004066,1283.8659628930782,1272304.0755097177,6573.538026862609,1077.3533173171984,122454167.64273037
8532,8533.0,30.0,494.0,11363375.539543945,243.20518256165087,446.9225598892124,898.7061740251546,2467.120658265303,409.0592812975162,216.8014190876836,1283.8659628930782,1272304.0755097177,6573.538026862609,1077.3533173171984,122454167.64273037
8533,8534.0,30.0,494.0,12181215.535434123,0.0,446.9225598892122,898.7061740251546,2467.857684356747,409.1814834128661,216.86618620881904,1283.8659628930782,1272304.0755097177,6573.538026862609,1077.3533173171984,122454167.64273037
8534,8535.0,30.0,494.0,12993743.74988648,0.0,446.9225598892122,899.1961787052575,2469.3331792005865,409.42612684299473,216.99584722678722,1284.5659695789393,1272304.0755097177,6573.538026862609,1077.3533173171984,122454167.64273037
8535,8536.0,30.0,494.0,12993743.74988648,0.0,491.01817667759997,981.3846136326232,2695.0354609929077,446.84854186265284,236.829727187206,1401.978019475176,1272304.0755097177,6573.538026862609,1077.3533173171984,122454167.64273037
8536,8537.0,30.0,494.0,12599685.384341143,0.0,511.27654066645925,1021.2442022083085,2804.4961180888345,464.99759248650713,246.4487240178488,1458.9202888690122,1272304.0755097177,6573.538026862609,1077.3533173171984,122454167.64273037
8537,8538.0,30.0,494.0,12177985.379312186,0.0,511.27654066645925,1024.0401950705593,2812.174351278733,466.27067677598933,247.12345869127435,1462.9145643865133,1272304.0755097177,6573.538026862609,1077.3533173171984,122454167.64273037
8538,8539.0,30.0,494.0,11737766.66657496,2499.232732734643,511.2765406664598,1025.4274279223107,2817.318436753248,467.1235884080527,247.57550185626795,1464.8963256033012,1272304.0755097177,6573.538026862609,1077.3533173171984,122454167.64273037
8539,8540.0,30.0,494.0,11282059.75170551,13055.54644449614,511.2765406664598,1025.4274279223107,2821.6207151233107,467.8369247793824,247.95357013307267,1464.8963256033012,1272304.0755097177,6573.538026862609,1077.3533173171984,122454167.64273037
8540,8541.0,30.0,494.0,10820143.254204389,26842.132442362607,511.2765406664598,1025.4274279223107,2823.345599187664,468.12291802147297,248.1051465513807,1464.8963256033012,1272304.0755097177,6573.538026862609,1077.3533173171984,122454167.64273037
8541,8542.0,30.0,494.0,10364436.339334939,37398.44615412317,511.2765406664598,1025.4274279223107,2821.6207151233107,467.8369247793824,247.95357013307267,1464.8963256033012,1272304.0755097177,6573.538026862609,1077.3533173171984,122454167.64273037
8542,8543.0,30.0,494.0,9911831.14707571,46341.22008691542,511.2765406664598,1025.4274279223107,2820.75912550936,467.6940694929677,247.87785683127288,1464.8963256033012,1272304.0755097177,6573.538026862609,1077.3533173171984,122454167.64273037
8543,8544.0,30.0,494.0,9462325.63431811,53671.517081424594,511.2765406664598,1025.4274279223107,2819.898103425574,467.5513083055103,247.80219340192048,1464.8963256033012,1272304.0755097177,6573.538026862609,1077.3533173171984,122454167.64273037
8544,8545.0,30.0,494.0,9022106.921580885,56170.74981415948,511.2765406664598,1025.4274279223107,2817.318436753248,467.1235884080527,247.57550185626795,1464.8963256033012,1272304.0755097177,6573.538026862609,1077.3533173171984,122454167.64273037
8545,8546.0,30.0,494.0,8594242.12747461,52243.379770915024,511.2765406664598,1025.4274279223107,2813.8867926890953,466.55460697220417,247.27394169526823,1464.8963256033012,1272304.0755097177,6573.538026862609,1077.3533173171984,122454167.64273037
8546,8547.0,30.0,494.0,8169460.74042777,47931.15209562052,511.2765406664598,1025.1903701500023,2813.030290728141,466.4125952406725,247.19867547755643,1464.5576716428604,1272304.0755097177,6573.538026862609,1077.3533173171984,122454167.64273037
8547,8548.0,30.0,494.0,7747760.735398788,42015.965972777456,511.2765406664598,1025.1903701500023,2812.1743512787357,466.27067677598984,247.12345869127464,1464.5576716428604,1272304.0755097177,6573.538026862609,1077.3533173171984,122454167.64273037
8548,8549.0,30.0,494.0,7326060.730369806,36100.77984993439,511.2765406664598,1025.1903701500023,2812.1743512787357,466.27067677598984,247.12345869127464,1464.5576716428604,1272304.0755097177,6573.538026862609,1077.3533173171984,122454167.64273037
8549,8550.0,30.0,494.0,6904360.725340825,30185.593727091327,511.2765406664598,1025.1903701500023,2812.1743512787357,466.27067677598984,247.12345869127464,1464.5576716428604,1272304.0755097177,6573.538026862609,1077.3533173171984,122454167.64273037
8550,8551.0,30.0,494.0,6479579.3382939845,25873.366051796824,511.2765406664598,1025.1903701500023,2813.030290728141,466.4125952406725,247.19867547755643,1464.5576716428604,1272304.0755097177,6573.538026862609,1077.3533173171984,122454167.64273037
8551,8552.0,30.0,494.0,6054797.9512471445,21561.138376472518,511.2765406664598,1025.1903701500023,2813.030290728141,466.4125952406725,247.19867547755643,1464.5576716428604,1272304.0755097177,6573.538026862609,1077.3533173171984,122454167.64273037
8552,8553.0,30.0,494.0,5630016.564200304,17248.910701178014,511.2765406664598,1025.1903701500023,2813.030290728141,466.4125952406725,247.19867547755643,1464.5576716428604,1272304.0755097177,6573.538026862609,1077.3533173171984,122454167.64273037
8553,8554.0,30.0,494.0,5205235.177153464,12936.68302588351,511.2765406664598,1025.1903701500023,2813.030290728141,466.4125952406725,247.19867547755643,1464.5576716428604,1272304.0755097177,6573.538026862609,1077.3533173171984,122454167.64273037
8554,8555.0,30.0,494.0,4780453.790106624,8624.455350589007,511.2765406664598,1025.1903701500023,2813.030290728141,466.4125952406725,247.19867547755643,1464.5576716428604,1272304.0755097177,6573.538026862609,1077.3533173171984,122454167.64273037
8555,8556.0,30.0,494.0,4355672.403059784,4312.227675294504,511.2765406664598,1025.1903701500023,2813.030290728141,466.4125952406725,247.19867547755643,1464.5576716428604,1272304.0755097177,6573.538026862609,1077.3533173171984,122454167.64273037
8556,8557.0,30.0,494.0,3930891.0160129447,0.0,511.2765406664598,1025.1903701500023,2813.030290728141,466.4125952406725,247.19867547755643,1464.5576716428604,1272304.0755097177,6573.538026862609,1077.3533173171984,122454167.64273037
8557,8558.0,30.0,494.0,3503026.22190667,0.0,511.2765406664598,1024.6637726361243,2813.8867926890953,466.55460697220417,247.27394169526823,1463.8053894801778,1272304.0755097177,6573.538026862609,1077.3533173171984,122454167.64273037
8558,8559.0,30.0,494.0,3075161.427800395,0.0,511.2765406664598,1024.6637726361243,2813.8867926890953,466.55460697220417,247.27394169526823,1463.8053894801778,1272304.0755097177,6573.538026862609,1077.3533173171984,122454167.64273037
8559,8560.0,30.0,494.0,2647296.63369412,0.0,511.2765406664598,1024.6637726361243,2813.8867926890953,466.55460697220417,247.27394169526823,1463.8053894801778,1272304.0755097177,6573.538026862609,1077.3533173171984,122454167.64273037
8560,8561.0,30.0,494.0,2219431.8395878454,0.0,511.2765406664598,1024.6637726361243,2813.8867926890953,466.55460697220417,247.27394169526823,1463.8053894801778,1272304.0755097177,6573.538026862609,1077.3533173171984,122454167.64273037
8561,8562.0,30.0,494.0,1788481.6113836584,1605.0663705226034,511.2765406664598,1024.6637726361243,2814.743857716293,466.69671206255555,247.34925739315446,1463.8053894801778,1272304.0755097177,6573.538026862609,1077.3533173171984,122454167.64273037
8562,8563.0,30.0,494.0,1354443.9200435528,4816.254632631317,511.2765406664598,1024.6637726361243,2815.6014863651594,466.83891060381876,247.42462262002397,1463.8053894801778,1272304.0755097177,6573.538026862609,1077.3533173171984,122454167.64273037
8563,8564.0,30.0,494.0,914225.2073063258,11242.857408609241,511.2765406664598,1024.6637726361243,2817.318436753248,467.1235884080527,247.57550185626795,1463.8053894801778,1272304.0755097177,6573.538026862609,1077.3533173171984,122454167.64273037
8564,8565.0,30.0,494.0,464719.69454872364,22500.52444636356,511.2765406664598,1024.6637726361243,2819.898103425574,467.5513083055103,247.80219340192048,1463.8053894801778,1272304.0755097177,6573.538026862609,1077.3533173171984,122454167.64273037
8565,8566.0,30.0,494.0,5909.0119397602975,38598.811872204766,511.2765406664599,1024.6637726361243,2822.482872828731,467.97987425782117,248.02933335664522,1463.8053894801778,1272304.0755097177,6573.538026862609,1077.3533173171984,122454167.64273037
8566,8567.0,30.0,494.0,0.0,0.0,486.5285418552001,989.487643491782,2696.6768531983967,447.1206917932431,236.97396665041887,1413.5537764168316,1272304.0755097177,6573.538026862609,1077.3533173171984,122454167.64273037
8567,8568.0,30.0,494.0,0.0,0.0,486.5285418552001,981.3846136326232,2695.0354609929077,446.8485418626529,236.82972718720603,1401.978019475176,1272304.0755097177,6573.538026862609,1077.3533173171984,122454167.64273037
8568,8569.0,30.0,494.0,244553.41138136608,14242.477992840111,473.7155222721884,953.8783023599754,2627.103957831417,435.5852046733653,230.8601584768836,1362.6832890856792,1272304.0755097177,6573.538026862609,1077.3533173171984,122454167.64273037
8569,8570.0,30.0,494.0,497705.70420286246,24011.752220600098,473.7155222721884,953.8783023599754,2624.715379653603,435.18916807520935,230.65025907986097,1362.6832890856792,1272304.0755097177,6573.538026862609,1077.3533173171984,122454167.64273037
8570,8571.0,30.0,494.0,756581.1631123088,30803.79176138062,473.7155222721884,953.8783023599754,2623.1256112958395,434.92557760196775,230.51055612904293,1362.6832890856792,1272304.0755097177,6573.538026862609,1077.3533173171984,122454167.64273037
8571,8572.0,30.0,494.0,1018315.3841766231,36108.681406716816,473.7155222721884,953.8783023599754,2622.331510697265,434.79391228635274,230.44077351176696,1362.6832890856792,1272304.0755097177,6573.538026862609,1077.3533173171984,122454167.64273037
8572,8573.0,30.0,494.0,1282906.4892740548,39927.39816988073,473.7155222721884,953.8783023599754,2621.537931799177,434.66233347093595,230.37103673959606,1362.6832890856792,1272304.0755097177,6573.538026862609,1077.3533173171984,122454167.64273037
8573,8574.0,30.0,494.0,1553205.7354708314,50272.48613273259,473.7155222721884,952.031898793022,2619.9523370493584,434.39943499995246,230.23170054997482,1360.0455697043174,1272304.0755097177,6573.538026862609,1077.3533173171984,122454167.64273037
8574,8575.0,30.0,494.0,1832053.1535796206,56170.74981415948,473.7155222721884,952.031898793022,2617.5778448515953,434.0057339182443,230.02303897666948,1360.0455697043174,1272304.0755097177,6573.538026862609,1077.3533173171984,122454167.64273037
8575,8576.0,30.0,494.0,2122272.0039790347,56153.50761366194,473.7155222721884,952.031898793022,2614.419113659737,433.48200261761866,229.7454613873379,1360.0455697043174,1272304.0755097177,6573.538026862609,1077.3533173171984,122454167.64273037
8576,8577.0,30.0,494.0,2423832.5309632607,50236.23867658153,473.7155222721884,952.031898793022,2611.268647941734,432.95964176832604,229.4686101372128,1360.0455697043174,1272304.0755097177,6573.538026862609,1077.3533173171984,122454167.64273037
8577,8578.0,30.0,494.0,2731052.7743241265,41374.742076688446,473.7155222721884,952.031898793022,2609.696504503778,432.69897358305826,229.3304559990209,1360.0455697043174,1272304.0755097177,6573.538026862609,1077.3533173171984,122454167.64273037
8578,8579.0,30.0,494.0,3046748.730714226,28104.114859274385,473.7155222721884,952.031898793022,2607.3421397734355,432.30860972254754,229.1235631529502,1360.0455697043174,1272304.0755097177,6573.538026862609,1077.3533173171984,122454167.64273037
8579,8580.0,30.0,494.0,3356796.058144467,17771.94754582923,473.7155222721884,952.031898793022,2608.9112033733963,432.5687672573482,229.26144664639457,1360.0455697043174,1272304.0755097177,6573.538026862609,1077.3533173171984,122454167.64273037
8580,8581.0,30.0,494.0,3661187.368628055,10382.083423472941,473.7155222721884,952.031898793022,2610.482319191911,432.82926505886576,229.39951048119886,1360.0455697043174,1272304.0755097177,6573.538026862609,1077.3533173171984,122454167.64273037
8581,8582.0,30.0,494.0,3957080.7694787737,7412.896761287004,473.7155222721884,952.031898793022,2612.8428496454862,433.2206512229698,229.60694514817402,1360.0455697043174,1272304.0755097177,6573.538026862609,1077.3533173171984,122454167.64273037
8582,8583.0,30.0,494.0,4252974.170329493,4443.710099100135,473.7155222721884,952.031898793022,2612.8428496454862,433.2206512229698,229.60694514817402,1360.0455697043174,1272304.0755097177,6573.538026862609,1077.3533173171984,122454167.64273037
8583,8584.0,30.0,494.0,4551702.061375739,0.0,473.7155222721884,952.031898793022,2612.0554912578395,433.0901037951027,229.53775501140444,1360.0455697043174,1272304.0755097177,6573.538026862609,1077.3533173171984,122454167.64273037
8584,8585.0,30.0,494.0,3928520.47304523,0.0,523.1155222721884,1044.4203562805944,2868.141457751382,475.5502652198316,252.04164056651075,1492.0290804008491,1272304.0755097177,6573.538026862609,1077.3533173171984,122454167.64273037
8585,8586.0,30.0,494.0,3295905.4837412536,1157.808505426161,523.1155222721884,1045.1494293594458,2870.7618469106787,475.98473708185054,252.2719106533808,1493.070613370637,1272304.0755097177,6573.538026862609,1077.3533173171984,122454167.64273037
8586,8587.0,30.0,494.0,2647526.815893298,10516.002922133543,523.1155222721884,1045.1494293594458,2875.1406465062287,476.71076100350217,252.65670333185616,1493.070613370637,1272304.0755097177,6573.538026862609,1077.3533173171984,122454167.64273037
8587,8588.0,30.0,494.0,1992828.1587767024,23161.904000293463,523.1155222721884,1045.1494293594458,2876.896199080851,477.0018392173095,252.81097478517404,1493.070613370637,1272304.0755097177,6573.538026862609,1077.3533173171984,122454167.64273037
8588,8589.0,30.0,494.0,1334966.3878689967,37453.28101835027,523.1155222721883,1045.1494293594458,2877.7748418006036,477.14752198246134,252.8881866507045,1493.070613370637,1272304.0755097177,6573.538026862609,1077.3533173171984,122454167.64273037
8589,8590.0,30.0,494.0,683428.7644219429,48454.78825173434,523.1155222721866,1045.1494293594458,2876.0181341726447,476.8562522558125,252.73381369558064,1493.070613370637,1272304.0755097177,6573.538026862609,1077.3533173171984,122454167.64273037
8590,8591.0,30.0,494.0,38206.976151287556,56170.74981415948,523.1155222721866,1045.1494293594458,2874.2637355125344,476.56536536602465,252.57964364399308,1493.070613370637,1272304.0755097177,6573.538026862609,1077.3533173171984,122454167.64273037
8591,8592.0,30.0,494.0,0.0,15513.839761380106,490.8578325768,993.1548162689754,2705.6485099238207,448.6082313020446,237.76236259008365,1418.792594669965,1272304.0755097177,6573.538026862609,1077.3533173171984,122454167.64273037
8592,8593.0,30.0,494.0,0.0,43209.18524987437,490.8578325768,975.9994075654159,2695.0354609929077,446.8485418626529,236.82972718720603,1394.2848679505944,1272304.0755097177,6573.538026862609,1077.3533173171984,122454167.64273037
8593,8594.0,30.0,494.0,34981.085777092725,52707.10288753454,490.8578325768,975.9994075654159,2685.318492721493,445.2374264742833,235.97583603137016,1394.2848679505944,1272304.0755097177,6573.538026862609,1077.3533173171984,122454167.64273037
8594,8595.0,30.0,494.0,81561.90658680536,56170.74981415948,490.8578325768,975.9994075654159,2682.096344101321,444.7031802896122,235.69268555349447,1394.2848679505944,1272304.0755097177,6573.538026862609,1077.3533173171984,122454167.64273037
8595,8596.0,30.0,494.0,136822.7581784092,55118.97846866399,490.8578325768,975.9994075654159,2679.6852244396846,444.30340621589306,235.48080529442336,1394.2848679505944,1272304.0755097177,6573.538026862609,1077.3533173171984,122454167.64273037
8596,8597.0,30.0,494.0,197860.90992730297,51061.811480085365,490.8578325768,975.9994075654159,2678.0804188404372,444.0373225029417,235.33978092655911,1394.2848679505944,1272304.0755097177,6573.538026862609,1077.3533173171984,122454167.64273037
8597,8598.0,30.0,494.0,264668.8692526296,44003.14654617477,490.8578325768,975.9994075654159,2676.4776945136505,443.7715838739707,235.1989394532045,1394.2848679505944,1272304.0755097177,6573.538026862609,1077.3533173171984,122454167.64273037
8598,8599.0,30.0,494.0,334358.92720177956,35445.19190752957,490.8578325768,975.9994075654159,2675.6771115625884,443.6388437562617,235.1285871908187,1394.2848679505944,1272304.0755097177,6573.538026862609,1077.3533173171984,122454167.64273037
8599,8600.0,30.0,494.0,401166.88652710617,28386.526973620683,490.8578325768,975.9994075654159,2676.4776945136505,443.7715838739707,235.1989394532045,1394.2848679505944,1272304.0755097177,6573.538026862609,1077.3533173171984,122454167.64273037
8600,8601.0,30.0,494.0,462205.03827599995,24329.359985031784,490.8578325768,975.9994075654159,2678.0804188404372,444.0373225029417,235.33978092655911,1394.2848679505944,1272304.0755097177,6573.538026862609,1077.3533173171984,122454167.64273037
8601,8602.0,30.0,494.0,517465.8898676038,23277.588639537695,490.8578325768,975.9994075654159,2679.6852244396846,444.30340621589306,235.48080529442336,1394.2848679505944,1272304.0755097177,6573.538026862609,1077.3533173171984,122454167.64273037
8602,8603.0,30.0,494.0,569835.277100442,23729.97912558614,490.8578325768,975.999407565416,2680.4884089837856,444.4365776889861,235.55138617516266,1394.2848679505944,1272304.0755097177,6573.538026862609,1077.3533173171984,122454167.64273037
8603,8604.0,30.0,494.0,627985.7162551638,21175.02227196558,490.8578325768,975.9994075654159,2678.8825612277074,444.1703211819223,235.41027022641885,1394.2848679505944,1272304.0755097177,6573.538026862609,1077.3533173171984,122454167.64273037
8604,8605.0,30.0,494.0,691909.7074536029,15616.619572553906,490.8578325768,975.9994075654158,2677.278796771119,443.9044100949292,235.26933735031247,1394.2848679505942,1272304.0755097177,6573.538026862609,1077.3533173171984,122454167.64273037
8605,8606.0,30.0,494.0,758717.6667789295,8557.954638644593,490.8578325768,975.9994075654158,2676.4776945136505,443.7715838739707,235.1989394532045,1394.2848679505942,1272304.0755097177,6573.538026862609,1077.3533173171984,122454167.64273037
8606,8607.0,30.0,494.0,828407.7247280795,0.0,490.8578325768,975.9994075654158,2675.6771115625884,443.6388437562617,235.1285871908187,1394.2848679505944,1272304.0755097177,6573.538026862609,1077.3533173171984,122454167.64273037
8607,8608.0,30.0,494.0,791596.933666025,0.0,496.4167629739246,985.1080797868019,2705.2606807323673,448.5439275438192,237.7282815982242,1407.2972568382886,1272304.0755097177,6573.538026862609,1077.3533173171984,122454167.64273037
8608,8609.0,30.0,494.0,713753.7827629978,0.0,496.41676297392445,989.258563889042,2716.6585584659715,450.4337449949458,238.7298848473213,1413.2265198414887,1272304.0755097177,6573.538026862609,1077.3533173171984,122454167.64273037
8609,8610.0,30.0,494.0,609334.4386399835,1899.1135743288323,496.4167629739244,991.5775131963874,2724.0408343604154,451.6577582841234,239.37861189058543,1416.5393045662677,1272304.0755097177,6573.538026862609,1077.3533173171984,122454167.64273037
8610,8611.0,30.0,494.0,487110.61935066804,13060.251041371375,496.4167629739244,991.5775131963874,2728.986521906606,452.47777468112827,239.813220580998,1416.5393045662677,1272304.0755097177,6573.538026862609,1077.3533173171984,122454167.64273037
8611,8612.0,30.0,494.0,358936.41986845434,27316.821707237512,496.4167629739244,991.5775131963874,2730.6394052935225,452.75182989932586,239.9584698466427,1416.5393045662677,1272304.0755097177,6573.538026862609,1077.3533173171984,122454167.64273037
8612,8613.0,30.0,494.0,230762.22038624063,41573.39237309992,496.41676297392434,991.5775131963874,2730.6394052935225,452.75182989932586,239.9584698466427,1416.5393045662677,1272304.0755097177,6573.538026862609,1077.3533173171984,122454167.64273037
8613,8614.0,30.0,494.0,111510.66983206943,51188.33295518253,496.4167629739245,991.5775131963874,2728.1608917023996,452.340881620459,239.7406672588433,1416.5393045662677,1272304.0755097177,6573.538026862609,1077.3533173171984,122454167.64273037
8614,8615.0,30.0,494.0,1164.262963627632,56170.74981415948,496.4167629739245,991.5775131963874,2725.687240678586,451.93073957629423,239.52329197543597,1416.5393045662677,1272304.0755097177,6573.538026862609,1077.3533173171984,122454167.64273037
8615,8616.0,30.0,494.0,0.0,38741.06081165094,491.0819875668081,984.8914867544418,2695.3588673716936,446.9021640397563,236.85814694107086,1406.9878382206311,1272304.0755097177,6573.538026862609,1077.3533173171984,122454167.64273037
8616,8617.0,30.0,494.0,7604.972038198389,16749.548820868134,491.0819875668081,984.8914867544418,2692.922968760075,446.4982815089024,236.64408919971828,1406.9878382206311,1272304.0755097177,6573.538026862609,1077.3533173171984,122454167.64273037
8617,8618.0,30.0,494.0,15209.944076396525,7616.955981720239,491.08198756680804,982.3911413638459,2692.922968760074,446.49828150890227,236.64408919971822,1403.4159162340657,1272304.0755097177,6573.538026862609,1077.3533173171984,122454167.64273037
8618,8619.0,30.0,494.0,16970.667911130935,1524.5856703268364,491.08198756680804,982.3911413638459,2694.546371038813,446.76744863178817,236.78674777484775,1403.4159162340657,1272304.0755097177,6573.538026862609,1077.3533173171984,122454167.64273037
8619,8620.0,30.0,494.0,9950.696603116103,0.0,491.081987566808,982.3911413638459,2696.9854530229118,447.17185897957495,237.00108525917474,1403.4159162340657,1272304.0755097177,6573.538026862609,1077.3533173171984,122454167.64273037
8620,8621.0,30.0,494.0,0.0,0.0,491.081987566808,982.3911413638459,2697.7995433826623,447.3068386840962,237.072624502571,1403.4159162340657,1272304.0755097177,6573.538026862609,1077.3533173171984,122454167.64273037
8621,8622.0,30.0,494.0,7604.972038200857,11599.049092960233,491.081987566808,978.359988765936,2692.922968760074,446.49828150890227,236.64408919971822,1397.6571268084801,1272304.0755097177,6573.538026862609,1077.3533173171984,122454167.64273037
8622,8623.0,30.0,494.0,38510.87154728547,11076.777846954763,491.081987566808,978.359988765936,2686.450488907051,445.4251163404212,236.07531166042324,1397.6571268084801,1272304.0755097177,6573.538026862609,1077.3533173171984,122454167.64273037
8623,8624.0,30.0,494.0,89705.7978226319,0.0,491.081987566808,978.359988765936,2680.8146481386448,444.490669552621,235.58005486288914,1397.6571268084801,1272304.0755097177,6573.538026862609,1077.3533173171984,122454167.64273037
8624,8625.0,30.0,494.0,1014504.2302192468,56170.74981415948,443.49528202676663,876.9177892758856,2438.1470075494035,404.255324628958,214.25532205334775,1252.739698965551,1272304.0755097177,6573.538026862609,1077.3533173171984,122454167.64273037
8625,8626.0,30.0,494.0,2838828.705718478,52028.99610549398,394.0952820267667,797.656826090231,2188.278662243121,362.82607170305744,192.29781800262046,1139.509751557473,1272304.0755097177,6573.538026862609,1077.3533173171984,122454167.64273037
8626,8627.0,30.0,494.0,4663153.181217704,47887.24239682825,394.0952820267667,797.656826090231,2188.278662243121,362.82607170305744,192.29781800262046,1139.509751557473,1272304.0755097177,6573.538026862609,1077.3533173171984,122454167.64273037
8627,8628.0,30.0,494.0,6489788.611167694,42543.31254210649,394.0952820267667,797.656826090231,2187.6367304512437,362.7196366340844,192.24140741606473,1139.509751557473,1272304.0755097177,6573.538026862609,1077.3533173171984,122454167.64273037
8628,8629.0,30.0,494.0,8325652.907469448,32398.455962261185,394.0952820267667,797.656826090231,2185.073156464643,362.2945849735591,192.01613003598632,1139.509751557473,1272304.0755097177,6573.538026862609,1077.3533173171984,122454167.64273037
8629,8630.0,30.0,494.0,10170722.217358816,17465.08104727976,394.0952820267667,797.656826090231,2182.516208245861,361.87063189401033,191.7914349038255,1139.509751557473,1272304.0755097177,6573.538026862609,1077.3533173171984,122454167.64273037
8630,8631.0,30.0,494.0,12020658.24962798,0.0,394.2073755038041,797.656826090231,2181.1643409181406,361.6464864410369,191.6726378137496,1139.509751557473,1272304.0755097177,6573.538026862609,1077.3533173171984,122454167.64273037
8631,8632.0,30.0,494.0,12974571.004505208,0.0,443.6073755038041,884.894922584229,2430.059695749233,402.914413335656,213.5446390678977,1264.1356036917557,1272304.0755097177,6573.538026862609,1077.3533173171984,122454167.64273037
8632,8633.0,30.0,494.0,12993743.74988648,0.0,493.0073755038043,979.4452619792044,2689.7096983869988,445.9655073760193,236.36171890929023,1399.2075171131492,1272304.0755097177,6573.538026862609,1077.3533173171984,122454167.64273037
8633,8634.0,30.0,494.0,12992561.154962435,0.0,493.0073755038043,981.5042348645159,2695.3639595829204,446.90300835041364,236.85859442571925,1402.1489069493084,1272304.0755097177,6573.538026862609,1077.3533173171984,122454167.64273037
8634,8635.0,30.0,494.0,12973857.202376593,0.0,493.0073755038043,983.2765461989552,2700.231003377864,447.70998527314066,237.28629219476457,1404.6807802842218,1272304.0755097177,6573.538026862609,1077.3533173171984,122454167.64273037
8635,8636.0,30.0,494.0,12940499.686841797,7564.19575519301,493.0073755038042,983.2879600002357,2704.301437530351,448.3848808699194,237.6439868610573,1404.6970857146225,1272304.0755097177,6573.538026862609,1077.3533173171984,122454167.64273037
8636,8637.0,30.0,494.0,12895384.833836535,21244.648212652653,493.0073755038042,983.2879600002357,2707.56736460548,448.9263857118682,237.93098442729016,1404.6970857146225,1272304.0755097177,6573.538026862609,1077.3533173171984,122454167.64273037
8637,8638.0,30.0,494.0,12847325.840925083,36456.66472352855,493.0073755038042,983.2879600002357,2708.3851812460885,449.06198324988065,238.00285112243677,1404.6970857146225,1272304.0755097177,6573.538026862609,1077.3533173171984,122454167.64273037
8638,8639.0,30.0,494.0,12805153.203726247,48606.55405896623,493.0073755038042,983.2879600002357,2706.7500824370336,448.79087679165303,237.85916469957613,1404.6970857146225,1272304.0755097177,6573.538026862609,1077.3533173171984,122454167.64273037
8639,8640.0,30.0,494.0,12771795.688191451,56170.74981415948,493.0073755038042,983.2879600002357,2704.301437530351,448.3848808699194,237.6439868610573,1404.6970857146225,1272304.0755097177,6573.538026862609,1077.3533173171984,122454167.64273037
8640,8641.0,30.0,494.0,12773526.672475256,56170.74981415948,493.0073755038042,981.2095220030169,2694.554632025184,446.7688183390769,236.7874737197108,1401.7278885757385,1272304.0755097177,6573.538026862609,1077.3533173171984,122454167.64273037
8641,8642.0,30.0,494.0,12801394.850656847,53351.081769484095,493.0073755038042,979.1139748312872,2687.2943003869104,445.5650239352709,236.1494626856936,1398.7342497589818,1272304.0755097177,6573.538026862609,1077.3533173171984,122454167.64273037
8642,8643.0,30.0,494.0,12840830.66007013,44513.843656080775,493.0073755038042,979.1139748312872,2684.0810694892175,445.03225634757723,235.86709586421594,1398.7342497589818,1272304.0755097177,6573.538026862609,1077.3533173171984,122454167.64273037
8643,8644.0,30.0,494.0,12886039.05539883,32673.662284198217,493.0073755038042,979.1139748312872,2682.4775734016025,444.7663897573212,235.72618657138023,1398.7342497589818,1272304.0755097177,6573.538026862609,1077.3533173171984,122454167.64273037
8644,8645.0,30.0,494.0,12937012.569544151,17834.422095634043,493.0073755038042,979.1139748312872,2680.876151508096,444.5008670774242,235.58545955103483,1398.7342497589818,1272304.0755097177,6573.538026862609,1077.3533173171984,122454167.64273037
8645,8646.0,30.0,494.0,12993743.74988648,0.0,493.0073755038042,979.1139748312872,2679.2767997867054,444.2356876410224,235.4449144497419,1398.7342497589818,1272304.0755097177,6573.538026862609,1077.3533173171984,122454167.64273037
8646,8647.0,30.0,494.0,12314887.320872465,7807.502569550648,533.74473118673,1048.533823554254,2883.606691274578,478.11446786184797,253.40066796677942,1497.905462220363,1272304.0755097177,6573.538026862609,1077.3533173171984,122454167.64273037
8647,8648.0,30.0,494.0,11639144.583073819,13995.239200375043,533.74473118673,1048.533823554254,2882.741777048087,477.97106134028724,253.32466251035225,1497.905462220363,1272304.0755097177,6573.538026862609,1077.3533173171984,122454167.64273037
8648,8649.0,30.0,494.0,10969623.19591004,16946.581739999354,533.74473118673,1048.533823554254,2881.0136240939573,477.68452610212603,253.1727988341268,1497.905462220363,1272304.0755097177,6573.538026862609,1077.3533173171984,122454167.64273037
8649,8650.0,30.0,494.0,10300101.808746262,19897.924279623665,533.74473118673,1048.533823554254,2881.0136240939573,477.68452610212603,253.1727988341268,1497.905462220363,1272304.0755097177,6573.538026862609,1077.3533173171984,122454167.64273037
8650,8651.0,30.0,494.0,9624359.070947615,26085.66091044806,533.74473118673,1048.533823554254,2882.741777048087,477.97106134028724,253.32466251035225,1497.905462220363,1272304.0755097177,6573.538026862609,1077.3533173171984,122454167.64273037
8651,8652.0,30.0,494.0,8933027.72554247,11422.576691117138,533.74473118673,1054.1649606282383,2887.07194582767,478.68902206220775,253.70518169297011,1505.9499437546262,1272304.0755097177,6573.538026862609,1077.3533173171984,122454167.64273037
8652,8653.0,30.0,494.0,8229189.1272754315,3265.8608851796016,533.74473118673,1054.1649606282383,2890.546182733752,479.2650655755633,254.01048475504857,1505.9499437546262,1272304.0755097177,6573.538026862609,1077.3533173171984,122454167.64273037
8653,8654.0,30.0,494.0,7515948.792844988,0.0,533.7447311867304,1054.1649606282383,2893.1577761124754,479.69807905910045,254.23998190132326,1505.9499437546262,1272304.0755097177,6573.538026862609,1077.3533173171984,122454167.64273037
8654,8655.0,30.0,494.0,6796430.463485981,0.0,533.7447311867304,1054.1649606282383,2894.9016635926337,479.9872231497664,254.3932282693762,1505.9499437546265,1272304.0755097177,6573.538026862609,1077.3533173171984,122454167.64273037
8655,8656.0,30.0,494.0,5867319.119419229,0.0,544.59548,1075.3656051648072,2953.1219454558945,489.6403978237078,259.5094108465652,1536.2365788068676,1272304.0755097177,6573.538026862609,1077.3533173171984,122454167.64273037
8656,8657.0,30.0,494.0,4925338.136021675,0.0,544.59548,1076.6673882855216,2956.696845270006,490.2331316828209,259.8235597918951,1538.0962689793168,1272304.0755097177,6573.538026862609,1077.3533173171984,122454167.64273037
8657,8658.0,30.0,494.0,3970453.968882519,3184.6996593258154,544.59548,1077.3533173171984,2960.2810629760065,490.8274104887311,260.13852755902747,1539.0761675959975,1272304.0755097177,6573.538026862609,1077.3533173171984,122454167.64273037
8658,8659.0,30.0,494.0,3002632.9422707437,13099.252370370552,544.59548,1077.3533173171984,2963.874635051734,491.42324028962196,260.4543173534996,1539.0761675959977,1272304.0755097177,6573.538026862609,1077.3533173171984,122454167.64273037
8659,8660.0,30.0,494.0,2028330.8162984075,26385.322442524135,544.59548,1077.3533173171984,2965.6749404296675,491.72173871188045,260.61252151729667,1539.0761675959977,1272304.0755097177,6573.538026862609,1077.3533173171984,122454167.64273037
8660,8661.0,30.0,494.0,1050813.441090012,41197.26958617754,544.59548,1077.3533173171984,2966.5680652174624,491.86982266658305,260.68412135805085,1539.0761675959977,1272304.0755097177,6573.538026862609,1077.3533173171984,122454167.64273037
8661,8662.0,30.0,494.0,73267.59079102613,56170.74981415948,544.59548,1077.3533173171984,2966.5759749648482,491.87113413692805,260.69170109257186,1539.0761675959977,1272304.0755097177,6573.538026862609,1077.3533173171984,122454167.64273037
8662,8663.0,30.0,494.0,0.0,0.0,495.19548,999.717829433852,2715.3875695459706,450.2230095319636,238.61819505194072,1428.1683277626457,1272304.0755097177,6573.538026862609,1077.3533173171984,122454167.64273037
8663,8664.0,30.0,494.0,733747.8679961569,0.0,451.5390039964524,907.164927682959,2491.2166087717533,413.05449416370794,218.91888190676522,1295.9498966899416,1272304.0755097177,6573.538026862609,1077.3533173171984,122454167.64273037
8664,8665.0,30.0,494.0,1486224.0190764312,21584.80661864113,451.5390039964523,901.0734883192099,2486.0143079150535,412.19193016935856,218.46172298976003,1287.2478404560143,1272304.0755097177,6573.538026862609,1077.3533173171984,122454167.64273037
8665,8666.0,30.0,494.0,2267958.6290717507,40903.03706034087,451.53900399645255,898.5546749171433,2477.88695821643,410.84438041923397,217.74752162219403,1283.6495355959191,1272304.0755097177,6573.538026862609,1077.3533173171984,122454167.64273037
8666,8667.0,30.0,494.0,3065564.633567238,51964.846928101964,451.53900399645255,898.5546749171433,2473.4782375219424,410.11339544989875,217.36009958844636,1283.6495355959191,1272304.0755097177,6573.538026862609,1077.3533173171984,122454167.64273037
8667,8668.0,30.0,494.0,3876349.8121840563,56170.74981415948,451.53900399645255,898.5546749171433,2469.817355821569,409.5064054219676,217.03839487364283,1283.6495355959191,1272304.0755097177,6573.538026862609,1077.3533173171984,122454167.64273037
8668,8669.0,30.0,494.0,4697647.723145781,54907.84908501245,451.53900399645255,898.5546749171433,2466.897152392429,409.0222230565998,216.7817782199979,1283.6495355959191,1272304.0755097177,6573.538026862609,1077.3533173171984,122454167.64273037
8669,8670.0,30.0,494.0,5524191.8341377545,50915.835053040646,451.53900399645255,898.5546749171433,2465.4398746062484,408.7806000934631,216.65371804953546,1283.6495355959191,1272304.0755097177,6573.538026862609,1077.3533173171984,122454167.64273037
8670,8671.0,30.0,494.0,6353356.509342194,45560.58351355698,451.53900399645255,898.5546749171433,2464.711940102786,408.65990540274316,216.58974986345387,1283.6495355959191,1272304.0755097177,6573.538026862609,1077.3533173171984,122454167.64273037
8671,8672.0,30.0,494.0,7185140.060402323,38842.97276264243,451.53900399645266,898.5546749171433,2463.9844745873183,408.53928847226234,216.52582289029905,1283.6495355959191,1272304.0755097177,6573.538026862609,1077.3533173171984,122454167.64273037
8672,8673.0,30.0,494.0,8019540.800592473,30763.88024786953,451.53900399645266,898.5546749171433,2463.2574776067545,408.41874922689607,216.46193709025493,1283.6495355959191,1272304.0755097177,6573.538026862609,1077.3533173171984,122454167.64273037
8673,8674.0,30.0,494.0,8853941.540782623,22684.78773309663,451.53900399645266,898.5546749171433,2463.2574776067545,408.41874922689607,216.46193709025493,1283.6495355959191,1272304.0755097177,6573.538026862609,1077.3533173171984,122454167.64273037
8674,8675.0,30.0,494.0,9685725.091842744,15967.176982185803,451.53900399645266,898.5546749171433,2463.9844745873183,408.53928847226234,216.52582289029905,1283.6495355959191,1272304.0755097177,6573.538026862609,1077.3533173171984,122454167.64273037
8675,8676.0,30.0,494.0,10512269.202834716,11975.16295021493,451.53900399645266,898.5546749171433,2465.439874606249,408.7806000934632,216.6537180495355,1283.6495355959191,1272304.0755097177,6573.538026862609,1077.3533173171984,122454167.64273037
8676,8677.0,30.0,494.0,11336191.059624225,9347.265571452677,451.53900399645266,898.5546749171433,2466.168278551377,408.90137261964276,216.71772748841067,1283.6495355959191,1272304.0755097177,6573.538026862609,1077.3533173171984,122454167.64273037
8677,8678.0,30.0,494.0,12162735.170616196,5355.251539481804,451.53900399645266,898.5546749171433,2465.439874606249,408.7806000934632,216.6537180495355,1283.6495355959191,1272304.0755097177,6573.538026862609,1077.3533173171984,122454167.64273037
8678,8679.0,30.0,494.0,12991899.845820634,0.0,451.53900399645266,898.5546749171433,2464.7119401027862,408.6599054027433,216.58974986345396,1283.6495355959191,1272304.0755097177,6573.538026862609,1077.3533173171984,122454167.64273037
8679,8680.0,30.0,494.0,12993743.74988648,0.0,497.32956,981.1980999994563,2694.5232654190613,446.76361762004666,236.78471733862474,1401.7115714277948,1272304.0755097177,6573.538026862609,1077.3533173171984,122454167.64273037
8680,8681.0,30.0,494.0,12080422.441536717,0.0,546.72956,1073.7684196148862,2948.735824423397,488.9131599761277,259.1239747873477,1533.9548851641232,1272304.0755097177,6573.538026862609,1077.3533173171984,122454167.64273037
8681,8682.0,30.0,494.0,11144717.197010797,0.0,546.72956,1076.0325879835777,2954.95358447233,489.94409149882233,259.67036849437585,1537.189411405111,1272304.0755097177,6573.538026862609,1077.3533173171984,122454167.64273037
8682,8683.0,30.0,494.0,10186526.280319598,6491.249296436893,546.72956,1077.0448597353793,2961.1996045182404,490.97970865130753,260.219245585193,1538.6355139076848,1272304.0755097177,6573.538026862609,1077.3533173171984,122454167.64273037
8683,8684.0,30.0,494.0,9208980.43002061,23051.082802343186,546.72956,1077.0448597353793,2966.575974964849,491.87113413692816,260.6917010925719,1538.6355139076848,1272304.0755097177,6573.538026862609,1077.3533173171984,122454167.64273037
8684,8685.0,30.0,494.0,8231434.579721624,39610.91630825069,546.0182,1077.0448597353795,2966.5759749648482,491.87113413692805,260.6917010925719,1538.6355139076852,1272304.0755097177,6573.538026862609,1077.3533173171984,122454167.64273037
8685,8686.0,30.0,494.0,7253888.729422636,56170.74981415948,545.84036,1077.0448597353795,2966.5759749648487,491.8711341369281,260.6917010925719,1538.6355139076852,1272304.0755097177,6573.538026862609,1077.3533173171984,122454167.64273037
8686,8687.0,30.0,494.0,7181500.968710983,8086.905620558187,496.44036000000006,998.0563794447276,2715.1431723017,450.18248741126496,238.59671832797045,1425.7948277781823,1272304.0755097177,6573.538026862609,1077.3533173171984,122454167.64273037
8687,8688.0,30.0,494.0,7179443.334761307,34819.72951070871,493.21590347912195,976.3946972710266,2695.6070259789276,446.9433098107112,236.87995419967694,1394.8495675300383,1272304.0755097177,6573.538026862609,1077.3533173171984,122454167.64273037
8688,8689.0,30.0,494.0,7200636.12734228,49457.5040365085,493.2159034791219,976.3946972710266,2689.14857416486,445.8724705517935,236.31240939245058,1394.8495675300383,1272304.0755097177,6573.538026862609,1077.3533173171984,122454167.64273037
8689,8690.0,30.0,494.0,7239187.715047153,55065.10082976334,493.21590347912,976.3946972710266,2684.326686630443,445.07298073247006,235.88867978820915,1394.8495675300383,1272304.0755097177,6573.538026862609,1077.3533173171984,122454167.64273037
8690,8691.0,30.0,494.0,7286393.439136382,56170.74981415948,493.21590347912,976.3946972710266,2681.9227598570105,444.67439927074133,235.67743161349293,1394.8495675300383,1272304.0755097177,6573.538026862609,1077.3533173171984,122454167.64273037
8691,8692.0,30.0,494.0,7342236.52411451,52783.177730492316,493.21590347912,976.3946972710266,2679.5234929434278,444.27659043394084,235.46659292998865,1394.8495675300383,1272304.0755097177,6573.538026862609,1077.3533173171984,122454167.64273037
8692,8693.0,30.0,494.0,7406700.24321622,44911.08596977405,493.21590347912,976.3946972710266,2677.1288723535486,443.8795519777168,235.2561625481899,1394.8495675300383,1272304.0755097177,6573.538026862609,1077.3533173171984,122454167.64273037
8693,8694.0,30.0,494.0,7476901.783065088,34054.136056477204,493.21590347912,976.3946972710266,2675.535033257111,443.6152865583874,235.11610187594533,1394.8495675300383,1272304.0755097177,6573.538026862609,1077.3533173171984,122454167.64273037
8694,8695.0,30.0,494.0,7552833.745457415,20216.176592653617,493.21590347912,976.3946972710266,2673.9432492172614,443.3513618763333,234.97622179445668,1394.8495675300383,1272304.0755097177,6573.538026862609,1077.3533173171984,122454167.64273037
8695,8696.0,30.0,494.0,7628765.707849741,6378.217128830031,493.21590347912,976.3946972710266,2673.9432492172614,443.3513618763333,234.97622179445668,1394.8495675300383,1272304.0755097177,6573.538026862609,1077.3533173171984,122454167.64273037
8696,8697.0,30.0,494.0,7690357.737772794,0.0,493.21590347912,976.3946972710266,2677.9265637920594,444.01181267013214,235.32626071517004,1394.8495675300383,1272304.0755097177,6573.538026862609,1077.3533173171984,122454167.64273037
8697,8698.0,30.0,494.0,7731795.904565547,0.0,493.21590347912,977.1930815548715,2683.524859106032,444.940034259114,235.81821815733042,1395.9901165069593,1272304.0755097177,6573.538026862609,1077.3533173171984,122454167.64273037
8698,8699.0,30.0,494.0,7755886.51979683,9024.328745541163,493.21590347912,977.1930815548715,2688.3436234286623,445.73900623640804,236.24167330529627,1395.9901165069593,1272304.0755097177,6573.538026862609,1077.3533173171984,122454167.64273037
8699,8700.0,30.0,494.0,7768374.555227034,3766.831578311976,493.21590347912,981.143721428719,2691.5665622622955,446.2733834418905,236.52489322420197,1401.633887755313,1272304.0755097177,6573.538026862609,1077.3533173171984,122454167.64273037
8700,8701.0,30.0,494.0,7769229.837820714,4560.781235751696,493.21590347912,981.143721428719,2694.797882494663,446.8091503195526,236.8088496693629,1401.633887755313,1272304.0755097177,6573.538026862609,1077.3533173171984,122454167.64273037
8701,8702.0,30.0,494.0,7758422.076689674,0.0,493.21590347912,983.3646532866046,2698.0376168626412,447.34631229731,237.0935455175743,1404.8066475522924,1272304.0755097177,6573.538026862609,1077.3533173171984,122454167.64273037
8702,8703.0,30.0,494.0,7738847.083127426,0.0,493.21590347912,983.3646532866046,2700.4729592046433,447.75010259625435,237.30755437601482,1404.8066475522924,1272304.0755097177,6573.538026862609,1077.3533173171984,122454167.64273037
8703,8704.0,30.0,494.0,6813558.233344239,0.0,542.61590347912,1074.9789541942969,2952.0601414882376,489.46434613104594,259.41610344945434,1535.684220277567,1272304.0755097177,6573.538026862609,1077.3533173171984,122454167.64273037
8704,8705.0,30.0,494.0,5865196.374937951,0.0,543.3506000000001,1077.312823263787,2958.46931055021,490.52701409640133,259.9793174710927,1539.0183189482673,1272304.0755097177,6573.538026862609,1077.3533173171984,122454167.64273037
8705,8706.0,30.0,494.0,4907125.5857769,4842.4047603285935,543.3506000000001,1077.3533173171984,2961.166235759866,490.97417596676985,260.21631326238804,1539.0761675959975,1272304.0755097177,6573.538026862609,1077.3533173171984,122454167.64273037
8706,8707.0,30.0,494.0,3942571.597438597,13057.419222436845,543.3506000000001,1077.3533173171984,2962.967124420214,491.27277109977683,260.3745686828817,1539.0761675959977,1272304.0755097177,6573.538026862609,1077.3533173171984,122454167.64273037
8707,8708.0,30.0,494.0,2965025.7471396094,28030.899450421333,543.3506000000001,1077.3533173171984,2966.575974964849,491.8711341369281,260.6917010925719,1539.0761675959977,1272304.0755097177,6573.538026862609,1077.3533173171984,122454167.64273037
8708,8709.0,30.0,494.0,1987479.8968406217,43004.379678402096,542.99492,1077.3533173171984,2966.5759749648487,491.8711341369281,260.6917010925719,1539.0761675959977,1272304.0755097177,6573.538026862609,1077.3533173171984,122454167.64273037
8709,8710.0,30.0,494.0,1010252.6043392391,56170.74981415948,542.99492,1077.3533173171984,2966.4874866877362,491.8564623976609,260.6069047500332,1539.0761675959977,1272304.0755097177,6573.538026862609,1077.3533173171984,122454167.64273037
8710,8711.0,30.0,494.0,61490.41514500789,56170.74981415948,541.5993072836878,1077.3533173171984,2958.5805135468604,490.545452034463,259.9890895782654,1539.0761675959977,1272304.0755097177,6573.538026862609,1077.3533173171984,122454167.64273037
8711,8712.0,30.0,494.0,20465.56615467742,0.0,492.46127358479987,996.4564282428146,2706.431252379111,448.7380133883521,237.83114709582662,1423.509183204021,1272304.0755097177,6573.538026862609,1077.3533173171984,122454167.64273037
8712,8713.0,30.0,494.0,0.0,8919.51334813127,492.46127358479987,981.7203862085133,2700.720340480318,447.7911194822728,237.32929332560462,1402.4576945835906,1272304.0755097177,6573.538026862609,1077.3533173171984,122454167.64273037
8713,8714.0,30.0,494.0,0.0,7192.682957839842,492.46127358479987,981.7203862085133,2695.0354609929077,446.8485418626529,236.82972718720603,1402.4576945835906,1272304.0755097177,6573.538026862609,1077.3533173171984,122454167.64273037
8714,8715.0,30.0,494.0,5830.180962849408,2432.9479257417843,492.46127358479987,981.7203862085133,2693.4159662810052,446.5800226312579,236.6874119945667,1402.4576945835906,1272304.0755097177,6573.538026862609,1077.3533173171984,122454167.64273037
8715,8716.0,30.0,494.0,14572.607748286799,19173.07596091088,492.46127358479987,977.245279291166,2692.607009108064,446.4458940313229,236.61632383660114,1396.0646847016658,1272304.0755097177,6573.538026862609,1077.3533173171984,122454167.64273037
8716,8717.0,30.0,494.0,32040.41555193253,31374.194184845313,492.46127358479987,977.245279291166,2690.183292158562,446.0440312727625,236.40333657456412,1396.0646847016658,1272304.0755097177,6573.538026862609,1077.3533173171984,122454167.64273037
8717,8718.0,30.0,494.0,55315.69876652956,40554.219368394464,492.46127358479987,977.245279291166,2688.5701045444084,445.77655778546756,236.2615756262978,1396.0646847016658,1272304.0755097177,6573.538026862609,1077.3533173171984,122454167.64273037
8718,8719.0,30.0,494.0,81491.8916257117,48225.16921061464,492.46127358479987,977.245279291166,2687.7642963098015,445.64295129313496,236.19076418536156,1396.0646847016658,1272304.0755097177,6573.538026862609,1077.3533173171984,122454167.64273037
8719,8720.0,30.0,494.0,113464.25682751462,52880.905954877846,492.46127358479987,977.245279291166,2686.154248436851,445.3759983885183,236.04927914591474,1396.0646847016658,1272304.0755097177,6573.538026862609,1077.3533173171984,122454167.64273037
8720,8721.0,30.0,494.0,148331.8883903008,56030.503037020564,492.46127358479987,977.245279291166,2685.350007781022,445.2426518075308,235.97860545799134,1396.0646847016658,1272304.0755097177,6573.538026862609,1077.3533173171984,122454167.64273037
8721,8722.0,30.0,494.0,188984.4221939724,56170.74981415948,492.46127358479987,977.245279291166,2683.743090491888,444.976217967258,235.83739552264674,1396.0646847016658,1272304.0755097177,6573.538026862609,1077.3533173171984,122454167.64273037
8722,8723.0,30.0,494.0,238300.26050394028,51804.27945542242,492.46127358479987,977.2452792911661,2681.3366170179165,444.57721425155955,235.6259235533266,1396.064684701666,1272304.0755097177,6573.538026862609,1077.3533173171984,122454167.64273037
8723,8724.0,30.0,494.0,293382.2904634308,44438.19218413566,492.46127358479987,977.2452792911661,2679.7348971152715,444.3116421604578,235.48517034504263,1396.064684701666,1272304.0755097177,6573.538026862609,1077.3533173171984,122454167.64273037
8724,8725.0,30.0,494.0,354223.05324492045,34076.368139314065,492.46127358479987,977.2452792911661,2678.1352491091607,444.04641359876723,235.34459920734668,1396.064684701666,1272304.0755097177,6573.538026862609,1077.3533173171984,122454167.64273037
8725,8726.0,30.0,494.0,417940.3898982778,22218.12840790205,492.46127358479987,977.245279291166,2677.3362008114195,443.91392793321984,235.27438180460655,1396.0646847016658,1272304.0755097177,6573.538026862609,1077.3533173171984,122454167.64273037
8726,8727.0,30.0,494.0,484532.4411373809,8864.440204731442,492.46127358479987,977.245279291166,2676.537668982046,443.7815279003627,235.20420978719227,1396.0646847016658,1272304.0755097177,6573.538026862609,1077.3533173171984,122454167.64273037
8727,8728.0,30.0,494.0,542494.7689564861,0.0,492.46127358479987,977.245279291166,2678.934814376489,444.17898498010936,235.41486203945797,1396.0646847016656,1272304.0755097177,6573.538026862609,1077.3533173171984,122454167.64273037
8728,8729.0,30.0,494.0,546999.084714789,0.0,493.3355200129581,980.9289954079157,2693.784262171157,446.64108768359966,236.71977647230784,1401.3271362970227,1272304.0755097177,6573.538026862609,1077.3533173171984,122454167.64273037
8729,8730.0,30.0,494.0,519390.8334259242,0.0,493.3355200129581,984.1772292294148,2702.704419684258,448.1200884001415,237.503646852075,1405.9674703277356,1272304.0755097177,6573.538026862609,1077.3533173171984,122454167.64273037
8730,8731.0,30.0,494.0,450577.397470098,0.0,493.3355200129581,988.345194819328,2714.1503043139705,450.0178656023869,238.50946876926508,1411.9217068847543,1272304.0755097177,6573.538026862609,1077.3533173171984,122454167.64273037
8731,8732.0,30.0,494.0,352099.5769528281,6673.151004841551,493.3355200129581,990.0482342087292,2722.3904111365937,451.38411097161304,239.2335788149549,1414.3546202981847,1272304.0755097177,6573.538026862609,1077.3533173171984,122454167.64273037
8732,8733.0,30.0,494.0,235729.36473489366,22654.06075469777,493.3355200129581,990.0482342087292,2727.3605199423355,452.20817651913137,239.67033355513962,1414.3546202981847,1272304.0755097177,6573.538026862609,1077.3533173171984,122454167.64273037
8733,8734.0,30.0,494.0,116370.21221793948,40189.84006430326,493.3355200129581,990.0482342087292,2728.190781136506,452.3458374179766,239.7432938315276,1414.3546202981847,1272304.0755097177,6573.538026862609,1077.3533173171984,122454167.64273037
8734,8735.0,30.0,494.0,0.0,56170.74981415948,493.3355200129581,990.0482342087292,2727.3605199423355,452.20817651913137,239.67033355513965,1414.3546202981847,1272304.0755097177,6573.538026862609,1077.3533173171984,122454167.64273037
8735,8736.0,30.0,494.0,0.0,11614.986851328293,487.65095056079997,990.0482342087292,2695.0354609929077,446.8485418626529,236.82972718720603,1414.3546202981847,1272304.0755097177,6573.538026862609,1077.3533173171984,122454167.64273037
8736,8737.0,30.0,494.0,423861.3474152273,26009.474255917594,465.9541017096723,935.7114810977891,2577.296197822011,427.32686252693276,226.48323713927437,1336.7306872825561,1272304.0755097177,6573.538026862609,1077.3533173171984,122454167.64273037
8737,8738.0,30.0,494.0,867264.6385098156,30238.09338425286,465.9541017096723,935.7114810977891,2571.8678801332994,426.42682396377614,226.00621670080136,1336.7306872825561,1272304.0755097177,6573.538026862609,1077.3533173171984,122454167.64273037
8738,8739.0,30.0,494.0,1319015.6811394375,30124.148441158235,465.9541017096723,935.7114810977891,2569.54906026246,426.042353594787,225.80244740523713,1336.7306872825561,1272304.0755097177,6573.538026862609,1077.3533173171984,122454167.64273037
8739,8740.0,30.0,494.0,1784643.3319769856,22791.485980619676,465.9541017096723,935.7114810977891,2565.6944468713664,425.4032420141847,225.4637182675179,1336.7306872825561,1272304.0755097177,6573.538026862609,1077.3533173171984,122454167.64273037
8740,8741.0,30.0,494.0,2261339.7172346376,9700.783381093293,465.9541017096723,935.7114810977891,2562.6197984213377,424.893451996012,225.19352955788636,1336.7306872825561,1272304.0755097177,6573.538026862609,1077.3533173171984,122454167.64273037
8741,8742.0,30.0,494.0,2749076.0240676813,28827.026648880914,465.9541017096723,928.3303705030165,2559.5531535392847,424.38498900404414,224.9240441721434,1326.186243575738,1272304.0755097177,6573.538026862609,1077.3533173171984,122454167.64273037
8742,8743.0,30.0,494.0,3247823.5519885514,42225.14865216799,465.9541017096723,928.3303705030165,2556.4944810148886,423.87784786347515,224.65525936764183,1326.186243575738,1272304.0755097177,6573.538026862609,1077.3533173171984,122454167.64273037
8743,8744.0,30.0,494.0,3754810.7282910384,51336.94266964123,465.9541017096722,928.3303705030165,2554.205689797776,423.4983563752192,224.4541288788662,1326.186243575738,1272304.0755097177,6573.538026862609,1077.3533173171984,122454167.64273037
8744,8745.0,30.0,494.0,4270021.518775847,56170.74981415948,465.9541017096722,928.3303705030165,2551.9213525249056,423.11960337019246,224.253389786202,1326.186243575738,1272304.0755097177,6573.538026862609,1077.3533173171984,122454167.64273037
8745,8746.0,30.0,494.0,4796172.266872592,55313.507498322986,465.9541017096722,928.3303705030165,2548.8824754104785,422.61574439425857,223.98634452895706,1326.186243575738,1272304.0755097177,6573.538026862609,1077.3533173171984,122454167.64273037
8746,8747.0,30.0,494.0,5333234.660773924,48779.94374043122,465.9541017096722,928.3303705030165,2545.8514626869824,422.1131893683731,223.71999036523778,1326.186243575738,1272304.0755097177,6573.538026862609,1077.3533173171984,122454167.64273037
8747,8748.0,30.0,494.0,5878462.275454743,37998.76980349375,465.9541017096722,928.3303705030165,2543.5833458037914,421.737125774147,223.5206766602979,1326.186243575738,1272304.0755097177,6573.538026862609,1077.3533173171984,122454167.64273037
8748,8749.0,30.0,494.0,6429124.580293192,24390.428560622036,465.9541017096722,928.3303705030165,2542.0737096488942,421.48682156690273,223.38801543045847,1326.186243575738,1272304.0755097177,6573.538026862609,1077.3533173171984,122454167.64273037
8749,8750.0,30.0,494.0,6977070.417953065,12195.214280311018,465.95410170967193,928.3303705030165,2542.8282838651653,421.61193323728634,223.45432461576178,1326.186243575738,1272304.0755097177,6573.538026862609,1077.3533173171984,122454167.64273037
8750,8751.0,30.0,494.0,7525016.255612936,0.0,465.95410170967193,928.3303705030165,2542.8282838651653,421.61193323728634,223.45432461576178,1326.186243575738,1272304.0755097177,6573.538026862609,1077.3533173171984,122454167.64273037
8751,8752.0,30.0,494.0,7558620.115515502,11636.276251434349,494.12844000000007,975.722924054162,2685.701055464417,445.3008570325527,236.00945422725295,1393.8898915059458,1272304.0755097177,6573.538026862609,1077.3533173171984,122454167.64273037
8752,8753.0,30.0,494.0,6677660.794646412,0.0,543.52844,1072.757565817435,2939.7463834565438,487.42267176313817,258.3340160344632,1532.5108083106215,1272304.0755097177,6573.538026862609,1077.3533173171984,122454167.64273037
8753,8754.0,30.0,494.0,5774332.951093016,0.0,543.52844,1072.757565817435,2945.959861979962,488.4528933903747,258.8800334968986,1532.5108083106218,1272304.0755097177,6573.538026862609,1077.3533173171984,122454167.64273037
8754,8755.0,30.0,494.0,4842095.7051378675,0.0,543.52844,1075.6817947805944,2953.9902515360045,489.7843667292764,259.5857143665165,1536.6882782579921,1272304.0755097177,6573.538026862609,1077.3533173171984,122454167.64273037
8755,8756.0,30.0,494.0,3884018.55631171,4845.713106664075,543.52844,1077.3533173171984,2961.168002333507,490.97446887232417,260.21646850233185,1539.0761675959977,1272304.0755097177,6573.538026862609,1077.3533173171984,122454167.64273037
8756,8757.0,30.0,494.0,2912970.761041783,16438.85550535284,543.52844,1077.3533173171984,2964.7709596789987,491.5718547915555,260.53308303952446,1539.0761675959977,1272304.0755097177,6573.538026862609,1077.3533173171984,122454167.64273037
8757,8758.0,30.0,494.0,1935424.910742795,31412.335733335465,543.52844,1077.3533173171984,2966.575974964849,491.8711341369281,260.6917010925719,1539.0761675959977,1272304.0755097177,6573.538026862609,1077.3533173171984,122454167.64273037
8758,8759.0,30.0,494.0,957879.0604438074,46385.81596131809,543.52844,1077.3533173171984,2966.575974964849,491.8711341369281,260.6917010925719,1539.0761675959977,1272304.0755097177,6573.538026862609,1077.3533173171984,122454167.64273037
8759,8760.0,30.0,494.0,0.0,0.0,543.52844,1077.3533173171984,2961.112977782854,490.9653455637141,257.8124941643267,1539.0761675959977,1272304.0755097177,6573.538026862609,1077.3533173171984,122454167.64273037
